 zone T = "ep =    1.00000000000000      ",
   1.30102999566398       3.346533081112830E-002
   1.35102999566398       3.345232730711013E-002
   1.40102999566398       3.343975831881159E-002
   1.45102999566398       3.343353319487776E-002
   1.50102999566398       3.342852261438740E-002
   1.55102999566398       3.342538206099728E-002
   1.60102999566398       3.342350130568512E-002
   1.65102999566398       3.342234816084462E-002
   1.70102999566398       3.342160160989513E-002
   1.75102999566398       3.342115771649364E-002
   1.80102999566398       3.342087516003932E-002
   1.85102999566398       3.342068584022807E-002
   1.90102999566398       3.342057457096497E-002
   1.95102999566398       3.342050561540284E-002
   2.00102999566398       3.342046089327064E-002
   2.05102999566398       3.342043486903051E-002
   2.10102999566398       3.342041756286747E-002
   2.15102999566398       3.342040705523611E-002
   2.20102999566398       3.342040049319974E-002
   2.25102999566398       3.342039633459737E-002
   2.30102999566398       3.342039366492505E-002
   2.35102999566398       3.342039207530320E-002
   2.40102999566398       3.342039105497237E-002
   2.45102999566398       3.342039041644603E-002
   2.50102999566398       3.342039001204038E-002
   2.55102999566398       3.342038975734238E-002
   2.60102999566398       3.342038960010454E-002
   2.65102999566398       3.342038950002103E-002
   2.70102999566398       3.342038943691424E-002
   2.75102999566398       3.342038939730204E-002
   2.80102999566398       3.342038937230059E-002
   2.85102999566398       3.342038935653568E-002
   2.90102999566398       3.342038934665428E-002
   2.95102999566398       3.342038934044771E-002
   3.00102999566398       3.342038933651394E-002
   3.05102999566398       3.342038933403096E-002
   3.10102999566398       3.342038933247302E-002
   3.15102999566398       3.342038933148940E-002
   3.20102999566398       3.342038933087169E-002
   3.25102999566398       3.342038933048024E-002
   3.30102999566398       3.342038933023540E-002
   3.35102999566398       3.342038933007897E-002
   3.40102999566398       3.342038932997986E-002
   3.45102999566398       3.342038932991574E-002
   3.50102999566398       3.342038932988110E-002
   3.55102999566398       3.342038932985771E-002
   3.60102999566398       3.342038932984056E-002
   3.65102999566398       3.342038932982824E-002
   3.70102999566398       3.342038932982414E-002
   3.75102999566398       3.342038932982074E-002
   3.80102999566398       3.342038932981842E-002
   3.85102999566398       3.342038932981520E-002
   3.90102999566398       3.342038932981145E-002
   3.95102999566398       3.342038932981949E-002
   4.00102999566398       3.342038932981681E-002
   4.05102999566398       3.342038932981396E-002
   4.10102999566398       3.342038932981038E-002
   4.15102999566398       3.342038932981074E-002
   4.20102999566398       3.342038932980752E-002
   4.25102999566398       3.342038932980484E-002
   4.30102999566398       3.342038932982021E-002
   4.35102999566398       3.342038932982699E-002
   4.40102999566398       3.342038932981735E-002
   4.45102999566398       3.342038932982949E-002
   4.50102999566398       3.342038932981038E-002
   4.55102999566398       3.342038932982181E-002
   4.60102999566398       3.342038932982931E-002
   4.65102999566398       3.342038932979449E-002
   4.70102999566398       3.342038932982699E-002
   4.75102999566398       3.342038932983056E-002
   4.80102999566398       3.342038932979431E-002
 zone T = "ep =   0.794328234724281      ",
   1.30102999566398       4.802983311315337E-002
   1.35102999566398       4.800497299935957E-002
   1.40102999566398       4.798449725744545E-002
   1.45102999566398       4.797280697460490E-002
   1.50102999566398       4.796425313013326E-002
   1.55102999566398       4.795878054364814E-002
   1.60102999566398       4.795538860148063E-002
   1.65102999566398       4.795326937252761E-002
   1.70102999566398       4.795190972800834E-002
   1.75102999566398       4.795107818626704E-002
   1.80102999566398       4.795055096082945E-002
   1.85102999566398       4.795020743896241E-002
   1.90102999566398       4.794999952454577E-002
   1.95102999566398       4.794987010563732E-002
   2.00102999566398       4.794978732690303E-002
   2.05102999566398       4.794973762937432E-002
   2.10102999566398       4.794970534862252E-002
   2.15102999566398       4.794968548668635E-002
   2.20102999566398       4.794967305414571E-002
   2.25102999566398       4.794966520491364E-002
   2.30102999566398       4.794966020468867E-002
   2.35102999566398       4.794965716480149E-002
   2.40102999566398       4.794965522890398E-002
   2.45102999566398       4.794965401463024E-002
   2.50102999566398       4.794965324728782E-002
   2.55102999566398       4.794965276399261E-002
   2.60102999566398       4.794965246343014E-002
   2.65102999566398       4.794965227284380E-002
   2.70102999566398       4.794965215268862E-002
   2.75102999566398       4.794965207715281E-002
   2.80102999566398       4.794965202950092E-002
   2.85102999566398       4.794965199945301E-002
   2.90102999566398       4.794965198058068E-002
   2.95102999566398       4.794965196870876E-002
   3.00102999566398       4.794965196119869E-002
   3.05102999566398       4.794965195646052E-002
   3.10102999566398       4.794965195348205E-002
   3.15102999566398       4.794965195160129E-002
   3.20102999566398       4.794965195041982E-002
   3.25102999566398       4.794965194967028E-002
   3.30102999566398       4.794965194919897E-002
   3.35102999566398       4.794965194890088E-002
   3.40102999566398       4.794965194871281E-002
   3.45102999566398       4.794965194859536E-002
   3.50102999566398       4.794965194852162E-002
   3.55102999566398       4.794965194847430E-002
   3.60102999566398       4.794965194844684E-002
   3.65102999566398       4.794965194842594E-002
   3.70102999566398       4.794965194841316E-002
   3.75102999566398       4.794965194840452E-002
   3.80102999566398       4.794965194840228E-002
   3.85102999566398       4.794965194839797E-002
   3.90102999566398       4.794965194839313E-002
   3.95102999566398       4.794965194839658E-002
   4.00102999566398       4.794965194839469E-002
   4.05102999566398       4.794965194839158E-002
   4.10102999566398       4.794965194839019E-002
   4.15102999566398       4.794965194839382E-002
   4.20102999566398       4.794965194838933E-002
   4.25102999566398       4.794965194838777E-002
   4.30102999566398       4.794965194839779E-002
   4.35102999566398       4.794965194840159E-002
   4.40102999566398       4.794965194839520E-002
   4.45102999566398       4.794965194840850E-002
   4.50102999566398       4.794965194838691E-002
   4.55102999566398       4.794965194839883E-002
   4.60102999566398       4.794965194840901E-002
   4.65102999566398       4.794965194837448E-002
   4.70102999566398       4.794965194840124E-002
   4.75102999566398       4.794965194841402E-002
   4.80102999566398       4.794965194837171E-002
 zone T = "ep =   0.630957344480193      ",
   1.30102999566398       5.296448056751596E-002
   1.35102999566398       5.292316637286084E-002
   1.40102999566398       5.289223694942322E-002
   1.45102999566398       5.287283408281772E-002
   1.50102999566398       5.285936745416184E-002
   1.55102999566398       5.285060989893111E-002
   1.60102999566398       5.284503812737337E-002
   1.65102999566398       5.284150048305046E-002
   1.70102999566398       5.283923574691686E-002
   1.75102999566398       5.283782254513877E-002
   1.80102999566398       5.283692709216902E-002
   1.85102999566398       5.283635284370768E-002
   1.90102999566398       5.283599832040446E-002
   1.95102999566398       5.283577672605391E-002
   2.00102999566398       5.283563613231938E-002
   2.05102999566398       5.283554998829576E-002
   2.10102999566398       5.283549483770523E-002
   2.15102999566398       5.283546060052140E-002
   2.20102999566398       5.283543913186949E-002
   2.25102999566398       5.283542560527686E-002
   2.30102999566398       5.283541702927184E-002
   2.35102999566398       5.283541174452313E-002
   2.40102999566398       5.283540839493649E-002
   2.45102999566398       5.283540629050753E-002
   2.50102999566398       5.283540496226074E-002
   2.55102999566398       5.283540412552340E-002
   2.60102999566398       5.283540360263015E-002
   2.65102999566398       5.283540327180243E-002
   2.70102999566398       5.283540306321862E-002
   2.75102999566398       5.283540293195005E-002
   2.80102999566398       5.283540284914950E-002
   2.85102999566398       5.283540279693378E-002
   2.90102999566398       5.283540276409038E-002
   2.95102999566398       5.283540274340952E-002
   3.00102999566398       5.283540273033804E-002
   3.05102999566398       5.283540272209364E-002
   3.10102999566398       5.283540271690496E-002
   3.15102999566398       5.283540271362944E-002
   3.20102999566398       5.283540271156668E-002
   3.25102999566398       5.283540271026334E-002
   3.30102999566398       5.283540270944090E-002
   3.35102999566398       5.283540270892217E-002
   3.40102999566398       5.283540270859608E-002
   3.45102999566398       5.283540270838732E-002
   3.50102999566398       5.283540270825966E-002
   3.55102999566398       5.283540270817633E-002
   3.60102999566398       5.283540270812501E-002
   3.65102999566398       5.283540270809418E-002
   3.70102999566398       5.283540270807369E-002
   3.75102999566398       5.283540270805926E-002
   3.80102999566398       5.283540270804961E-002
   3.85102999566398       5.283540270804842E-002
   3.90102999566398       5.283540270804056E-002
   3.95102999566398       5.283540270804252E-002
   4.00102999566398       5.283540270803860E-002
   4.05102999566398       5.283540270803706E-002
   4.10102999566398       5.283540270803629E-002
   4.15102999566398       5.283540270803416E-002
   4.20102999566398       5.283540270803527E-002
   4.25102999566398       5.283540270803296E-002
   4.30102999566398       5.283540270803868E-002
   4.35102999566398       5.283540270804150E-002
   4.40102999566398       5.283540270804338E-002
   4.45102999566398       5.283540270804542E-002
   4.50102999566398       5.283540270803305E-002
   4.55102999566398       5.283540270804355E-002
   4.60102999566398       5.283540270804278E-002
   4.65102999566398       5.283540270802749E-002
   4.70102999566398       5.283540270804201E-002
   4.75102999566398       5.283540270804508E-002
   4.80102999566398       5.283540270803211E-002
 zone T = "ep =   0.501187233627272      ",
   1.30102999566398       4.889685343732217E-002
   1.35102999566398       4.883443645479339E-002
   1.40102999566398       4.879033860964607E-002
   1.45102999566398       4.876079903467035E-002
   1.50102999566398       4.874084812050997E-002
   1.55102999566398       4.872767895647901E-002
   1.60102999566398       4.871911145929752E-002
   1.65102999566398       4.871358511734716E-002
   1.70102999566398       4.871003569822657E-002
   1.75102999566398       4.870778373167179E-002
   1.80102999566398       4.870635327016883E-002
   1.85102999566398       4.870544297826491E-002
   1.90102999566398       4.870487255315462E-002
   1.95102999566398       4.870451434573378E-002
   2.00102999566398       4.870428801916936E-002
   2.05102999566398       4.870414730604108E-002
   2.10102999566398       4.870405802707693E-002
   2.15102999566398       4.870400223033728E-002
   2.20102999566398       4.870396718281024E-002
   2.25102999566398       4.870394511952449E-002
   2.30102999566398       4.870393117233017E-002
   2.35102999566398       4.870392249423040E-002
   2.40102999566398       4.870391700973127E-002
   2.45102999566398       4.870391355919768E-002
   2.50102999566398       4.870391138254133E-002
   2.55102999566398       4.870391001079690E-002
   2.60102999566398       4.870390915047305E-002
   2.65102999566398       4.870390860685835E-002
   2.70102999566398       4.870390826402912E-002
   2.75102999566398       4.870390804806501E-002
   2.80102999566398       4.870390791183146E-002
   2.85102999566398       4.870390782589414E-002
   2.90102999566398       4.870390777177731E-002
   2.95102999566398       4.870390773767486E-002
   3.00102999566398       4.870390771613066E-002
   3.05102999566398       4.870390770254106E-002
   3.10102999566398       4.870390769397985E-002
   3.15102999566398       4.870390768857339E-002
   3.20102999566398       4.870390768516666E-002
   3.25102999566398       4.870390768301660E-002
   3.30102999566398       4.870390768165848E-002
   3.35102999566398       4.870390768080248E-002
   3.40102999566398       4.870390768026423E-002
   3.45102999566398       4.870390767992339E-002
   3.50102999566398       4.870390767970840E-002
   3.55102999566398       4.870390767957211E-002
   3.60102999566398       4.870390767948694E-002
   3.65102999566398       4.870390767943281E-002
   3.70102999566398       4.870390767940273E-002
   3.75102999566398       4.870390767937557E-002
   3.80102999566398       4.870390767936195E-002
   3.85102999566398       4.870390767935747E-002
   3.90102999566398       4.870390767935264E-002
   3.95102999566398       4.870390767934971E-002
   4.00102999566398       4.870390767934204E-002
   4.05102999566398       4.870390767934523E-002
   4.10102999566398       4.870390767934290E-002
   4.15102999566398       4.870390767933566E-002
   4.20102999566398       4.870390767934143E-002
   4.25102999566398       4.870390767934169E-002
   4.30102999566398       4.870390767934282E-002
   4.35102999566398       4.870390767934152E-002
   4.40102999566398       4.870390767934368E-002
   4.45102999566398       4.870390767934350E-002
   4.50102999566398       4.870390767934290E-002
   4.55102999566398       4.870390767933928E-002
   4.60102999566398       4.870390767933488E-002
   4.65102999566398       4.870390767934118E-002
   4.70102999566398       4.870390767934463E-002
   4.75102999566398       4.870390767933962E-002
   4.80102999566398       4.870390767933686E-002
 zone T = "ep =   0.398107170553497      ",
   1.30102999566398       3.650533614570985E-002
   1.35102999566398       3.641706980854499E-002
   1.40102999566398       3.635658334528993E-002
   1.45102999566398       3.631421185346999E-002
   1.50102999566398       3.628586309937890E-002
   1.55102999566398       3.626687041467743E-002
   1.60102999566398       3.625426019051790E-002
   1.65102999566398       3.624599039188971E-002
   1.70102999566398       3.624063479496206E-002
   1.75102999566398       3.623718442962803E-002
   1.80102999566398       3.623497984786693E-002
   1.85102999566398       3.623357807504721E-002
   1.90102999566398       3.623268901278622E-002
   1.95102999566398       3.623212757721551E-002
   2.00102999566398       3.623177311092114E-002
   2.05102999566398       3.623155033726402E-002
   2.10102999566398       3.623140966124049E-002
   2.15102999566398       3.623132127588722E-002
   2.20102999566398       3.623126565740717E-002
   2.25102999566398       3.623123064096571E-002
   2.30102999566398       3.623120854012072E-002
   2.35102999566398       3.623119469272896E-002
   2.40102999566398       3.623118595474304E-002
   2.45102999566398       3.623118045035673E-002
   2.50102999566398       3.623117697831009E-002
   2.55102999566398       3.623117478897205E-002
   2.60102999566398       3.623117341206770E-002
   2.65102999566398       3.623117254257565E-002
   2.70102999566398       3.623117199400108E-002
   2.75102999566398       3.623117164811613E-002
   2.80102999566398       3.623117142986169E-002
   2.85102999566398       3.623117129213327E-002
   2.90102999566398       3.623117120531379E-002
   2.95102999566398       3.623117115056095E-002
   3.00102999566398       3.623117111598084E-002
   3.05102999566398       3.623117109416033E-002
   3.10102999566398       3.623117108040289E-002
   3.15102999566398       3.623117107171501E-002
   3.20102999566398       3.623117106623708E-002
   3.25102999566398       3.623117106278068E-002
   3.30102999566398       3.623117106059743E-002
   3.35102999566398       3.623117105922050E-002
   3.40102999566398       3.623117105835012E-002
   3.45102999566398       3.623117105780443E-002
   3.50102999566398       3.623117105745553E-002
   3.55102999566398       3.623117105723720E-002
   3.60102999566398       3.623117105710164E-002
   3.65102999566398       3.623117105701328E-002
   3.70102999566398       3.623117105695819E-002
   3.75102999566398       3.623117105692723E-002
   3.80102999566398       3.623117105690576E-002
   3.85102999566398       3.623117105688767E-002
   3.90102999566398       3.623117105687968E-002
   3.95102999566398       3.623117105687232E-002
   4.00102999566398       3.623117105686850E-002
   4.05102999566398       3.623117105686992E-002
   4.10102999566398       3.623117105687108E-002
   4.15102999566398       3.623117105686540E-002
   4.20102999566398       3.623117105686965E-002
   4.25102999566398       3.623117105687152E-002
   4.30102999566398       3.623117105685883E-002
   4.35102999566398       3.623117105686735E-002
   4.40102999566398       3.623117105686123E-002
   4.45102999566398       3.623117105686025E-002
   4.50102999566398       3.623117105686904E-002
   4.55102999566398       3.623117105685981E-002
   4.60102999566398       3.623117105686283E-002
   4.65102999566398       3.623117105687001E-002
   4.70102999566398       3.623117105686167E-002
   4.75102999566398       3.623117105685857E-002
   4.80102999566398       3.623117105686407E-002
 zone T = "ep =   0.316227766016838      ",
   1.30102999566398       1.633049500809261E-002
   1.35102999566398       1.621204998003485E-002
   1.40102999566398       1.613116131279132E-002
   1.45102999566398       1.607287643826051E-002
   1.50102999566398       1.603376115031848E-002
   1.55102999566398       1.600715025806805E-002
   1.60102999566398       1.598913660206316E-002
   1.65102999566398       1.597711052849737E-002
   1.70102999566398       1.596921987266117E-002
   1.75102999566398       1.596405638735668E-002
   1.80102999566398       1.596072500198277E-002
   1.85102999566398       1.595859490860531E-002
   1.90102999566398       1.595722916999356E-002
   1.95102999566398       1.595636061970862E-002
   2.00102999566398       1.595581083472532E-002
   2.05102999566398       1.595546242740852E-002
   2.10102999566398       1.595524263540184E-002
   2.15102999566398       1.595510393252704E-002
   2.20102999566398       1.595501647034928E-002
   2.25102999566398       1.595496135565565E-002
   2.30102999566398       1.595492658417845E-002
   2.35102999566398       1.595490469348013E-002
   2.40102999566398       1.595489088694748E-002
   2.45102999566398       1.595488217991981E-002
   2.50102999566398       1.595487668615118E-002
   2.55102999566398       1.595487321974430E-002
   2.60102999566398       1.595487103516657E-002
   2.65102999566398       1.595486965580096E-002
   2.70102999566398       1.595486878508484E-002
   2.75102999566398       1.595486823562579E-002
   2.80102999566398       1.595486788876556E-002
   2.85102999566398       1.595486766977973E-002
   2.90102999566398       1.595486753161454E-002
   2.95102999566398       1.595486744441974E-002
   3.00102999566398       1.595486738934848E-002
   3.05102999566398       1.595486735458421E-002
   3.10102999566398       1.595486733264866E-002
   3.15102999566398       1.595486731879743E-002
   3.20102999566398       1.595486731005945E-002
   3.25102999566398       1.595486730454103E-002
   3.30102999566398       1.595486730105664E-002
   3.35102999566398       1.595486729886003E-002
   3.40102999566398       1.595486729747529E-002
   3.45102999566398       1.595486729659836E-002
   3.50102999566398       1.595486729604593E-002
   3.55102999566398       1.595486729569493E-002
   3.60102999566398       1.595486729547482E-002
   3.65102999566398       1.595486729533669E-002
   3.70102999566398       1.595486729525015E-002
   3.75102999566398       1.595486729519651E-002
   3.80102999566398       1.595486729515599E-002
   3.85102999566398       1.595486729513795E-002
   3.90102999566398       1.595486729512652E-002
   3.95102999566398       1.595486729511379E-002
   4.00102999566398       1.595486729510374E-002
   4.05102999566398       1.595486729510421E-002
   4.10102999566398       1.595486729510579E-002
   4.15102999566398       1.595486729510393E-002
   4.20102999566398       1.595486729510579E-002
   4.25102999566398       1.595486729510579E-002
   4.30102999566398       1.595486729509640E-002
   4.35102999566398       1.595486729509148E-002
   4.40102999566398       1.595486729509752E-002
   4.45102999566398       1.595486729508664E-002
   4.50102999566398       1.595486729510914E-002
   4.55102999566398       1.595486729509566E-002
   4.60102999566398       1.595486729508460E-002
   4.65102999566398       1.595486729511025E-002
   4.70102999566398       1.595486729509306E-002
   4.75102999566398       1.595486729508199E-002
   4.80102999566398       1.595486729511964E-002
 zone T = "ep =   0.251188643150958      ",
   1.30102999566398      -1.134946440634762E-002
   1.35102999566398      -1.149783971257289E-002
   1.40102999566398      -1.160377145653027E-002
   1.45102999566398      -1.168131050153939E-002
   1.50102999566398      -1.173393272461403E-002
   1.55102999566398      -1.177029192026403E-002
   1.60102999566398      -1.179536940986099E-002
   1.65102999566398      -1.181243801070720E-002
   1.70102999566398      -1.182383490837878E-002
   1.75102999566398      -1.183142345361871E-002
   1.80102999566398      -1.183638925474684E-002
   1.85102999566398      -1.183960183011422E-002
   1.90102999566398      -1.184168577361036E-002
   1.95102999566398      -1.184302358739307E-002
   2.00102999566398      -1.184387567157547E-002
   2.05102999566398      -1.184441968281264E-002
   2.10102999566398      -1.184476373942716E-002
   2.15102999566398      -1.184498179258979E-002
   2.20102999566398      -1.184511965333392E-002
   2.25102999566398      -1.184520667942851E-002
   2.30102999566398      -1.184526161755077E-002
   2.35102999566398      -1.184529631524134E-002
   2.40102999566398      -1.184531820570473E-002
   2.45102999566398      -1.184533202474904E-002
   2.50102999566398      -1.184534074846521E-002
   2.55102999566398      -1.184534625656481E-002
   2.60102999566398      -1.184534973299097E-002
   2.65102999566398      -1.184535192851935E-002
   2.70102999566398      -1.184535331520828E-002
   2.75102999566398      -1.184535419091647E-002
   2.80102999566398      -1.184535474401186E-002
   2.85102999566398      -1.184535509338074E-002
   2.90102999566398      -1.184535531397711E-002
   2.95102999566398      -1.184535545328236E-002
   3.00102999566398      -1.184535554128636E-002
   3.05102999566398      -1.184535559686354E-002
   3.10102999566398      -1.184535563195137E-002
   3.15102999566398      -1.184535565411737E-002
   3.20102999566398      -1.184535566810581E-002
   3.25102999566398      -1.184535567694169E-002
   3.30102999566398      -1.184535568252285E-002
   3.35102999566398      -1.184535568604166E-002
   3.40102999566398      -1.184535568826396E-002
   3.45102999566398      -1.184535568966770E-002
   3.50102999566398      -1.184535569055563E-002
   3.55102999566398      -1.184535569111950E-002
   3.60102999566398      -1.184535569146774E-002
   3.65102999566398      -1.184535569168863E-002
   3.70102999566398      -1.184535569183173E-002
   3.75102999566398      -1.184535569191666E-002
   3.80102999566398      -1.184535569197641E-002
   3.85102999566398      -1.184535569201229E-002
   3.90102999566398      -1.184535569202804E-002
   3.95102999566398      -1.184535569205401E-002
   4.00102999566398      -1.184535569205877E-002
   4.05102999566398      -1.184535569205946E-002
   4.10102999566398      -1.184535569206273E-002
   4.15102999566398      -1.184535569206739E-002
   4.20102999566398      -1.184535569206402E-002
   4.25102999566398      -1.184535569205916E-002
   4.30102999566398      -1.184535569208176E-002
   4.35102999566398      -1.184535569207888E-002
   4.40102999566398      -1.184535569207601E-002
   4.45102999566398      -1.184535569209068E-002
   4.50102999566398      -1.184535569206263E-002
   4.55102999566398      -1.184535569208156E-002
   4.60102999566398      -1.184535569208770E-002
   4.65102999566398      -1.184535569206005E-002
   4.70102999566398      -1.184535569208622E-002
   4.75102999566398      -1.184535569208740E-002
   4.80102999566398      -1.184535569204489E-002
 zone T = "ep =   0.199526231496888      ",
   1.30102999566398      -4.653497512258758E-002
   1.35102999566398      -4.669360205060409E-002
   1.40102999566398      -4.682939730569972E-002
   1.45102999566398      -4.692926366837310E-002
   1.50102999566398      -4.699828379372250E-002
   1.55102999566398      -4.704668998728837E-002
   1.60102999566398      -4.708067450730333E-002
   1.65102999566398      -4.710427857470851E-002
   1.70102999566398      -4.712037205275007E-002
   1.75102999566398      -4.713130455381797E-002
   1.80102999566398      -4.713859491667882E-002
   1.85102999566398      -4.714339519794363E-002
   1.90102999566398      -4.714655506918788E-002
   1.95102999566398      -4.714861028315252E-002
   2.00102999566398      -4.714993308750755E-002
   2.05102999566398      -4.715078503080396E-002
   2.10102999566398      -4.715132720660428E-002
   2.15102999566398      -4.715167267375547E-002
   2.20102999566398      -4.715189194339313E-002
   2.25102999566398      -4.715203076743310E-002
   2.30102999566398      -4.715211856018411E-002
   2.35102999566398      -4.715217414406853E-002
   2.40102999566398      -4.715220924666420E-002
   2.45102999566398      -4.715223142913830E-002
   2.50102999566398      -4.715224544237326E-002
   2.55102999566398      -4.715225429627259E-002
   2.60102999566398      -4.715225989031976E-002
   2.65102999566398      -4.715226342464432E-002
   2.70102999566398      -4.715226565812207E-002
   2.75102999566398      -4.715226706949697E-002
   2.80102999566398      -4.715226796138083E-002
   2.85102999566398      -4.715226852504018E-002
   2.90102999566398      -4.715226888117881E-002
   2.95102999566398      -4.715226910621280E-002
   3.00102999566398      -4.715226924842235E-002
   3.05102999566398      -4.715226933827624E-002
   3.10102999566398      -4.715226939503543E-002
   3.15102999566398      -4.715226943090019E-002
   3.20102999566398      -4.715226945354879E-002
   3.25102999566398      -4.715226946785707E-002
   3.30102999566398      -4.715226947689544E-002
   3.35102999566398      -4.715226948260027E-002
   3.40102999566398      -4.715226948620491E-002
   3.45102999566398      -4.715226948848052E-002
   3.50102999566398      -4.715226948992080E-002
   3.55102999566398      -4.715226949082718E-002
   3.60102999566398      -4.715226949140108E-002
   3.65102999566398      -4.715226949175624E-002
   3.70102999566398      -4.715226949198992E-002
   3.75102999566398      -4.715226949213127E-002
   3.80102999566398      -4.715226949222339E-002
   3.85102999566398      -4.715226949228123E-002
   3.90102999566398      -4.715226949230734E-002
   3.95102999566398      -4.715226949234260E-002
   4.00102999566398      -4.715226949235765E-002
   4.05102999566398      -4.715226949235733E-002
   4.10102999566398      -4.715226949236550E-002
   4.15102999566398      -4.715226949236969E-002
   4.20102999566398      -4.715226949236744E-002
   4.25102999566398      -4.715226949235712E-002
   4.30102999566398      -4.715226949239431E-002
   4.35102999566398      -4.715226949238872E-002
   4.40102999566398      -4.715226949238398E-002
   4.45102999566398      -4.715226949240172E-002
   4.50102999566398      -4.715226949236744E-002
   4.55102999566398      -4.715226949238883E-002
   4.60102999566398      -4.715226949239398E-002
   4.65102999566398      -4.715226949234465E-002
   4.70102999566398      -4.715226949240312E-002
   4.75102999566398      -4.715226949241409E-002
   4.80102999566398      -4.715226949234250E-002
 zone T = "ep =   0.158489319246111      ",
   1.30102999566398      -8.938535843922568E-002
   1.35102999566398      -8.948610568342411E-002
   1.40102999566398      -8.965682896905076E-002
   1.45102999566398      -8.977986372399431E-002
   1.50102999566398      -8.986802265926068E-002
   1.55102999566398      -8.993073999372969E-002
   1.60102999566398      -8.997549152498634E-002
   1.65102999566398      -9.000719877298954E-002
   1.70102999566398      -9.002930689932756E-002
   1.75102999566398      -9.004466263651732E-002
   1.80102999566398      -9.005513954424466E-002
   1.85102999566398      -9.006219680236946E-002
   1.90102999566398      -9.006693233330583E-002
   1.95102999566398      -9.007006818017942E-002
   2.00102999566398      -9.007211842095961E-002
   2.05102999566398      -9.007345522741586E-002
   2.10102999566398      -9.007431510721682E-002
   2.15102999566398      -9.007486747438330E-002
   2.20102999566398      -9.007522029142140E-002
   2.25102999566398      -9.007544477209578E-002
   2.30102999566398      -9.007558722611352E-002
   2.35102999566398      -9.007567766746359E-002
   2.40102999566398      -9.007573489273767E-002
   2.45102999566398      -9.007577110539659E-002
   2.50102999566398      -9.007579400504861E-002
   2.55102999566398      -9.007580848512241E-002
   2.60102999566398      -9.007581764166149E-002
   2.65102999566398      -9.007582342972022E-002
   2.70102999566398      -9.007582708928767E-002
   2.75102999566398      -9.007582940309648E-002
   2.80102999566398      -9.007583086597507E-002
   2.85102999566398      -9.007583179093709E-002
   2.90102999566398      -9.007583237569580E-002
   2.95102999566398      -9.007583274538430E-002
   3.00102999566398      -9.007583297910296E-002
   3.05102999566398      -9.007583312684636E-002
   3.10102999566398      -9.007583322022429E-002
   3.15102999566398      -9.007583327924737E-002
   3.20102999566398      -9.007583331654138E-002
   3.25102999566398      -9.007583334010882E-002
   3.30102999566398      -9.007583335500254E-002
   3.35102999566398      -9.007583336440471E-002
   3.40102999566398      -9.007583337034550E-002
   3.45102999566398      -9.007583337410152E-002
   3.50102999566398      -9.007583337647601E-002
   3.55102999566398      -9.007583337797324E-002
   3.60102999566398      -9.007583337891766E-002
   3.65102999566398      -9.007583337950881E-002
   3.70102999566398      -9.007583337988899E-002
   3.75102999566398      -9.007583338012345E-002
   3.80102999566398      -9.007583338028199E-002
   3.85102999566398      -9.007583338037228E-002
   3.90102999566398      -9.007583338042498E-002
   3.95102999566398      -9.007583338047458E-002
   4.00102999566398      -9.007583338049985E-002
   4.05102999566398      -9.007583338050590E-002
   4.10102999566398      -9.007583338051266E-002
   4.15102999566398      -9.007583338052108E-002
   4.20102999566398      -9.007583338051658E-002
   4.25102999566398      -9.007583338051171E-002
   4.30102999566398      -9.007583338054898E-002
   4.35102999566398      -9.007583338055383E-002
   4.40102999566398      -9.007583338053876E-002
   4.45102999566398      -9.007583338057021E-002
   4.50102999566398      -9.007583338051812E-002
   4.55102999566398      -9.007583338055881E-002
   4.60102999566398      -9.007583338056381E-002
   4.65102999566398      -9.007583338050994E-002
   4.70102999566398      -9.007583338055503E-002
   4.75102999566398      -9.007583338057722E-002
   4.80102999566398      -9.007583338049890E-002
 zone T = "ep =   0.125892541179417      ",
   1.30102999566398      -0.139920965648189     
   1.35102999566398      -0.139833086974301     
   1.40102999566398      -0.140044407168671     
   1.45102999566398      -0.140183929976349     
   1.50102999566398      -0.140293108511753     
   1.55102999566398      -0.140372083196094     
   1.60102999566398      -0.140429269430055     
   1.65102999566398      -0.140470545957903     
   1.70102999566398      -0.140499964188494     
   1.75102999566398      -0.140520868745065     
   1.80102999566398      -0.140535492154716     
   1.85102999566398      -0.140545603420855     
   1.90102999566398      -0.140552550194465     
   1.95102999566398      -0.140557257666964     
   2.00102999566398      -0.140560401913622     
   2.05102999566398      -0.140562488585288     
   2.10102999566398      -0.140563852683732     
   2.15102999566398      -0.140564740122310     
   2.20102999566398      -0.140565312850539     
   2.25102999566398      -0.140565680271047     
   2.30102999566398      -0.140565914887624     
   2.35102999566398      -0.140566064505343     
   2.40102999566398      -0.140566159503449     
   2.45102999566398      -0.140566219762618     
   2.50102999566398      -0.140566257934476     
   2.55102999566398      -0.140566282101042     
   2.60102999566398      -0.140566297397476     
   2.65102999566398      -0.140566307073272     
   2.70102999566398      -0.140566313194203     
   2.75102999566398      -0.140566317066170     
   2.80102999566398      -0.140566319515277     
   2.85102999566398      -0.140566321064481     
   2.90102999566398      -0.140566322044358     
   2.95102999566398      -0.140566322664131     
   3.00102999566398      -0.140566323056121     
   3.05102999566398      -0.140566323304021     
   3.10102999566398      -0.140566323460779     
   3.15102999566398      -0.140566323559903     
   3.20102999566398      -0.140566323622569     
   3.25102999566398      -0.140566323662179     
   3.30102999566398      -0.140566323687223     
   3.35102999566398      -0.140566323703044     
   3.40102999566398      -0.140566323713043     
   3.45102999566398      -0.140566323719359     
   3.50102999566398      -0.140566323723360     
   3.55102999566398      -0.140566323725882     
   3.60102999566398      -0.140566323727472     
   3.65102999566398      -0.140566323728473     
   3.70102999566398      -0.140566323729112     
   3.75102999566398      -0.140566323729510     
   3.80102999566398      -0.140566323729767     
   3.85102999566398      -0.140566323729926     
   3.90102999566398      -0.140566323730018     
   3.95102999566398      -0.140566323730102     
   4.00102999566398      -0.140566323730137     
   4.05102999566398      -0.140566323730154     
   4.10102999566398      -0.140566323730172     
   4.15102999566398      -0.140566323730173     
   4.20102999566398      -0.140566323730181     
   4.25102999566398      -0.140566323730169     
   4.30102999566398      -0.140566323730217     
   4.35102999566398      -0.140566323730218     
   4.40102999566398      -0.140566323730206     
   4.45102999566398      -0.140566323730233     
   4.50102999566398      -0.140566323730177     
   4.55102999566398      -0.140566323730221     
   4.60102999566398      -0.140566323730224     
   4.65102999566398      -0.140566323730153     
   4.70102999566398      -0.140566323730225     
   4.75102999566398      -0.140566323730254     
   4.80102999566398      -0.140566323730159     
 zone T = "ep =   0.100000000000000      ",
   1.30102999566398      -0.197509414690773     
   1.35102999566398      -0.197094978076723     
   1.40102999566398      -0.197348519544014     
   1.45102999566398      -0.197486049481216     
   1.50102999566398      -0.197615088356664     
   1.55102999566398      -0.197711449092323     
   1.60102999566398      -0.197782164143261     
   1.65102999566398      -0.197834106717211     
   1.70102999566398      -0.197871891095583     
   1.75102999566398      -0.197899335359592     
   1.80102999566398      -0.197919017945147     
   1.85102999566398      -0.197933001610727     
   1.90102999566398      -0.197942864469918     
   1.95102999566398      -0.197949730112380     
   2.00102999566398      -0.197954437988123     
   2.05102999566398      -0.197957636404348     
   2.10102999566398      -0.197959774218837     
   2.15102999566398      -0.197961191157725     
   2.20102999566398      -0.197962120277203     
   2.25102999566398      -0.197962724250364     
   2.30102999566398      -0.197963113990318     
   2.35102999566398      -0.197963364481722     
   2.40102999566398      -0.197963524524639     
   2.45102999566398      -0.197963626497093     
   2.50102999566398      -0.197963691304107     
   2.55102999566398      -0.197963732427289     
   2.60102999566398      -0.197963758498187     
   2.65102999566398      -0.197963775008266     
   2.70102999566398      -0.197963785460781     
   2.75102999566398      -0.197963792076739     
   2.80102999566398      -0.197963796263491     
   2.85102999566398      -0.197963798912926     
   2.90102999566398      -0.197963800589393     
   2.95102999566398      -0.197963801650180     
   3.00102999566398      -0.197963802321353     
   3.05102999566398      -0.197963802745992     
   3.10102999566398      -0.197963803014621     
   3.15102999566398      -0.197963803184557     
   3.20102999566398      -0.197963803292034     
   3.25102999566398      -0.197963803360005     
   3.30102999566398      -0.197963803402991     
   3.35102999566398      -0.197963803430159     
   3.40102999566398      -0.197963803447336     
   3.45102999566398      -0.197963803458193     
   3.50102999566398      -0.197963803465066     
   3.55102999566398      -0.197963803469403     
   3.60102999566398      -0.197963803472143     
   3.65102999566398      -0.197963803473866     
   3.70102999566398      -0.197963803474967     
   3.75102999566398      -0.197963803475654     
   3.80102999566398      -0.197963803476094     
   3.85102999566398      -0.197963803476364     
   3.90102999566398      -0.197963803476533     
   3.95102999566398      -0.197963803476658     
   4.00102999566398      -0.197963803476727     
   4.05102999566398      -0.197963803476751     
   4.10102999566398      -0.197963803476779     
   4.15102999566398      -0.197963803476804     
   4.20102999566398      -0.197963803476805     
   4.25102999566398      -0.197963803476791     
   4.30102999566398      -0.197963803476860     
   4.35102999566398      -0.197963803476864     
   4.40102999566398      -0.197963803476850     
   4.45102999566398      -0.197963803476875     
   4.50102999566398      -0.197963803476786     
   4.55102999566398      -0.197963803476867     
   4.60102999566398      -0.197963803476875     
   4.65102999566398      -0.197963803476780     
   4.70102999566398      -0.197963803476866     
   4.75102999566398      -0.197963803476888     
   4.80102999566398      -0.197963803476762     
 zone T = "ep =   7.943282347242814E-002 ",
   1.30102999566398      -0.260208451096789     
   1.35102999566398      -0.259437741452954     
   1.40102999566398      -0.259718717097257     
   1.45102999566398      -0.259835900953540     
   1.50102999566398      -0.259976616709133     
   1.55102999566398      -0.260089982006192     
   1.60102999566398      -0.260174019059804     
   1.65102999566398      -0.260236840122168     
   1.70102999566398      -0.260283438179018     
   1.75102999566398      -0.260317987581611     
   1.80102999566398      -0.260343359111190     
   1.85102999566398      -0.260361863719112     
   1.90102999566398      -0.260375268469576     
   1.95102999566398      -0.260384868310234     
   2.00102999566398      -0.260391645535114     
   2.05102999566398      -0.260396379682278     
   2.10102999566398      -0.260399632082054     
   2.15102999566398      -0.260401841750278     
   2.20102999566398      -0.260403323327005     
   2.25102999566398      -0.260404305308541     
   2.30102999566398      -0.260404949412260     
   2.35102999566398      -0.260405368798094     
   2.40102999566398      -0.260405639614331     
   2.45102999566398      -0.260405813565122     
   2.50102999566398      -0.260405924794523     
   2.55102999566398      -0.260405995689565     
   2.60102999566398      -0.260406040776709     
   2.65102999566398      -0.260406069393798     
   2.70102999566398      -0.260406087538819     
   2.75102999566398      -0.260406099035743     
   2.80102999566398      -0.260406106316643     
   2.85102999566398      -0.260406110926493     
   2.90102999566398      -0.260406113844696     
   2.95102999566398      -0.260406115691871     
   3.00102999566398      -0.260406116860996     
   3.05102999566398      -0.260406117600937     
   3.10102999566398      -0.260406118069211     
   3.15102999566398      -0.260406118365544     
   3.20102999566398      -0.260406118553044     
   3.25102999566398      -0.260406118671669     
   3.30102999566398      -0.260406118746718     
   3.35102999566398      -0.260406118794180     
   3.40102999566398      -0.260406118824191     
   3.45102999566398      -0.260406118843176     
   3.50102999566398      -0.260406118855184     
   3.55102999566398      -0.260406118862772     
   3.60102999566398      -0.260406118867565     
   3.65102999566398      -0.260406118870585     
   3.70102999566398      -0.260406118872509     
   3.75102999566398      -0.260406118873710     
   3.80102999566398      -0.260406118874487     
   3.85102999566398      -0.260406118874958     
   3.90102999566398      -0.260406118875253     
   3.95102999566398      -0.260406118875474     
   4.00102999566398      -0.260406118875584     
   4.05102999566398      -0.260406118875655     
   4.10102999566398      -0.260406118875700     
   4.15102999566398      -0.260406118875728     
   4.20102999566398      -0.260406118875741     
   4.25102999566398      -0.260406118875731     
   4.30102999566398      -0.260406118875804     
   4.35102999566398      -0.260406118875826     
   4.40102999566398      -0.260406118875800     
   4.45102999566398      -0.260406118875836     
   4.50102999566398      -0.260406118875765     
   4.55102999566398      -0.260406118875828     
   4.60102999566398      -0.260406118875830     
   4.65102999566398      -0.260406118875730     
   4.70102999566398      -0.260406118875841     
   4.75102999566398      -0.260406118875866     
   4.80102999566398      -0.260406118875682     
 zone T = "ep =   6.309573444801933E-002 ",
   1.30102999566398      -0.324231903136486     
   1.35102999566398      -0.323251001798522     
   1.40102999566398      -0.323525291011144     
   1.45102999566398      -0.323630785703076     
   1.50102999566398      -0.323768082863658     
   1.55102999566398      -0.323895557744472     
   1.60102999566398      -0.323990735733636     
   1.65102999566398      -0.324062882311691     
   1.70102999566398      -0.324117525743543     
   1.75102999566398      -0.324158844489083     
   1.80102999566398      -0.324189873018533     
   1.85102999566398      -0.324213071159950     
   1.90102999566398      -0.324230315919303     
   1.95102999566398      -0.324243015941387     
   2.00102999566398      -0.324252250928099     
   2.05102999566398      -0.324258896796179     
   2.10102999566398      -0.324263604295567     
   2.15102999566398      -0.324266897764387     
   2.20102999566398      -0.324269168554220     
   2.25102999566398      -0.324270712834160     
   2.30102999566398      -0.324271749254149     
   2.35102999566398      -0.324272437370631     
   2.40102999566398      -0.324272889161278     
   2.45102999566398      -0.324273183272396     
   2.50102999566398      -0.324273373347411     
   2.55102999566398      -0.324273495489070     
   2.60102999566398      -0.324273573640125     
   2.65102999566398      -0.324273623465608     
   2.70102999566398      -0.324273655157659     
   2.75102999566398      -0.324273675281921     
   2.80102999566398      -0.324273688045425     
   2.85102999566398      -0.324273696134575     
   2.90102999566398      -0.324273701258824     
   2.95102999566398      -0.324273704503964     
   3.00102999566398      -0.324273706558676     
   3.05102999566398      -0.324273707859534     
   3.10102999566398      -0.324273708683050     
   3.15102999566398      -0.324273709204356     
   3.20102999566398      -0.324273709534318     
   3.25102999566398      -0.324273709743151     
   3.30102999566398      -0.324273709875316     
   3.35102999566398      -0.324273709958931     
   3.40102999566398      -0.324273710011837     
   3.45102999566398      -0.324273710045298     
   3.50102999566398      -0.324273710066479     
   3.55102999566398      -0.324273710079873     
   3.60102999566398      -0.324273710088332     
   3.65102999566398      -0.324273710093673     
   3.70102999566398      -0.324273710097060     
   3.75102999566398      -0.324273710099191     
   3.80102999566398      -0.324273710100551     
   3.85102999566398      -0.324273710101397     
   3.90102999566398      -0.324273710101921     
   3.95102999566398      -0.324273710102294     
   4.00102999566398      -0.324273710102506     
   4.05102999566398      -0.324273710102620     
   4.10102999566398      -0.324273710102706     
   4.15102999566398      -0.324273710102766     
   4.20102999566398      -0.324273710102785     
   4.25102999566398      -0.324273710102787     
   4.30102999566398      -0.324273710102880     
   4.35102999566398      -0.324273710102887     
   4.40102999566398      -0.324273710102860     
   4.45102999566398      -0.324273710102918     
   4.50102999566398      -0.324273710102811     
   4.55102999566398      -0.324273710102892     
   4.60102999566398      -0.324273710102899     
   4.65102999566398      -0.324273710102780     
   4.70102999566398      -0.324273710102911     
   4.75102999566398      -0.324273710102957     
   4.80102999566398      -0.324273710102753     
 zone T = "ep =   5.011872336272723E-002 ",
   1.30102999566398      -0.384049169189717     
   1.35102999566398      -0.383118501353569     
   1.40102999566398      -0.383357564074769     
   1.45102999566398      -0.383491478724480     
   1.50102999566398      -0.383615060173779     
   1.55102999566398      -0.383750077831841     
   1.60102999566398      -0.383852687058546     
   1.65102999566398      -0.383930113353297     
   1.70102999566398      -0.383990172085879     
   1.75102999566398      -0.384036467674008     
   1.80102999566398      -0.384071977940303     
   1.85102999566398      -0.384099159484551     
   1.90102999566398      -0.384119875761581     
   1.95102999566398      -0.384135549015181     
   2.00102999566398      -0.384147278138373     
   2.05102999566398      -0.384155973091555     
   2.10102999566398      -0.384162327507948     
   2.15102999566398      -0.384166915062217     
   2.20102999566398      -0.384170178881494     
   2.25102999566398      -0.384172467142736     
   2.30102999566398      -0.384174047663513     
   2.35102999566398      -0.384175124751092     
   2.40102999566398      -0.384175848637609     
   2.45102999566398      -0.384176329417100     
   2.50102999566398      -0.384176645386640     
   2.55102999566398      -0.384176851208268     
   2.60102999566398      -0.384176984317220     
   2.65102999566398      -0.384177069885083     
   2.70102999566398      -0.384177124646567     
   2.75102999566398      -0.384177159574830     
   2.80102999566398      -0.384177181797459     
   2.85102999566398      -0.384177195911982     
   2.90102999566398      -0.384177204866198     
   2.95102999566398      -0.384177210542326     
   3.00102999566398      -0.384177214138599     
   3.05102999566398      -0.384177216416474     
   3.10102999566398      -0.384177217859019     
   3.15102999566398      -0.384177218772460     
   3.20102999566398      -0.384177219350794     
   3.25102999566398      -0.384177219716933     
   3.30102999566398      -0.384177219948730     
   3.35102999566398      -0.384177220095433     
   3.40102999566398      -0.384177220188292     
   3.45102999566398      -0.384177220247045     
   3.50102999566398      -0.384177220284244     
   3.55102999566398      -0.384177220307762     
   3.60102999566398      -0.384177220322637     
   3.65102999566398      -0.384177220332034     
   3.70102999566398      -0.384177220337991     
   3.75102999566398      -0.384177220341741     
   3.80102999566398      -0.384177220344140     
   3.85102999566398      -0.384177220345631     
   3.90102999566398      -0.384177220346564     
   3.95102999566398      -0.384177220347201     
   4.00102999566398      -0.384177220347581     
   4.05102999566398      -0.384177220347790     
   4.10102999566398      -0.384177220347941     
   4.15102999566398      -0.384177220348038     
   4.20102999566398      -0.384177220348080     
   4.25102999566398      -0.384177220348096     
   4.30102999566398      -0.384177220348218     
   4.35102999566398      -0.384177220348242     
   4.40102999566398      -0.384177220348210     
   4.45102999566398      -0.384177220348286     
   4.50102999566398      -0.384177220348148     
   4.55102999566398      -0.384177220348240     
   4.60102999566398      -0.384177220348287     
   4.65102999566398      -0.384177220348115     
   4.70102999566398      -0.384177220348268     
