 zone T = "ep =    1.00000000000000      ",
   1.30102999566398      -0.547796985473893     
   1.35102999566398      -0.547897352587544     
   1.40102999566398      -0.547960381068799     
   1.45102999566398      -0.548001670715455     
   1.50102999566398      -0.548027500020983     
   1.55102999566398      -0.548043853142522     
   1.60102999566398      -0.548054193411750     
   1.65102999566398      -0.548060697683897     
   1.70102999566398      -0.548064763435349     
   1.75102999566398      -0.548067316660388     
   1.80102999566398      -0.548068911085149     
   1.85102999566398      -0.548069903495255     
   1.90102999566398      -0.548070526959188     
   1.95102999566398      -0.548070917512615     
   2.00102999566398      -0.548071161494568     
   2.05102999566398      -0.548071315190873     
   2.10102999566398      -0.548071411174378     
   2.15102999566398      -0.548071471552334     
   2.20102999566398      -0.548071509480439     
   2.25102999566398      -0.548071533299088     
   2.30102999566398      -0.548071548249013     
   2.35102999566398      -0.548071557689499     
   2.40102999566398      -0.548071563621409     
   2.45102999566398      -0.548071567356692     
   2.50102999566398      -0.548071569707636     
   2.55102999566398      -0.548071571188317     
   2.60102999566398      -0.548071572122511     
   2.65102999566398      -0.548071572710734     
   2.70102999566398      -0.548071573081427     
   2.75102999566398      -0.548071573315154     
   2.80102999566398      -0.548071573462484     
   2.85102999566398      -0.548071573555371     
   2.90102999566398      -0.548071573613963     
   2.95102999566398      -0.548071573650923     
   3.00102999566398      -0.548071573674217     
   3.05102999566398      -0.548071573688917     
   3.10102999566398      -0.548071573698193     
   3.15102999566398      -0.548071573704038     
   3.20102999566398      -0.548071573707724     
   3.25102999566398      -0.548071573710054     
   3.30102999566398      -0.548071573711515     
   3.35102999566398      -0.548071573712444     
   3.40102999566398      -0.548071573713027     
   3.45102999566398      -0.548071573713410     
   3.50102999566398      -0.548071573713629     
   3.55102999566398      -0.548071573713774     
   3.60102999566398      -0.548071573713867     
   3.65102999566398      -0.548071573713929     
   3.70102999566398      -0.548071573713961     
   3.75102999566398      -0.548071573713985     
   3.80102999566398      -0.548071573714003     
   3.85102999566398      -0.548071573714013     
   3.90102999566398      -0.548071573714023     
   3.95102999566398      -0.548071573714010     
   4.00102999566398      -0.548071573714019     
   4.05102999566398      -0.548071573714027     
   4.10102999566398      -0.548071573714028     
   4.15102999566398      -0.548071573714029     
   4.20102999566398      -0.548071573714038     
   4.25102999566398      -0.548071573714038     
   4.30102999566398      -0.548071573714028     
   4.35102999566398      -0.548071573714013     
   4.40102999566398      -0.548071573714014     
   4.45102999566398      -0.548071573714007     
   4.50102999566398      -0.548071573714008     
   4.55102999566398      -0.548071573714014     
   4.60102999566398      -0.548071573713988     
   4.65102999566398      -0.548071573714066     
   4.70102999566398      -0.548071573714005     
   4.75102999566398      -0.548071573714008     
   4.80102999566398      -0.548071573714038     
 zone T = "ep =   0.794328234724281      ",
   1.30102999566398      -0.496105178699388     
   1.35102999566398      -0.496225997562433     
   1.40102999566398      -0.496303386309681     
   1.45102999566398      -0.496354611667771     
   1.50102999566398      -0.496387157581807     
   1.55102999566398      -0.496407968132365     
   1.60102999566398      -0.496421227984277     
   1.65102999566398      -0.496429623858460     
   1.70102999566398      -0.496434904700616     
   1.75102999566398      -0.496438233198789     
   1.80102999566398      -0.496440319906757     
   1.85102999566398      -0.496441624068400     
   1.90102999566398      -0.496442444505608     
   1.95102999566398      -0.496442959431823     
   2.00102999566398      -0.496443281832653     
   2.05102999566398      -0.496443485017686     
   2.10102999566398      -0.496443612176051     
   2.15102999566398      -0.496443692224955     
   2.20102999566398      -0.496443742561564     
   2.25102999566398      -0.496443774208919     
   2.30102999566398      -0.496443794096135     
   2.35102999566398      -0.496443806657425     
   2.40102999566398      -0.496443814558709     
   2.45102999566398      -0.496443819537577     
   2.50102999566398      -0.496443822673675     
   2.55102999566398      -0.496443824650180     
   2.60102999566398      -0.496443825897717     
   2.65102999566398      -0.496443826683771     
   2.70102999566398      -0.496443827179396     
   2.75102999566398      -0.496443827492038     
   2.80102999566398      -0.496443827689200     
   2.85102999566398      -0.496443827813554     
   2.90102999566398      -0.496443827892025     
   2.95102999566398      -0.496443827941537     
   3.00102999566398      -0.496443827972754     
   3.05102999566398      -0.496443827992453     
   3.10102999566398      -0.496443828004887     
   3.15102999566398      -0.496443828012728     
   3.20102999566398      -0.496443828017669     
   3.25102999566398      -0.496443828020794     
   3.30102999566398      -0.496443828022766     
   3.35102999566398      -0.496443828024006     
   3.40102999566398      -0.496443828024792     
   3.45102999566398      -0.496443828025284     
   3.50102999566398      -0.496443828025599     
   3.55102999566398      -0.496443828025795     
   3.60102999566398      -0.496443828025916     
   3.65102999566398      -0.496443828025992     
   3.70102999566398      -0.496443828026055     
   3.75102999566398      -0.496443828026081     
   3.80102999566398      -0.496443828026096     
   3.85102999566398      -0.496443828026113     
   3.90102999566398      -0.496443828026121     
   3.95102999566398      -0.496443828026126     
   4.00102999566398      -0.496443828026131     
   4.05102999566398      -0.496443828026131     
   4.10102999566398      -0.496443828026138     
   4.15102999566398      -0.496443828026123     
   4.20102999566398      -0.496443828026143     
   4.25102999566398      -0.496443828026133     
   4.30102999566398      -0.496443828026135     
   4.35102999566398      -0.496443828026130     
   4.40102999566398      -0.496443828026133     
   4.45102999566398      -0.496443828026117     
   4.50102999566398      -0.496443828026142     
   4.55102999566398      -0.496443828026131     
   4.60102999566398      -0.496443828026115     
   4.65102999566398      -0.496443828026158     
   4.70102999566398      -0.496443828026133     
   4.75102999566398      -0.496443828026098     
   4.80102999566398      -0.496443828026148     
 zone T = "ep =   0.630957344480193      ",
   1.30102999566398      -0.465033357846871     
   1.35102999566398      -0.465186316633567     
   1.40102999566398      -0.465285396182029     
   1.45102999566398      -0.465352129721777     
   1.50102999566398      -0.465394995723558     
   1.55102999566398      -0.465422746936671     
   1.60102999566398      -0.465440614212061     
   1.65102999566398      -0.465452021639597     
   1.70102999566398      -0.465459244795805     
   1.75102999566398      -0.465463823713366     
   1.80102999566398      -0.465466707494265     
   1.85102999566398      -0.465468515944543     
   1.90102999566398      -0.465469657068572     
   1.95102999566398      -0.465470374839285     
   2.00102999566398      -0.465470825109957     
   2.05102999566398      -0.465471109316384     
   2.10102999566398      -0.465471287445622     
   2.15102999566398      -0.465471399711037     
   2.20102999566398      -0.465471470383272     
   2.25102999566398      -0.465471514859551     
   2.30102999566398      -0.465471542836264     
   2.35102999566398      -0.465471560519732     
   2.40102999566398      -0.465471571652402     
   2.45102999566398      -0.465471578672787     
   2.50102999566398      -0.465471583098007     
   2.55102999566398      -0.465471585888839     
   2.60102999566398      -0.465471587651349     
   2.65102999566398      -0.465471588762547     
   2.70102999566398      -0.465471589463569     
   2.75102999566398      -0.465471589905984     
   2.80102999566398      -0.465471590185118     
   2.85102999566398      -0.465471590361246     
   2.90102999566398      -0.465471590472423     
   2.95102999566398      -0.465471590542602     
   3.00102999566398      -0.465471590586868     
   3.05102999566398      -0.465471590614804     
   3.10102999566398      -0.465471590632437     
   3.15102999566398      -0.465471590643563     
   3.20102999566398      -0.465471590650583     
   3.25102999566398      -0.465471590655016     
   3.30102999566398      -0.465471590657808     
   3.35102999566398      -0.465471590659576     
   3.40102999566398      -0.465471590660687     
   3.45102999566398      -0.465471590661398     
   3.50102999566398      -0.465471590661834     
   3.55102999566398      -0.465471590662122     
   3.60102999566398      -0.465471590662296     
   3.65102999566398      -0.465471590662400     
   3.70102999566398      -0.465471590662471     
   3.75102999566398      -0.465471590662519     
   3.80102999566398      -0.465471590662553     
   3.85102999566398      -0.465471590662554     
   3.90102999566398      -0.465471590662572     
   3.95102999566398      -0.465471590662584     
   4.00102999566398      -0.465471590662590     
   4.05102999566398      -0.465471590662590     
   4.10102999566398      -0.465471590662589     
   4.15102999566398      -0.465471590662591     
   4.20102999566398      -0.465471590662590     
   4.25102999566398      -0.465471590662587     
   4.30102999566398      -0.465471590662604     
   4.35102999566398      -0.465471590662604     
   4.40102999566398      -0.465471590662578     
   4.45102999566398      -0.465471590662599     
   4.50102999566398      -0.465471590662582     
   4.55102999566398      -0.465471590662593     
   4.60102999566398      -0.465471590662604     
   4.65102999566398      -0.465471590662581     
   4.70102999566398      -0.465471590662595     
   4.75102999566398      -0.465471590662604     
   4.80102999566398      -0.465471590662569     
 zone T = "ep =   0.501187233627272      ",
   1.30102999566398      -0.448135738338314     
   1.35102999566398      -0.448333932235798     
   1.40102999566398      -0.448463328708826     
   1.45102999566398      -0.448552058189887     
   1.50102999566398      -0.448609648192684     
   1.55102999566398      -0.448647447891925     
   1.60102999566398      -0.448672079463539     
   1.65102999566398      -0.448687961212779     
   1.70102999566398      -0.448698098380202     
   1.75102999566398      -0.448704570772151     
   1.80102999566398      -0.448708670065116     
   1.85102999566398      -0.448711251247309     
   1.90102999566398      -0.448712886171436     
   1.95102999566398      -0.448713917233169     
   2.00102999566398      -0.448714565439463     
   2.05102999566398      -0.448714975303247     
   2.10102999566398      -0.448715232585093     
   2.15102999566398      -0.448715394927299     
   2.20102999566398      -0.448715497232924     
   2.25102999566398      -0.448715561676426     
   2.30102999566398      -0.448715602251894     
   2.35102999566398      -0.448715627914959     
   2.40102999566398      -0.448715644084157     
   2.45102999566398      -0.448715654287912     
   2.50102999566398      -0.448715660724217     
   2.55102999566398      -0.448715664785987     
   2.60102999566398      -0.448715667352464     
   2.65102999566398      -0.448715668971520     
   2.70102999566398      -0.448715669993482     
   2.75102999566398      -0.448715670638756     
   2.80102999566398      -0.448715671046064     
   2.85102999566398      -0.448715671303186     
   2.90102999566398      -0.448715671465549     
   2.95102999566398      -0.448715671568066     
   3.00102999566398      -0.448715671632762     
   3.05102999566398      -0.448715671673596     
   3.10102999566398      -0.448715671699378     
   3.15102999566398      -0.448715671715655     
   3.20102999566398      -0.448715671725931     
   3.25102999566398      -0.448715671732409     
   3.30102999566398      -0.448715671736504     
   3.35102999566398      -0.448715671739089     
   3.40102999566398      -0.448715671740712     
   3.45102999566398      -0.448715671741741     
   3.50102999566398      -0.448715671742396     
   3.55102999566398      -0.448715671742806     
   3.60102999566398      -0.448715671743063     
   3.65102999566398      -0.448715671743225     
   3.70102999566398      -0.448715671743322     
   3.75102999566398      -0.448715671743395     
   3.80102999566398      -0.448715671743444     
   3.85102999566398      -0.448715671743452     
   3.90102999566398      -0.448715671743466     
   3.95102999566398      -0.448715671743488     
   4.00102999566398      -0.448715671743503     
   4.05102999566398      -0.448715671743486     
   4.10102999566398      -0.448715671743494     
   4.15102999566398      -0.448715671743516     
   4.20102999566398      -0.448715671743492     
   4.25102999566398      -0.448715671743487     
   4.30102999566398      -0.448715671743519     
   4.35102999566398      -0.448715671743521     
   4.40102999566398      -0.448715671743502     
   4.45102999566398      -0.448715671743515     
   4.50102999566398      -0.448715671743485     
   4.55102999566398      -0.448715671743523     
   4.60102999566398      -0.448715671743541     
   4.65102999566398      -0.448715671743475     
   4.70102999566398      -0.448715671743496     
   4.75102999566398      -0.448715671743550     
   4.80102999566398      -0.448715671743470     
 zone T = "ep =   0.398107170553497      ",
   1.30102999566398      -0.440843914609070     
   1.35102999566398      -0.441100943795446     
   1.40102999566398      -0.441270099145312     
   1.45102999566398      -0.441387862427556     
   1.50102999566398      -0.441465248588297     
   1.55102999566398      -0.441516799810197     
   1.60102999566398      -0.441550851778834     
   1.65102999566398      -0.441573070808303     
   1.70102999566398      -0.441587400710815     
   1.75102999566398      -0.441596631612392     
   1.80102999566398      -0.441602521366765     
   1.85102999566398      -0.441606251727822     
   1.90102999566398      -0.441608625410791     
   1.95102999566398      -0.441610127546187     
   2.00102999566398      -0.441611074657175     
   2.05102999566398      -0.441611674634125     
   2.10102999566398      -0.441612052006420     
   2.15102999566398      -0.441612290404889     
   2.20102999566398      -0.441612440804133     
   2.25102999566398      -0.441612535633035     
   2.30102999566398      -0.441612595399355     
   2.35102999566398      -0.441612633214902     
   2.40102999566398      -0.441612657060417     
   2.45102999566398      -0.441612672118043     
   2.50102999566398      -0.441612681622499     
   2.55102999566398      -0.441612687624177     
   2.60102999566398      -0.441612691418032     
   2.65102999566398      -0.441612693812887     
   2.70102999566398      -0.441612695325360     
   2.75102999566398      -0.441612696280795     
   2.80102999566398      -0.441612696884177     
   2.85102999566398      -0.441612697265243     
   2.90102999566398      -0.441612697505963     
   2.95102999566398      -0.441612697658010     
   3.00102999566398      -0.441612697754000     
   3.05102999566398      -0.441612697814605     
   3.10102999566398      -0.441612697852882     
   3.15102999566398      -0.441612697877054     
   3.20102999566398      -0.441612697892316     
   3.25102999566398      -0.441612697901942     
   3.30102999566398      -0.441612697908025     
   3.35102999566398      -0.441612697911864     
   3.40102999566398      -0.441612697914293     
   3.45102999566398      -0.441612697915812     
   3.50102999566398      -0.441612697916792     
   3.55102999566398      -0.441612697917401     
   3.60102999566398      -0.441612697917782     
   3.65102999566398      -0.441612697918023     
   3.70102999566398      -0.441612697918179     
   3.75102999566398      -0.441612697918266     
   3.80102999566398      -0.441612697918326     
   3.85102999566398      -0.441612697918374     
   3.90102999566398      -0.441612697918392     
   3.95102999566398      -0.441612697918424     
   4.00102999566398      -0.441612697918435     
   4.05102999566398      -0.441612697918424     
   4.10102999566398      -0.441612697918419     
   4.15102999566398      -0.441612697918436     
   4.20102999566398      -0.441612697918423     
   4.25102999566398      -0.441612697918407     
   4.30102999566398      -0.441612697918472     
   4.35102999566398      -0.441612697918448     
   4.40102999566398      -0.441612697918451     
   4.45102999566398      -0.441612697918480     
   4.50102999566398      -0.441612697918411     
   4.55102999566398      -0.441612697918467     
   4.60102999566398      -0.441612697918461     
   4.65102999566398      -0.441612697918393     
   4.70102999566398      -0.441612697918467     
   4.75102999566398      -0.441612697918491     
   4.80102999566398      -0.441612697918400     
 zone T = "ep =   0.316227766016838      ",
   1.30102999566398      -0.439858835043613     
   1.35102999566398      -0.440187283295253     
   1.40102999566398      -0.440405303102377     
   1.45102999566398      -0.440558892754202     
   1.50102999566398      -0.440661303073324     
   1.55102999566398      -0.440730617759510     
   1.60102999566398      -0.440777121519347     
   1.65102999566398      -0.440807916824517     
   1.70102999566398      -0.440828051803781     
   1.75102999566398      -0.440841173553862     
   1.80102999566398      -0.440849631532825     
   1.85102999566398      -0.440855035024576     
   1.90102999566398      -0.440858494822726     
   1.95102999566398      -0.440860695369786     
   2.00102999566398      -0.440862088730128     
   2.05102999566398      -0.440862973571519     
   2.10102999566398      -0.440863531656506     
   2.15102999566398      -0.440863884731016     
   2.20102999566398      -0.440864107763966     
   2.25102999566398      -0.440864248544873     
   2.30102999566398      -0.440864337367362     
   2.35102999566398      -0.440864393581055     
   2.40102999566398      -0.440864429057481     
   2.45102999566398      -0.440864451472424     
   2.50102999566398      -0.440864465629937     
   2.55102999566398      -0.440864474574935     
   2.60102999566398      -0.440864480231374     
   2.65102999566398      -0.440864483804237     
   2.70102999566398      -0.440864486061887     
   2.75102999566398      -0.440864487488714     
   2.80102999566398      -0.440864488390246     
   2.85102999566398      -0.440864488959870     
   2.90102999566398      -0.440864489319845     
   2.95102999566398      -0.440864489547301     
   3.00102999566398      -0.440864489690960     
   3.05102999566398      -0.440864489781699     
   3.10102999566398      -0.440864489839029     
   3.15102999566398      -0.440864489875236     
   3.20102999566398      -0.440864489898099     
   3.25102999566398      -0.440864489912537     
   3.30102999566398      -0.440864489921657     
   3.35102999566398      -0.440864489927410     
   3.40102999566398      -0.440864489931040     
   3.45102999566398      -0.440864489933334     
   3.50102999566398      -0.440864489934786     
   3.55102999566398      -0.440864489935707     
   3.60102999566398      -0.440864489936286     
   3.65102999566398      -0.440864489936646     
   3.70102999566398      -0.440864489936875     
   3.75102999566398      -0.440864489937013     
   3.80102999566398      -0.440864489937120     
   3.85102999566398      -0.440864489937167     
   3.90102999566398      -0.440864489937193     
   3.95102999566398      -0.440864489937235     
   4.00102999566398      -0.440864489937263     
   4.05102999566398      -0.440864489937256     
   4.10102999566398      -0.440864489937247     
   4.15102999566398      -0.440864489937251     
   4.20102999566398      -0.440864489937246     
   4.25102999566398      -0.440864489937238     
   4.30102999566398      -0.440864489937290     
   4.35102999566398      -0.440864489937303     
   4.40102999566398      -0.440864489937282     
   4.45102999566398      -0.440864489937321     
   4.50102999566398      -0.440864489937227     
   4.55102999566398      -0.440864489937293     
   4.60102999566398      -0.440864489937328     
   4.65102999566398      -0.440864489937214     
   4.70102999566398      -0.440864489937298     
   4.75102999566398      -0.440864489937334     
   4.80102999566398      -0.440864489937188     
 zone T = "ep =   0.251188643150958      ",
   1.30102999566398      -0.442848831113375     
   1.35102999566398      -0.443258245360810     
   1.40102999566398      -0.443532196121300     
   1.45102999566398      -0.443726959836017     
   1.50102999566398      -0.443858832811747     
   1.55102999566398      -0.443949570767434     
   1.60102999566398      -0.444011517773744     
   1.65102999566398      -0.444053277855410     
   1.70102999566398      -0.444081065378597     
   1.75102999566398      -0.444099456371733     
   1.80102999566398      -0.444111479625486     
   1.85102999566398      -0.444119257605142     
   1.90102999566398      -0.444124284291328     
   1.95102999566398      -0.444127506502097     
   2.00102999566398      -0.444129560057258     
   2.05102999566398      -0.444130869464996     
   2.10102999566398      -0.444131698703690     
   2.15102999566398      -0.444132224545315     
   2.20102999566398      -0.444132557339141     
   2.25102999566398      -0.444132767717307     
   2.30102999566398      -0.444132900619933     
   2.35102999566398      -0.444132984757768     
   2.40102999566398      -0.444133037902873     
   2.45102999566398      -0.444133071499421     
   2.50102999566398      -0.444133092731975     
   2.55102999566398      -0.444133106154033     
   2.60102999566398      -0.444133114644182     
   2.65102999566398      -0.444133120010125     
   2.70102999566398      -0.444133123402498     
   2.75102999566398      -0.444133125547423     
   2.80102999566398      -0.444133126903352     
   2.85102999566398      -0.444133127760491     
   2.90102999566398      -0.444133128302373     
   2.95102999566398      -0.444133128644904     
   3.00102999566398      -0.444133128861345     
   3.05102999566398      -0.444133128998113     
   3.10102999566398      -0.444133129084543     
   3.15102999566398      -0.444133129139156     
   3.20102999566398      -0.444133129173653     
   3.25102999566398      -0.444133129195440     
   3.30102999566398      -0.444133129209210     
   3.35102999566398      -0.444133129217896     
   3.40102999566398      -0.444133129223382     
   3.45102999566398      -0.444133129226847     
   3.50102999566398      -0.444133129229044     
   3.55102999566398      -0.444133129230437     
   3.60102999566398      -0.444133129231296     
   3.65102999566398      -0.444133129231842     
   3.70102999566398      -0.444133129232197     
   3.75102999566398      -0.444133129232403     
   3.80102999566398      -0.444133129232556     
   3.85102999566398      -0.444133129232646     
   3.90102999566398      -0.444133129232677     
   3.95102999566398      -0.444133129232753     
   4.00102999566398      -0.444133129232760     
   4.05102999566398      -0.444133129232759     
   4.10102999566398      -0.444133129232767     
   4.15102999566398      -0.444133129232780     
   4.20102999566398      -0.444133129232767     
   4.25102999566398      -0.444133129232747     
   4.30102999566398      -0.444133129232825     
   4.35102999566398      -0.444133129232818     
   4.40102999566398      -0.444133129232804     
   4.45102999566398      -0.444133129232861     
   4.50102999566398      -0.444133129232763     
   4.55102999566398      -0.444133129232821     
   4.60102999566398      -0.444133129232840     
   4.65102999566398      -0.444133129232744     
   4.70102999566398      -0.444133129232839     
   4.75102999566398      -0.444133129232855     
   4.80102999566398      -0.444133129232697     
 zone T = "ep =   0.199526231496888      ",
   1.30102999566398      -0.448232559635990     
   1.35102999566398      -0.448727058104570     
   1.40102999566398      -0.449059966303876     
   1.45102999566398      -0.449298449825726     
   1.50102999566398      -0.449462281587325     
   1.55102999566398      -0.449576819307682     
   1.60102999566398      -0.449656447505720     
   1.65102999566398      -0.449711208117350     
   1.70102999566398      -0.449748413636259     
   1.75102999566398      -0.449773525410366     
   1.80102999566398      -0.449790253727674     
   1.85102999566398      -0.449801264595537     
   1.90102999566398      -0.449808480237691     
   1.95102999566398      -0.449813161565785     
   2.00102999566398      -0.449816175302453     
   2.05102999566398      -0.449818110660415     
   2.10102999566398      -0.449819344190692     
   2.15102999566398      -0.449820129675904     
   2.20102999566398      -0.449820628396482     
   2.25102999566398      -0.449820944434800     
   2.30102999566398      -0.449821144459095     
   2.35102999566398      -0.449821271186664     
   2.40102999566398      -0.449821351317261     
   2.45102999566398      -0.449821402005010     
   2.50102999566398      -0.449821434058159     
   2.55102999566398      -0.449821454330144     
   2.60102999566398      -0.449821467156850     
   2.65102999566398      -0.449821475267797     
   2.70102999566398      -0.449821480397847     
   2.75102999566398      -0.449821483642807     
   2.80102999566398      -0.449821485695069     
   2.85102999566398      -0.449821486992977     
   2.90102999566398      -0.449821487813843     
   2.95102999566398      -0.449821488332939     
   3.00102999566398      -0.449821488661106     
   3.05102999566398      -0.449821488868561     
   3.10102999566398      -0.449821488999708     
   3.15102999566398      -0.449821489082602     
   3.20102999566398      -0.449821489134985     
   3.25102999566398      -0.449821489168082     
   3.30102999566398      -0.449821489188997     
   3.35102999566398      -0.449821489202203     
   3.40102999566398      -0.449821489210551     
   3.45102999566398      -0.449821489215820     
   3.50102999566398      -0.449821489219160     
   3.55102999566398      -0.449821489221259     
   3.60102999566398      -0.449821489222587     
   3.65102999566398      -0.449821489223411     
   3.70102999566398      -0.449821489223955     
   3.75102999566398      -0.449821489224283     
   3.80102999566398      -0.449821489224497     
   3.85102999566398      -0.449821489224633     
   3.90102999566398      -0.449821489224685     
   3.95102999566398      -0.449821489224773     
   4.00102999566398      -0.449821489224811     
   4.05102999566398      -0.449821489224801     
   4.10102999566398      -0.449821489224824     
   4.15102999566398      -0.449821489224836     
   4.20102999566398      -0.449821489224829     
   4.25102999566398      -0.449821489224792     
   4.30102999566398      -0.449821489224904     
   4.35102999566398      -0.449821489224888     
   4.40102999566398      -0.449821489224873     
   4.45102999566398      -0.449821489224929     
   4.50102999566398      -0.449821489224815     
   4.55102999566398      -0.449821489224890     
   4.60102999566398      -0.449821489224901     
   4.65102999566398      -0.449821489224753     
   4.70102999566398      -0.449821489224925     
   4.75102999566398      -0.449821489224960     
   4.80102999566398      -0.449821489224747     
 zone T = "ep =   0.158489319246111      ",
   1.30102999566398      -0.454988373825209     
   1.35102999566398      -0.455564007447981     
   1.40102999566398      -0.455952884197618     
   1.45102999566398      -0.456233623099338     
   1.50102999566398      -0.456428965331964     
   1.55102999566398      -0.456567533953841     
   1.60102999566398      -0.456665563712205     
   1.65102999566398      -0.456734358901213     
   1.70102999566398      -0.456782158492835     
   1.75102999566398      -0.456815158441279     
   1.80102999566398      -0.456837649681970     
   1.85102999566398      -0.456852785533688     
   1.90102999566398      -0.456862898168666     
   1.95102999566398      -0.456869574417255     
   2.00102999566398      -0.456873938017392     
   2.05102999566398      -0.456876773493086     
   2.10102999566398      -0.456878599322494     
   2.15102999566398      -0.456879770664816     
   2.20102999566398      -0.456880518680770     
   2.25102999566398      -0.456880994766910     
   2.30102999566398      -0.456881297064236     
   2.35102999566398      -0.456881488940233     
   2.40102999566398      -0.456881610466467     
   2.45102999566398      -0.456881687418983     
   2.50102999566398      -0.456881736120043     
   2.55102999566398      -0.456881766938529     
   2.60102999566398      -0.456881786444745     
   2.65102999566398      -0.456881798785238     
   2.70102999566398      -0.456881806593427     
   2.75102999566398      -0.456881811534166     
   2.80102999566398      -0.456881814660180     
   2.85102999566398      -0.456881816637958     
   2.90102999566398      -0.456881817889290     
   2.95102999566398      -0.456881818680916     
   3.00102999566398      -0.456881819181598     
   3.05102999566398      -0.456881819498252     
   3.10102999566398      -0.456881819698512     
   3.15102999566398      -0.456881819825134     
   3.20102999566398      -0.456881819905183     
   3.25102999566398      -0.456881819955781     
   3.30102999566398      -0.456881819987766     
   3.35102999566398      -0.456881820007967     
   3.40102999566398      -0.456881820020733     
   3.45102999566398      -0.456881820028805     
   3.50102999566398      -0.456881820033912     
   3.55102999566398      -0.456881820037133     
   3.60102999566398      -0.456881820039162     
   3.65102999566398      -0.456881820040433     
   3.70102999566398      -0.456881820041253     
   3.75102999566398      -0.456881820041755     
   3.80102999566398      -0.456881820042101     
   3.85102999566398      -0.456881820042290     
   3.90102999566398      -0.456881820042400     
   3.95102999566398      -0.456881820042515     
   4.00102999566398      -0.456881820042568     
   4.05102999566398      -0.456881820042578     
   4.10102999566398      -0.456881820042593     
   4.15102999566398      -0.456881820042612     
   4.20102999566398      -0.456881820042601     
   4.25102999566398      -0.456881820042584     
   4.30102999566398      -0.456881820042679     
   4.35102999566398      -0.456881820042691     
   4.40102999566398      -0.456881820042655     
   4.45102999566398      -0.456881820042734     
   4.50102999566398      -0.456881820042600     
   4.55102999566398      -0.456881820042705     
   4.60102999566398      -0.456881820042716     
   4.65102999566398      -0.456881820042577     
   4.70102999566398      -0.456881820042694     
   4.75102999566398      -0.456881820042751     
   4.80102999566398      -0.456881820042548     
 zone T = "ep =   0.125892541179417      ",
   1.30102999566398      -0.462483229038458     
   1.35102999566398      -0.463125998819829     
   1.40102999566398      -0.463560769912437     
   1.45102999566398      -0.463877474056791     
   1.50102999566398      -0.464100274340015     
   1.55102999566398      -0.464260412315180     
   1.60102999566398      -0.464375527204164     
   1.65102999566398      -0.464457870426311     
   1.70102999566398      -0.464516353889905     
   1.75102999566398      -0.464557690310707     
   1.80102999566398      -0.464586577126241     
   1.85102999566398      -0.464606520952279     
   1.90102999566398      -0.464620171972287     
   1.95102999566398      -0.464629393495361     
   2.00102999566398      -0.464635548308571     
   2.05102999566398      -0.464639619421902     
   2.10102999566398      -0.464642282153116     
   2.15102999566398      -0.464644011695725     
   2.20102999566398      -0.464645127215768     
   2.25102999566398      -0.464645842728810     
   2.30102999566398      -0.464646299734024     
   2.35102999566398      -0.464646590959639     
   2.40102999566398      -0.464646775984274     
   2.45102999566398      -0.464646893387956     
   2.50102999566398      -0.464646967798586     
   2.55102999566398      -0.464647014932610     
   2.60102999566398      -0.464647044783107     
   2.65102999566398      -0.464647063678148     
   2.70102999566398      -0.464647075638345     
   2.75102999566398      -0.464647083208822     
   2.80102999566398      -0.464647088000309     
   2.85102999566398      -0.464647091032848     
   2.90102999566398      -0.464647092952162     
   2.95102999566398      -0.464647094166806     
   3.00102999566398      -0.464647094935367     
   3.05102999566398      -0.464647095421628     
   3.10102999566398      -0.464647095729271     
   3.15102999566398      -0.464647095923869     
   3.20102999566398      -0.464647096046947     
   3.25102999566398      -0.464647096124764     
   3.30102999566398      -0.464647096173978     
   3.35102999566398      -0.464647096205080     
   3.40102999566398      -0.464647096224740     
   3.45102999566398      -0.464647096237159     
   3.50102999566398      -0.464647096245031     
   3.55102999566398      -0.464647096249993     
   3.60102999566398      -0.464647096253119     
   3.65102999566398      -0.464647096255090     
   3.70102999566398      -0.464647096256350     
   3.75102999566398      -0.464647096257132     
   3.80102999566398      -0.464647096257638     
   3.85102999566398      -0.464647096257952     
   3.90102999566398      -0.464647096258132     
   3.95102999566398      -0.464647096258302     
   4.00102999566398      -0.464647096258369     
   4.05102999566398      -0.464647096258401     
   4.10102999566398      -0.464647096258434     
   4.15102999566398      -0.464647096258436     
   4.20102999566398      -0.464647096258452     
   4.25102999566398      -0.464647096258424     
   4.30102999566398      -0.464647096258534     
   4.35102999566398      -0.464647096258534     
   4.40102999566398      -0.464647096258505     
   4.45102999566398      -0.464647096258563     
   4.50102999566398      -0.464647096258437     
   4.55102999566398      -0.464647096258535     
   4.60102999566398      -0.464647096258549     
   4.65102999566398      -0.464647096258383     
   4.70102999566398      -0.464647096258546     
   4.75102999566398      -0.464647096258616     
   4.80102999566398      -0.464647096258387     
 zone T = "ep =   0.100000000000000      ",
   1.30102999566398      -0.470324198847797     
   1.35102999566398      -0.471011657097727     
   1.40102999566398      -0.471476591070116     
   1.45102999566398      -0.471818218569461     
   1.50102999566398      -0.472060734037503     
   1.55102999566398      -0.472237123809812     
   1.60102999566398      -0.472365789456335     
   1.65102999566398      -0.472459452221918     
   1.70102999566398      -0.472527348586101     
   1.75102999566398      -0.472576437376678     
   1.80102999566398      -0.472611609434489     
   1.85102999566398      -0.472636550047435     
   1.90102999566398      -0.472654087230535     
   1.95102999566398      -0.472666257994287     
   2.00102999566398      -0.472674595691253     
   2.05102999566398      -0.472680243523088     
   2.10102999566398      -0.472684018826766     
   2.15102999566398      -0.472686517080677     
   2.20102999566398      -0.472688153914100     
   2.25102999566398      -0.472689217382180     
   2.30102999566398      -0.472689903593864     
   2.35102999566398      -0.472690344216326     
   2.40102999566398      -0.472690625807810     
   2.45102999566398      -0.472690805237784     
   2.50102999566398      -0.472690919302711     
   2.55102999566398      -0.472690991703712     
   2.60102999566398      -0.472691037616810     
   2.65102999566398      -0.472691066707342     
   2.70102999566398      -0.472691085132750     
   2.75102999566398      -0.472691096800642     
   2.80102999566398      -0.472691104188096     
   2.85102999566398      -0.472691108865092     
   2.90102999566398      -0.472691111826036     
   2.95102999566398      -0.472691113700446     
   3.00102999566398      -0.472691114886886     
   3.05102999566398      -0.472691115637816     
   3.10102999566398      -0.472691116113068     
   3.15102999566398      -0.472691116413809     
   3.20102999566398      -0.472691116604087     
   3.25102999566398      -0.472691116724454     
   3.30102999566398      -0.472691116800597     
   3.35102999566398      -0.472691116848735     
   3.40102999566398      -0.472691116879177     
   3.45102999566398      -0.472691116898422     
   3.50102999566398      -0.472691116910609     
   3.55102999566398      -0.472691116918300     
   3.60102999566398      -0.472691116923158     
   3.65102999566398      -0.472691116926213     
   3.70102999566398      -0.472691116928167     
   3.75102999566398      -0.472691116929387     
   3.80102999566398      -0.472691116930168     
   3.85102999566398      -0.472691116930649     
   3.90102999566398      -0.472691116930945     
   3.95102999566398      -0.472691116931170     
   4.00102999566398      -0.472691116931292     
   4.05102999566398      -0.472691116931333     
   4.10102999566398      -0.472691116931382     
   4.15102999566398      -0.472691116931427     
   4.20102999566398      -0.472691116931426     
   4.25102999566398      -0.472691116931398     
   4.30102999566398      -0.472691116931534     
   4.35102999566398      -0.472691116931540     
   4.40102999566398      -0.472691116931515     
   4.45102999566398      -0.472691116931564     
   4.50102999566398      -0.472691116931389     
   4.55102999566398      -0.472691116931547     
   4.60102999566398      -0.472691116931564     
   4.65102999566398      -0.472691116931373     
   4.70102999566398      -0.472691116931542     
   4.75102999566398      -0.472691116931593     
   4.80102999566398      -0.472691116931346     
 zone T = "ep =   7.943282347242814E-002 ",
   1.30102999566398      -0.478238731589384     
   1.35102999566398      -0.478947004043508     
   1.40102999566398      -0.479425088262141     
   1.45102999566398      -0.479777679816074     
   1.50102999566398      -0.480029488641229     
   1.55102999566398      -0.480214398920214     
   1.60102999566398      -0.480351057717535     
   1.65102999566398      -0.480452144748308     
   1.70102999566398      -0.480526815996283     
   1.75102999566398      -0.480581959783818     
   1.80102999566398      -0.480622417201640     
   1.85102999566398      -0.480651859296708     
   1.90102999566398      -0.480673134751116     
   1.95102999566398      -0.480688327652285     
   2.00102999566398      -0.480699042055757     
   2.05102999566398      -0.480706507847242     
   2.10102999566398      -0.480711635946255     
   2.15102999566398      -0.480715114839854     
   2.20102999566398      -0.480717445430596     
   2.25102999566398      -0.480718989061609     
   2.30102999566398      -0.480720001305755     
   2.35102999566398      -0.480720659744449     
   2.40102999566398      -0.480721084914070     
   2.45102999566398      -0.480721357973871     
   2.50102999566398      -0.480721532584396     
   2.55102999566398      -0.480721643887340     
   2.60102999566398      -0.480721714677969     
   2.65102999566398      -0.480721759623650     
   2.70102999566398      -0.480721788130390     
   2.75102999566398      -0.480721806198431     
   2.80102999566398      -0.480721817645041     
   2.85102999566398      -0.480721824894948     
   2.90102999566398      -0.480721829486213     
   2.95102999566398      -0.480721832393500     
   3.00102999566398      -0.480721834234251     
   3.05102999566398      -0.480721835399662     
   3.10102999566398      -0.480721836137466     
   3.15102999566398      -0.480721836604501     
   3.20102999566398      -0.480721836900106     
   3.25102999566398      -0.480721837087172     
   3.30102999566398      -0.480721837205550     
   3.35102999566398      -0.480721837280433     
   3.40102999566398      -0.480721837327793     
   3.45102999566398      -0.480721837357760     
   3.50102999566398      -0.480721837376717     
   3.55102999566398      -0.480721837388699     
   3.60102999566398      -0.480721837396268     
   3.65102999566398      -0.480721837401036     
   3.70102999566398      -0.480721837404076     
   3.75102999566398      -0.480721837405974     
   3.80102999566398      -0.480721837407201     
   3.85102999566398      -0.480721837407944     
   3.90102999566398      -0.480721837408409     
   3.95102999566398      -0.480721837408762     
   4.00102999566398      -0.480721837408938     
   4.05102999566398      -0.480721837409046     
   4.10102999566398      -0.480721837409116     
   4.15102999566398      -0.480721837409160     
   4.20102999566398      -0.480721837409182     
   4.25102999566398      -0.480721837409161     
   4.30102999566398      -0.480721837409287     
   4.35102999566398      -0.480721837409323     
   4.40102999566398      -0.480721837409278     
   4.45102999566398      -0.480721837409340     
   4.50102999566398      -0.480721837409213     
   4.55102999566398      -0.480721837409326     
   4.60102999566398      -0.480721837409330     
   4.65102999566398      -0.480721837409158     
   4.70102999566398      -0.480721837409345     
   4.75102999566398      -0.480721837409393     
   4.80102999566398      -0.480721837409076     
 zone T = "ep =   6.309573444801933E-002 ",
   1.30102999566398      -0.485994684538073     
   1.35102999566398      -0.486706976354640     
   1.40102999566398      -0.487185006889560     
   1.45102999566398      -0.487535462274129     
   1.50102999566398      -0.487785816807323     
   1.55102999566398      -0.487970512163572     
   1.60102999566398      -0.488108360915806     
   1.65102999566398      -0.488211742083567     
   1.70102999566398      -0.488289425094922     
   1.75102999566398      -0.488347943266780     
   1.80102999566398      -0.488391844675844     
   1.85102999566398      -0.488424586899366     
   1.90102999566398      -0.488448878102321     
   1.95102999566398      -0.488466719286949     
   2.00102999566398      -0.488479678300868     
   2.05102999566398      -0.488488984561744     
   2.10102999566398      -0.488495574212312     
   2.15102999566398      -0.488500178554163     
   2.20102999566398      -0.488503350600464     
   2.25102999566398      -0.488505506205031     
   2.30102999566398      -0.488506952408049     
   2.35102999566398      -0.488507911713134     
   2.40102999566398      -0.488508541427530     
   2.45102999566398      -0.488508951265447     
   2.50102999566398      -0.488509216100712     
   2.55102999566398      -0.488509386272914     
   2.60102999566398      -0.488509495147698     
   2.65102999566398      -0.488509564571595     
   2.70102999566398      -0.488509608736197     
   2.75102999566398      -0.488509636785681     
   2.80102999566398      -0.488509654580051     
   2.85102999566398      -0.488509665860479     
   2.90102999566398      -0.488509673008356     
   2.95102999566398      -0.488509677536351     
   3.00102999566398      -0.488509680404171     
   3.05102999566398      -0.488509682220329     
   3.10102999566398      -0.488509683370407     
   3.15102999566398      -0.488509684098626     
   3.20102999566398      -0.488509684559681     
   3.25102999566398      -0.488509684851551     
   3.30102999566398      -0.488509685036310     
   3.35102999566398      -0.488509685153228     
   3.40102999566398      -0.488509685227219     
   3.45102999566398      -0.488509685274023     
   3.50102999566398      -0.488509685303659     
   3.55102999566398      -0.488509685322400     
   3.60102999566398      -0.488509685334238     
   3.65102999566398      -0.488509685341711     
   3.70102999566398      -0.488509685346453     
   3.75102999566398      -0.488509685349437     
   3.80102999566398      -0.488509685351340     
   3.85102999566398      -0.488509685352526     
   3.90102999566398      -0.488509685353258     
   3.95102999566398      -0.488509685353782     
   4.00102999566398      -0.488509685354080     
   4.05102999566398      -0.488509685354237     
   4.10102999566398      -0.488509685354358     
   4.15102999566398      -0.488509685354442     
   4.20102999566398      -0.488509685354467     
   4.25102999566398      -0.488509685354468     
   4.30102999566398      -0.488509685354607     
   4.35102999566398      -0.488509685354617     
   4.40102999566398      -0.488509685354576     
   4.45102999566398      -0.488509685354665     
   4.50102999566398      -0.488509685354503     
   4.55102999566398      -0.488509685354624     
   4.60102999566398      -0.488509685354634     
   4.65102999566398      -0.488509685354456     
   4.70102999566398      -0.488509685354652     
   4.75102999566398      -0.488509685354720     
   4.80102999566398      -0.488509685354413     
 zone T = "ep =   5.011872336272723E-002 ",
   1.30102999566398      -0.493367142804638     
   1.35102999566398      -0.494077478499714     
   1.40102999566398      -0.494548842699002     
   1.45102999566398      -0.494888734018516     
   1.50102999566398      -0.495129417672727     
   1.55102999566398      -0.495306341180521     
   1.60102999566398      -0.495438796603977     
   1.65102999566398      -0.495539035867655     
   1.70102999566398      -0.495615409790493     
   1.75102999566398      -0.495673982311646     
   1.80102999566398      -0.495718854775545     
   1.85102999566398      -0.495753112701640     
   1.90102999566398      -0.495779179225687     
   1.95102999566398      -0.495798849416214     
   2.00102999566398      -0.495813552559906     
   2.05102999566398      -0.495824432570585     
   2.10102999566398      -0.495832380180354     
   2.15102999566398      -0.495838111534340     
   2.20102999566398      -0.495842186116129     
   2.25102999566398      -0.495845040776255     
   2.30102999566398      -0.495847011804876     
   2.35102999566398      -0.495848353943966     
   2.40102999566398      -0.495849255718344     
   2.45102999566398      -0.495849854476632     
   2.50102999566398      -0.495850247904099     
   2.55102999566398      -0.495850504143416     
   2.60102999566398      -0.495850669831517     
   2.65102999566398      -0.495850776344568     
   2.70102999566398      -0.495850844513189     
   2.75102999566398      -0.495850887996082     
   2.80102999566398      -0.495850915665203     
   2.85102999566398      -0.495850933241781     
   2.90102999566398      -0.495850944394393     
   2.95102999566398      -0.495850951465549     
   3.00102999566398      -0.495850955946699     
   3.05102999566398      -0.495850958785689     
   3.10102999566398      -0.495850960584010     
   3.15102999566398      -0.495850961722987     
   3.20102999566398      -0.495850962444283     
   3.25102999566398      -0.495850962901026     
   3.30102999566398      -0.495850963190241     
   3.35102999566398      -0.495850963373323     
   3.40102999566398      -0.495850963489227     
   3.45102999566398      -0.495850963562574     
   3.50102999566398      -0.495850963609023     
   3.55102999566398      -0.495850963638392     
   3.60102999566398      -0.495850963656970     
   3.65102999566398      -0.495850963668707     
   3.70102999566398      -0.495850963676148     
   3.75102999566398      -0.495850963680832     
   3.80102999566398      -0.495850963683832     
   3.85102999566398      -0.495850963685694     
   3.90102999566398      -0.495850963686859     
   3.95102999566398      -0.495850963687659     
   4.00102999566398      -0.495850963688133     
   4.05102999566398      -0.495850963688391     
   4.10102999566398      -0.495850963688581     
   4.15102999566398      -0.495850963688703     
   4.20102999566398      -0.495850963688753     
   4.25102999566398      -0.495850963688775     
   4.30102999566398      -0.495850963688931     
   4.35102999566398      -0.495850963688962     
   4.40102999566398      -0.495850963688918     
   4.45102999566398      -0.495850963689018     
   4.50102999566398      -0.495850963688835     
   4.55102999566398      -0.495850963688957     
   4.60102999566398      -0.495850963689023     
   4.65102999566398      -0.495850963688788     
   4.70102999566398      -0.495850963688992     
