 zone T = "ep =    1.0000000000000000      ",
  -1.5228787452803376       -12.034153363640245     
  -1.4728787452803376       -12.041040812284486     
  -1.4228787452803375       -12.041783377529711     
  -1.3728787452803375       -12.041199826559248     
  -1.3228787452803374       -12.041464979801445     
  -1.2728787452803376       -12.041411936200536     
  -1.2228787452803376       -12.041730295028648     
  -1.1728787452803378       -12.041199826559248     
  -1.1228787452803375       -12.041252844258381     
  -1.0728787452803377       -12.041199826559248     
  -1.0228787452803376       -12.041411936200536     
 -0.97287874528033746       -12.041252844258381     
 -0.92287874528033753       -12.041518029881752     
 -0.87287874528033749       -12.041305868430586     
 -0.82287874528033766       -12.041305868430586     
 -0.77287874528033762       -12.041199826559248     
 -0.72287874528033758       -12.041305868430586     
 -0.67287874528033764       -12.041305868430586     
 -0.62287874528033749       -12.041358899077443     
 -0.57287874528033766       -12.041252844258381     
 -0.52287874528033762       -12.041199826559248     
 -0.47287874528033746       -12.041252844258381     
 -0.42287874528033748       -12.041305868430586     
 -0.37287874528033760       -12.041252844258381     
 -0.32287874528033761       -12.041252844258381     
 -0.27287874528033756       -12.041305868430586     
 -0.22287874528033752       -12.041252844258381     
 -0.17287874528033742       -12.041305868430586     
 -0.12287874528033768       -12.041252844258381     
  -7.2878745280337637E-002  -12.041305868430586     
  -2.2878745280337575E-002  -12.041252844258381     
   2.7121254719662473E-002  -12.041199826559248     
   7.7121254719662510E-002  -12.041305868430586     
  0.12712125471966240       -12.041252844258381     
  0.17712125471966239       -12.041252844258381     
  0.22712125471966244       -12.041252844258381     
  0.27712125471966248       -12.041252844258381     
  0.32712125471966258       -12.041252844258381     
  0.37712125471966240       -12.041305868430586     
  0.42712125471966234       -12.041252844258381     
  0.47712125471966244       -12.041252844258381     
  0.52712125471966231       -12.041252844258381     
  0.57712125471966247       -12.041252844258381     
  0.62712125471966229       -12.041252844258381     
  0.67712125471966267       -12.041252844258381     
  0.72712125471966249       -12.041305868430586     
  0.77712125471966220       -12.041252844258381     
  0.82712125471966247       -12.041252844258381     
  0.87712125471966240       -12.041252844258381     
  0.92712125471966256       -12.041199826559248     
  0.97712125471966249       -12.041252844258381     
   1.0271212547196622       -12.041252844258381     
   1.0771212547196625       -12.041199826559248     
   1.1271212547196623       -12.041093810573880     
   1.1771212547196626       -12.041199826559248     
   1.2271212547196624       -12.040934835104384     
   1.2771212547196624       -12.040934835104384     
   1.3271212547196625       -12.040881856210520     
   1.3771212547196623       -12.040881856210520     
   1.4271212547196626       -12.040828883778680     
   1.4771212547196624       -12.040670005239537     
 zone T = "ep =   0.79432823472428149      ",
  -1.5228787452803376       -11.749466640987348     
  -1.4728787452803376       -11.682771388579342     
  -1.4228787452803375       -11.679232339103406     
  -1.3728787452803375       -11.679924001109615     
  -1.3228787452803374       -11.679993227934007     
  -1.2728787452803376       -11.680085547535120     
  -1.2228787452803376       -11.679785580556441     
  -1.1728787452803378       -11.680039385281473     
  -1.1228787452803375       -11.679947075491677     
  -1.0728787452803377       -11.679947075491677     
  -1.0228787452803376       -11.679993227934007     
 -0.97287874528033746       -11.680039385281473     
 -0.92287874528033753       -11.680039385281473     
 -0.87287874528033749       -11.679947075491677     
 -0.82287874528033766       -11.680016305994533     
 -0.77287874528033762       -11.679993227934007     
 -0.72287874528033758       -11.679970151099765     
 -0.67287874528033764       -11.680039385281473     
 -0.62287874528033749       -11.679993227934007     
 -0.57287874528033766       -11.679924001109615     
 -0.52287874528033762       -11.679970151099765     
 -0.47287874528033746       -11.679993227934007     
 -0.42287874528033748       -11.680016305994533     
 -0.37287874528033760       -11.679993227934007     
 -0.32287874528033761       -11.679993227934007     
 -0.27287874528033756       -11.680016305994533     
 -0.22287874528033752       -11.679970151099765     
 -0.17287874528033742       -11.679993227934007     
 -0.12287874528033768       -11.679993227934007     
  -7.2878745280337637E-002  -11.679993227934007     
  -2.2878745280337575E-002  -11.679993227934007     
   2.7121254719662473E-002  -11.679970151099765     
   7.7121254719662510E-002  -11.679970151099765     
  0.12712125471966240       -11.679970151099765     
  0.17712125471966239       -11.679970151099765     
  0.22712125471966244       -11.679970151099765     
  0.27712125471966248       -11.679993227934007     
  0.32712125471966258       -11.679970151099765     
  0.37712125471966240       -11.679970151099765     
  0.42712125471966234       -11.679970151099765     
  0.47712125471966244       -11.679970151099765     
  0.52712125471966231       -11.679970151099765     
  0.57712125471966247       -11.679970151099765     
  0.62712125471966229       -11.679993227934007     
  0.67712125471966267       -11.679993227934007     
  0.72712125471966249       -11.679993227934007     
  0.77712125471966220       -11.679993227934007     
  0.82712125471966247       -11.679993227934007     
  0.87712125471966240       -11.679993227934007     
  0.92712125471966256       -11.680016305994533     
  0.97712125471966249       -11.680016305994533     
   1.0271212547196622       -11.680016305994533     
   1.0771212547196625       -11.680039385281473     
   1.1271212547196623       -11.680016305994533     
   1.1771212547196626       -11.679993227934007     
   1.2271212547196624       -11.679993227934007     
   1.2771212547196624       -11.679993227934007     
   1.3271212547196625       -11.679970151099765     
   1.3771212547196623       -11.679924001109615     
   1.4271212547196626       -11.679924001109615     
   1.4771212547196624       -11.679900927953446     
 zone T = "ep =   0.63095734448019325      ",
  -1.5228787452803376       -10.455882328567609     
  -1.4728787452803376       -11.554760353500781     
  -1.4228787452803375       -12.027835865001267     
  -1.3728787452803375       -11.933359111711301     
  -1.3228787452803374       -11.926262571723434     
  -1.2728787452803376       -11.926588190844145     
  -1.2228787452803376       -11.926873307982014     
  -1.1728787452803378       -11.926628910405556     
  -1.1228787452803375       -11.926751092002059     
  -1.0728787452803377       -11.926751092002059     
  -1.0228787452803376       -11.926751092002059     
 -0.97287874528033746       -11.926669633785201     
 -0.92287874528033753       -11.926628910405556     
 -0.87287874528033749       -11.926751092002059     
 -0.82287874528033766       -11.926710360983796     
 -0.77287874528033762       -11.926710360983796     
 -0.72287874528033758       -11.926710360983796     
 -0.67287874528033764       -11.926710360983796     
 -0.62287874528033749       -11.926710360983796     
 -0.57287874528033766       -11.926791826840704     
 -0.52287874528033762       -11.926710360983796     
 -0.47287874528033746       -11.926710360983796     
 -0.42287874528033748       -11.926710360983796     
 -0.37287874528033760       -11.926751092002059     
 -0.32287874528033761       -11.926669633785201     
 -0.27287874528033756       -11.926710360983796     
 -0.22287874528033752       -11.926710360983796     
 -0.17287874528033742       -11.926751092002059     
 -0.12287874528033768       -11.926751092002059     
  -7.2878745280337637E-002  -11.926710360983796     
  -2.2878745280337575E-002  -11.926710360983796     
   2.7121254719662473E-002  -11.926791826840704     
