 zone T = "ep =    1.0000000000000000      ",
  0.77815125038364363       -2.9729804958738062     
  0.82815125038364368       -3.1306248824996308     
  0.87815125038364372       -3.2720092765622639     
  0.92815125038364366       -3.3885184134263810     
  0.97815125038364359       -3.4701614522914670     
   1.0281512503836436       -3.5113168678594953     
   1.0781512503836437       -3.5151785676880873     
   1.1281512503836437       -3.6571152766339488     
   1.1781512503836435       -3.7739690639815016     
   1.2281512503836436       -3.8362728152724661     
   1.2781512503836436       -3.9082286080186357     
   1.3281512503836437       -4.0289531617924652     
   1.3781512503836437       -4.0771469872080175     
   1.4281512503836438       -4.2042653419726070     
   1.4781512503836436       -4.2641474331974845     
   1.5281512503836436       -4.3876215021507381     
   1.5781512503836437       -4.4731684285160220     
   1.6281512503836435       -4.5553668837068209     
   1.6781512503836438       -4.6526034557996709     
   1.7281512503836436       -4.7510365992993462     
   1.7781512503836436       -4.8041374444076936     
   1.8281512503836437       -4.9461088755145877     
   1.8781512503836437       -5.0483864536066259     
   1.9281512503836435       -5.1376382567141112     
   1.9781512503836436       -5.2380867685736039     
   2.0281512503836439       -5.3371232421005077     
   2.0781512503836437       -5.4306959002238289     
   2.1281512503836435       -5.5331944228673500     
   2.1781512503836438       -5.6280998924605639     
   2.2281512503836436       -5.7275701529127572     
   2.2781512503836439       -5.8287034682059531     
   2.3281512503836437       -5.9271600464053433     
   2.3781512503836439       -6.0250390737256163     
   2.4281512503836433       -6.1247814116395034     
   2.4781512503836436       -6.2219081838967334     
   2.5281512503836434       -6.3219087389356750     
   2.5781512503836437       -6.4204800004963500     
   2.6281512503836435       -6.5209789307752652     
   2.6781512503836438       -6.6206624565581205     
   2.7281512503836436       -6.7191624074116501     
   2.7781512503836434       -6.8183180246000372     
   2.8281512503836432       -6.9186502873069573     
   2.8781512503836435       -7.0182771699397097     
   2.9281512503836433       -7.1181247129236684     
   2.9781512503836440       -7.2181548178462398     
   3.0281512503836434       -7.3176399274726993     
   3.0781512503836437       -7.4176312590549385     
   3.1281512503836435       -7.5171228381845099     
   3.1781512503836433       -7.6169110575732146     
   3.2281512503836436       -7.7168484042681609     
   3.2781512503836439       -7.8166670178502846     
   3.3281512503836437       -7.9166046365003115     
   3.3781512503836435       -8.0163329738984608     
   3.4281512503836438       -8.1164566458877037     
   3.4781512503836436       -8.2162226501932807     
   3.5281512503836434       -8.3162258688641248     
   3.5781512503836437       -8.4160224288280254     
   3.6281512503836439       -8.5159792821866009     
   3.6781512503836433       -8.6160191312821990     
   3.7281512503836436       -8.7159425169639313     
   3.7781512503836439       -8.8158122229783977     
   3.8281512503836432       -8.9157876818570987     
   3.8781512503836435       -9.0157929065518125     
   3.9281512503836438       -9.1158287075749556     
   3.9781512503836440       -9.2157500733738349     
   4.0281512503836439       -9.3157420418619292     
   4.0781512503836437       -9.4157166932377248     
   4.1281512503836435       -9.5157130838340400     
   4.1781512503836433       -9.6156706797161196     
   4.2281512503836440       -9.7156731853025811     
   4.2781512503836439       -9.8156496212838871     
 zone T = "ep =   0.79432823472428149      ",
  0.77815125038364363       -2.9025108273366920     
  0.82815125038364368       -3.0682484778328192     
  0.87815125038364372       -3.2151867465377948     
  0.92815125038364366       -3.3340986917019158     
  0.97815125038364359       -3.4145522142794342     
   1.0281512503836436       -3.4516169866905511     
   1.0781512503836437       -3.4502742823910966     
   1.1281512503836437       -3.5966785347967174     
   1.1781512503836435       -3.7152315271647867     
   1.2281512503836436       -3.7752059075289139     
   1.2781512503836436       -3.8462076096899640     
   1.3281512503836437       -3.9684682819897201     
   1.3781512503836437       -4.0137547749739806     
   1.4281512503836438       -4.1426654452344884     
   1.4781512503836436       -4.2003988496370921     
   1.5281512503836436       -4.3251306305691388     
   1.5781512503836437       -4.4099460631260046     
   1.6281512503836435       -4.4912238424652839     
   1.6781512503836438       -4.5882438002289865     
   1.7281512503836436       -4.6865151002195793     
   1.7781512503836436       -4.7379295149410696     
   1.8281512503836437       -4.8811669847541053     
   1.8781512503836437       -4.9833948648420847     
   1.9281512503836435       -5.0721226719495993     
   1.9781512503836436       -5.1724581737206039     
   2.0281512503836439       -5.2713394513321550     
   2.0781512503836437       -5.3645838617750128     
   2.1281512503836435       -5.4670541875648988     
   2.1781512503836438       -5.5616976975631589     
   2.2281512503836436       -5.6610561871018472     
   2.2781512503836439       -5.7621318240017168     
   2.3281512503836437       -5.8604604321511298     
   2.3781512503836439       -5.9582031434119065     
   2.4281512503836433       -6.0578683480146385     
   2.4781512503836436       -6.1548545468960763     
   2.5281512503836434       -6.2547973852084464     
   2.5781512503836437       -6.3532791595011675     
   2.6281512503836435       -6.4537431416350906     
   2.6781512503836438       -6.5533755240209661     
   2.7281512503836436       -6.6517993087253640     
   2.7781512503836434       -6.7508992203852687     
   2.8281512503836432       -6.8512081531323119     
   2.8781512503836435       -6.9507976386477495     
   2.9281512503836433       -7.0506160700537590     
   2.9781512503836440       -7.1506239427745006     
   3.0281512503836434       -7.2500763593817350     
   3.0781512503836437       -7.3500490611651088     
   3.1281512503836435       -7.4495123071187717     
   3.1781512503836433       -7.5492808781235254     
   3.2281512503836436       -7.6492035682169570     
   3.2781512503836439       -7.7490062105772832     
   3.3281512503836437       -7.8489318358320439     
   3.3781512503836435       -7.9486445462744122     
   3.4281512503836438       -8.0487625940412642     
   3.4781512503836436       -8.1485157600664415     
   3.5281512503836434       -8.2485123236859668     
   3.5781512503836437       -8.3482982849877079     
   3.6281512503836439       -8.4482488083661611     
   3.6781512503836433       -8.5482847707791674     
   3.7281512503836436       -8.6482021652801073     
   3.7781512503836439       -8.7480651395132529     
   3.8281512503836432       -8.8480366524560967     
   3.8781512503836435       -8.9480389635689725     
   3.9281512503836438       -9.0480728608239609     
   3.9781512503836440       -9.1479900593648384     
   4.0281512503836439       -9.2479796971491020     
   4.0781512503836437       -9.3479518636026615     
   4.1281512503836435       -9.4479464685581966     
   4.1781512503836433       -9.5479015976663373     
   4.2281512503836440       -9.6479027979774123     
   4.2781512503836439       -9.7478775029152427     
 zone T = "ep =   0.63095734448019325      ",
  0.77815125038364363       -2.8341254652756644     
  0.82815125038364368       -3.0090902688454557     
  0.87815125038364372       -3.1626466486208193     
  0.92815125038364366       -3.2846417146827838     
  0.97815125038364359       -3.3639083607334852     
   1.0281512503836436       -3.3962836739350677     
   1.0781512503836437       -3.3889313725293340     
   1.1281512503836437       -3.5409911252510455     
   1.1781512503836435       -3.6618875964987172     
   1.2281512503836436       -3.7191309081094510     
   1.2781512503836436       -3.7891431207582564     
   1.3281512503836437       -3.9135747338241158     
   1.3781512503836437       -3.9552553872786858     
   1.4281512503836438       -4.0866893470052172     
   1.4781512503836436       -4.1417217814895100     
   1.5281512503836436       -4.2682858509619299     
   1.5781512503836437       -4.3522515974757789     
   1.6281512503836435       -4.4323957953617832     
   1.6781512503836438       -4.5292321767487849     
   1.7281512503836436       -4.6273862447849492     
   1.7781512503836436       -4.6764850476915800     
   1.8281512503836437       -4.8216411531346086     
   1.8781512503836437       -4.9238882624735902     
   1.9281512503836435       -5.0119430051282912     
   1.9781512503836436       -5.1121897111345715     
   2.0281512503836439       -5.2109139099241926     
   2.0781512503836437       -5.3037394100834350     
   2.1281512503836435       -5.4062260149208861     
   2.1781512503836438       -5.5005332562654035     
   2.2281512503836436       -5.5997731363928187     
   2.2781512503836439       -5.7008069748903321     
   2.3281512503836437       -5.7989832238707706     
   2.3781512503836439       -5.8965562802193769     
   2.4281512503836433       -5.9961377247183174     
   2.4781512503836436       -6.0929393857424801     
   2.5281512503836434       -6.1928212119581811     
   2.5781512503836437       -6.2911901593363506     
   2.6281512503836435       -6.3916227668503431     
   2.6781512503836438       -6.4911963809071045     
   2.7281512503836436       -6.5895202901352752     
   2.7781512503836434       -6.6885500515449401     
   2.8281512503836432       -6.7888374565534830     
   2.8781512503836435       -6.8883819210702484     
   2.9281512503836433       -6.9881668211716912     
   2.9781512503836440       -7.0881506724489105     
   3.0281512503836434       -7.1875614735354523     
   3.0781512503836437       -7.2875135957967307     
   3.1281512503836435       -7.3869400483811205     
   3.1781512503836433       -7.4866846389438155     
   3.2281512503836436       -7.5865904652863900     
   3.2781512503836439       -7.6863734883782033     
   3.3281512503836437       -7.7862851710261118     
   3.3781512503836435       -7.8859776496947456     
   3.4281512503836438       -7.9860907974800845     
   3.4781512503836436       -8.0858272169754741     
   3.5281512503836434       -8.1858164325003830     
   3.5781512503836437       -8.2855884541292593     
   3.6281512503836439       -8.3855314880222434     
   3.6781512503836433       -8.4855635576703037     
   3.7281512503836436       -8.5854734786306821     
   3.7781512503836439       -8.6853275834155408     
   3.8281512503836432       -8.7852944475743300     
   3.8781512503836435       -8.8852935736664467     
   3.9281512503836438       -8.9853257340950901     
   3.9781512503836440       -9.0852374605716086     
   4.0281512503836439       -9.1852244202359401     
   4.0781512503836437       -9.2851935576370934     
   4.1281512503836435       -9.3851861230720566     
   4.1781512503836433       -9.4851380567369805     
   4.2281512503836440       -9.5851378366014117     
   4.2781512503836439       -9.6851103652515977     
 zone T = "ep =   0.50118723362727235      ",
  0.77815125038364363       -2.7676444781992307     
  0.82815125038364368       -2.9527077165752580     
  0.87815125038364372       -3.1138032562872358     
  0.92815125038364366       -3.2395282694602612     
  0.97815125038364359       -3.3176405627857193     
   1.0281512503836436       -3.3448164248388856     
   1.0781512503836437       -3.3308047120823030     
   1.1281512503836437       -3.4897072657966608     
   1.1781512503836435       -3.6136302476896160     
   1.2281512503836436       -3.6677511514771806     
   1.2781512503836436       -3.7368031622362654     
   1.3281512503836437       -3.8641203562908348     
   1.3781512503836437       -3.9014607341498362     
   1.4281512503836438       -4.0362657911075210     
   1.4781512503836436       -4.0879989923597826     
   1.5281512503836436       -4.2170779029098053     
   1.5781512503836437       -4.3000855163959057     
   1.6281512503836435       -4.3788681454544509     
   1.6781512503836438       -4.4755780186527927     
   1.7281512503836436       -4.5736856113524684     
   1.7781512503836436       -4.6197301091628518     
   1.8281512503836437       -4.7676032822517120     
   1.8781512503836437       -4.8699658209002195     
   1.9281512503836435       -4.9571776783372439     
   1.9781512503836436       -5.0573743043279391     
   2.0281512503836439       -5.1559474931230396     
   2.0781512503836437       -5.2482502168590317     
   2.1281512503836435       -5.3508136958462931     
   2.1781512503836438       -5.4446984005217010     
   2.2281512503836436       -5.5438155041886610     
   2.2781512503836439       -5.6448307297116314     
   2.3281512503836437       -5.7428276090401313     
   2.3781512503836439       -5.8401923947530880     
   2.4281512503836433       -5.9396840467326983     
   2.4781512503836436       -6.0362486356820080     
   2.5281512503836434       -6.1360668595427965     
   2.5781512503836437       -6.2342953685775893     
   2.6281512503836435       -6.3347020581824101     
   2.6781512503836438       -6.4342083486034918     
   2.7281512503836436       -6.5324037759301206     
   2.7781512503836434       -6.6313461283530089     
   2.8281512503836432       -6.7316147458082298     
   2.8781512503836435       -6.8311051875421906     
   2.9281512503836433       -6.9308514513725212     
   2.9781512503836440       -7.0308093776956362     
   3.0281512503836434       -7.1301677791017228     
   3.0781512503836437       -7.2300971320571419     
   3.1281512503836435       -7.3294765061407254     
   3.1781512503836433       -7.4291919146525274     
   3.2281512503836436       -7.5290782839414891     
   3.2781512503836439       -7.6288372901350030     
   3.3281512503836437       -7.7287327196611662     
   3.3781512503836435       -7.8283993533430172     
   3.4281512503836438       -7.9285085749245505     
   3.4781512503836436       -8.0282234745780645     
   3.5281512503836434       -8.1282045418361903     
   3.5781512503836437       -8.2279585368737660     
   3.6281512503836439       -8.3278926896305023     
   3.6781512503836433       -8.4279208979766533     
   3.7281512503836436       -8.5278215425336477     
   3.7781512503836439       -8.6276641603173072     
   3.8281512503836432       -8.7276255315318370     
   3.8781512503836435       -8.8276211596704250     
   3.9281512503836438       -8.9276518078886493     
   3.9781512503836440       -9.0275564646636290     
   4.0281512503836439       -9.1275403308763501     
   4.0781512503836437       -9.2275057673575915     
   4.1281512503836435       -9.3274960179620088     
   4.1781512503836433       -9.4274438630170945     
   4.2281512503836440       -9.5274420699925937     
   4.2781512503836439       -9.6274118787463614     
 zone T = "ep =   0.39810717055349726      ",
  0.77815125038364363       -2.7030693209386811     
  0.82815125038364368       -2.8987050974870465     
  0.87815125038364372       -3.0679598030223194     
  0.92815125038364366       -3.1979175669631390     
  0.97815125038364359       -3.2749335783499900     
   1.0281512503836436       -3.2965898070559843     
   1.0781512503836437       -3.2755678121501774     
   1.1281512503836437       -3.4423333793230535     
   1.1781512503836435       -3.5699033608497182     
   1.2281512503836436       -3.6205659214471448     
   1.2781512503836436       -3.6887728177106451     
   1.3281512503836437       -3.8196876624647906     
   1.3781512503836437       -3.8519974153711196     
   1.4281512503836438       -3.9910619265130958     
   1.4781512503836436       -4.0389084352918285     
   1.5281512503836436       -4.1712374915252699     
   1.5781512503836437       -4.2532044802399760     
   1.6281512503836435       -4.3304027148582689     
   1.6781512503836438       -4.4270653902588872     
   1.7281512503836436       -4.5252220251075226     
   1.7781512503836436       -4.5674210650765117     
   1.8281512503836437       -4.7189017125394956     
   1.8781512503836437       -4.8214993074849746     
   1.9281512503836435       -4.9076895315728297     
   1.9781512503836436       -5.0078877511732465     
   2.0281512503836439       -5.1063242967889693     
   2.0781512503836437       -5.1979934128854746     
   2.1281512503836435       -5.3007069075069841     
   2.1781512503836438       -5.3940752574353708     
   2.2281512503836436       -5.4930675665064328     
   2.2781512503836439       -5.5940923496012038     
   2.3281512503836437       -5.6918807105481584     
   2.3781512503836439       -5.7889943754705779     
   2.4281512503836433       -5.8883899218429976     
   2.4781512503836436       -5.9846582138792064     
   2.5281512503836434       -6.0844098496025740     
   2.5781512503836437       -6.1824664820104216     
   2.6281512503836435       -6.2828530612259179     
   2.6781512503836438       -6.3822819284084602     
   2.7281512503836436       -6.4803160617913642     
   2.7781512503836434       -6.5791509978181342     
   2.8281512503836432       -6.6794033825837316     
   2.8781512503836435       -6.7788291066364046     
   2.9281512503836433       -6.8785304521577508     
   2.9781512503836440       -6.9784598043121582     
   3.0281512503836434       -7.0777531611612012     
   3.0781512503836437       -7.1776568254406836     
   3.1281512503836435       -7.2769771009264987     
   3.1781512503836433       -7.3766570722097171     
   3.2281512503836436       -7.4765207003304139     
   3.2781512503836439       -7.5762504006701041     
   3.3281512503836437       -7.6761266692689167     
   3.3781512503836435       -7.7757608548744415     
   3.4281512503836438       -7.8758669951638476     
   3.4781512503836436       -7.9755547678474352     
   3.5281512503836434       -8.0755265775762517     
   3.5781512503836437       -8.1752577542941207     
   3.6281512503836439       -8.2751812888453280     
   3.6781512503836433       -8.3752055183839431     
   3.7281512503836436       -8.4750947187408752     
   3.7781512503836439       -8.5749227779392445     
   3.8281512503836432       -8.6748775950606394     
   3.8781512503836435       -8.7748692721879422     
   3.9281512503836438       -8.8748985722253586     
   3.9781512503836440       -8.9747942819672648     
   4.0281512503836439       -9.0747745154729671     
   4.0781512503836437       -9.1747354385217825     
   4.1281512503836435       -9.2747229930788428     
   4.1781512503836433       -9.3746656901603860     
   4.2281512503836440       -9.4746621320412263     
   4.2781512503836439       -9.5746285475145285     
 zone T = "ep =   0.31622776601683794      ",
  0.77815125038364363       -2.6406434646091124     
  0.82815125038364368       -2.8468579636123157     
  0.87815125038364372       -3.0244648109107821     
  0.92815125038364366       -3.1589085075631678     
  0.97815125038364359       -3.2349099950379721     
   1.0281512503836436       -3.2510154628254004     
   1.0781512503836437       -3.2230505627008448     
   1.1281512503836437       -3.3983617130855723     
   1.1781512503836435       -3.5300161005914004     
   1.2281512503836436       -3.5769901069507180     
   1.2781512503836436       -3.6445630669320139     
   1.3281512503836437       -3.7796727857221892     
   1.3781512503836437       -3.8064050098611686     
   1.4281512503836438       -3.9505445148880258     
   1.4781512503836436       -3.9940030546136760     
   1.5281512503836436       -4.1302821850324491     
   1.5781512503836437       -4.2111693300239308     
   1.6281512503836435       -4.2865921795248836     
   1.6781512503836438       -4.3833017849909570     
   1.7281512503836436       -4.4816207592089610     
   1.7781512503836436       -4.5192225836295288     
   1.8281512503836437       -4.6751982316665446     
   1.8781512503836437       -4.7781639267739351     
   1.9281512503836435       -4.8631633578187623     
   1.9781512503836436       -4.9634230835366662     
   2.0281512503836439       -5.0617445568172910     
   2.0781512503836437       -5.1526723703360826     
   2.1281512503836435       -5.2556140256436654     
   2.1781512503836438       -5.3483721507056021     
   2.2281512503836436       -5.4472383983276513     
   2.2781512503836439       -5.5483013178457545     
   2.3281512503836437       -5.6458506337897125     
   2.3781512503836439       -5.7426680185691765     
   2.4281512503836433       -5.8419592758896979     
   2.4781512503836436       -5.9378689514219367     
   2.5281512503836434       -6.0375487095248186     
   2.5781512503836437       -6.1353991854460670     
   2.6281512503836435       -6.2357691391680472     
   2.6781512503836438       -6.3351079748768946     
   2.7281512503836436       -6.4329452607306559     
   2.7781512503836434       -6.5316503166809401     
   2.8281512503836432       -6.6318869228088744     
   2.8781512503836435       -6.7312351146105396     
   2.9281512503836433       -6.8308833193288923     
   2.9781512503836440       -6.9307796692763599     
   3.0281512503836434       -7.0299936066027122     
   3.0781512503836437       -7.1298671435810181     
   3.1281512503836435       -7.2291148412011266     
   3.1781512503836433       -7.3287518238707445     
   3.2281512503836436       -7.4285882608766238     
   3.2781512503836439       -7.5282822950968331     
   3.3281512503836437       -7.6281355338812791     
   3.3781512503836435       -7.7277297807092742     
   3.4281512503836438       -7.8278329143014442     
   3.4781512503836436       -7.9274872300678307     
   3.5281512503836434       -8.0274480392126808     
   3.5781512503836437       -8.1271510215846110     
   3.6281512503836439       -8.2270616858038181     
   3.6781512503836433       -8.3270813611325085     
   3.7281512503836436       -8.4269565320240538     
   3.7781512503836439       -8.5267665835005904     
   3.8281512503836432       -8.6267134523153111     
   3.8781512503836435       -8.7267004290184502     
   3.9281512503836438       -8.8267282811959138     
   3.9781512503836440       -8.9266129237646759     
   4.0281512503836439       -9.0265887712571864     
   4.0781512503836437       -9.1265441753959529     
   4.1281512503836435       -9.2265284819596545     
   4.1781512503836433       -9.3264648258125806     
   4.2281512503836440       -9.4264591584601973     
   4.2781512503836439       -9.5264214237200200     
 zone T = "ep =   0.25118864315095801      ",
  0.77815125038364363       -2.5808426792369139     
  0.82815125038364368       -2.7971929894721872     
  0.87815125038364372       -2.9828730519682698     
  0.92815125038364366       -3.1217465686988968     
  0.97815125038364359       -3.1968418785223349     
   1.0281512503836436       -3.2077125793190397     
   1.0781512503836437       -3.1733323032804130     
   1.1281512503836437       -3.3574211162171834     
   1.1781512503836435       -3.4933170898622192     
   1.2281512503836436       -3.5365175730563938     
   1.2781512503836436       -3.6037539660463973     
   1.3281512503836437       -3.7434330798514424     
   1.3781512503836437       -3.7642726340860699     
   1.4281512503836438       -3.9141098080905876     
   1.4781512503836436       -3.9528382600667302     
   1.5281512503836436       -4.0936329680521917     
   1.5781512503836437       -4.1734572423270517     
   1.6281512503836435       -4.2469715785037803     
   1.6781512503836438       -4.3438253628418941     
   1.7281512503836436       -4.4424264347371150     
   1.7781512503836436       -4.4748226929144481     
   1.8281512503836437       -4.6360652657364056     
   1.8781512503836437       -4.7395317598905846     
   1.9281512503836435       -4.8232021533880483     
   1.9781512503836436       -4.9235851017346919     
   2.0281512503836439       -5.0218184313063832     
   2.0781512503836437       -5.1119124462850101     
   2.1281512503836435       -5.2151561060897000     
   2.1781512503836438       -5.3072193037337021     
   2.2281512503836436       -5.4059573746887200     
   2.2781512503836439       -5.5070819404044595     
   2.3281512503836437       -5.6043613984592611     
   2.3781512503836439       -5.7008375589806830     
   2.4281512503836433       -5.8000126662221980     
   2.4781512503836436       -5.8955028547596457     
   2.5281512503836434       -5.9951009142867777     
   2.5781512503836437       -6.0927094104373483     
   2.6281512503836435       -6.1930606922318772     
   2.6781512503836438       -6.2922932498118644     
   2.7281512503836436       -6.3898972316922382     
   2.7781512503836434       -6.4884478719180025     
   2.8281512503836432       -6.5886647178740256     
   2.8781512503836435       -6.6879199257849002     
   2.9281512503836433       -6.7875038890699226     
   2.9781512503836440       -6.8873597542457494     
   3.0281512503836434       -6.9864783194406259     
   3.0781512503836437       -7.0863147879315349     
   3.1281512503836435       -7.1854752956344150     
   3.1781512503836433       -7.2850601296574915     
   3.2281512503836436       -7.3848631603347235     
   3.2781512503836439       -7.4845138595477474     
   3.3281512503836437       -7.5843387761463870     
   3.3781512503836435       -7.6838848169734435     
   3.4281512503836438       -7.7839834442994409     
   3.4781512503836436       -7.8835973757650155     
   3.5281512503836434       -7.9835443948453166     
   3.5781512503836437       -8.0832133594791618     
   3.6281512503836439       -8.1831081657710403     
   3.6781512503836433       -8.2831218632067660     
   3.7281512503836436       -8.3829799285143718     
   3.7781512503836439       -8.4827682322570954     
   3.8281512503836432       -8.5827052758529874     
   3.8781512503836435       -8.6826863059238182     
   3.9281512503836438       -8.7827120907405103     
   3.9781512503836440       -8.8825833479058893     
   4.0281512503836439       -8.9825537298693572     
   4.0781512503836437       -9.0825023600413068     
   4.1281512503836435       -9.1824826012839846     
   4.1781512503836433       -9.2824112391492264     
   4.2281512503836440       -9.3824028923283791     
   4.2781512503836439       -9.4823600850501197     
 zone T = "ep =   0.19952623149688800      ",
  0.77815125038364363       -2.5242941897935247     
  0.82815125038364368       -2.7499873392433756     
  0.87815125038364372       -2.9430476719667942     
  0.92815125038364366       -3.0860005881498416     
  0.97815125038364359       -3.1603289275176127     
   1.0281512503836436       -3.1666096368127752     
   1.0781512503836437       -3.1267356131998625     
   1.1281512503836437       -3.3193742865414531     
   1.1781512503836435       -3.4593591896396996     
   1.2281512503836436       -3.4988574580120102     
   1.2781512503836436       -3.5661063934500321     
   1.3281512503836437       -3.7104471125074174     
   1.3781512503836437       -3.7253521723145697     
   1.4281512503836438       -3.8812337524428191     
   1.4781512503836436       -3.9150923863947011     
   1.5281512503836436       -4.0607589613832529     
   1.5781512503836437       -4.1395962590015021     
   1.6281512503836435       -4.2111427385182729     
   1.6781512503836438       -4.3082290394097615     
   1.7281512503836436       -4.4072265466405138     
   1.7781512503836436       -4.4340301394707398     
   1.8281512503836437       -4.6011071188927639     
   1.8781512503836437       -4.7051946798561248     
   1.9281512503836435       -4.7874460498832629     
   1.9781512503836436       -4.8880107543353875     
   2.0281512503836439       -4.9861872562319443     
   2.0781512503836437       -5.0753807121603440     
   2.1281512503836435       -5.1789892651074840     
   2.1781512503836438       -5.2702903258020735     
   2.2281512503836436       -5.3688968194795130     
   2.2781512503836439       -5.4700978294122660     
   2.3281512503836437       -5.5670778922800688     
   2.3781512503836439       -5.6631706832854709     
   2.4281512503836433       -5.7622131074688756     
   2.4781512503836436       -5.8572283665191556     
   2.5281512503836434       -5.9567288419407776     
   2.5781512503836437       -6.0540591832628055     
   2.6281512503836435       -6.1543817343242182     
   2.6781512503836438       -6.2534872490014504     
   2.7281512503836436       -6.3508220141137306     
   2.7781512503836434       -6.4491918737407268     
   2.8281512503836432       -6.5493785829992239     
   2.8781512503836435       -6.6485221907954930     
   2.9281512503836433       -6.7480270565088363     
   2.9781512503836440       -6.8478307404405943     
   3.0281512503836434       -6.9468363891094693     
   3.0781512503836437       -7.0466254170431624     
   3.1281512503836435       -7.1456831185984804     
   3.1781512503836433       -7.2452046539289521     
   3.2281512503836436       -7.3449656904241474     
   3.2781512503836439       -7.4445637692030022     
   3.3281512503836437       -7.5443531643179247     
   3.3781512503836435       -7.6438419428359525     
   3.4281512503836438       -7.7439322459520383     
   3.4781512503836436       -7.8434982812597545     
   3.5281512503836434       -7.9434272604435412     
   3.5781512503836437       -8.0430559737152105     
   3.6281512503836439       -8.1429309550111100     
   3.6781512503836433       -8.2429360253878556     
   3.7281512503836436       -8.3427733034539102     
   3.7781512503836439       -8.4425358487139963     
   3.8281512503836432       -8.5424605418115060     
   3.8781512503836435       -8.6424336772606978     
   3.9281512503836438       -8.7424560097523720     
   3.9781512503836440       -8.8423113690600914     
   4.0281512503836439       -8.9422747547232451     
   4.0781512503836437       -9.0422150346139443     
   4.1281512503836435       -9.1421900204520927     
   4.1781512503836433       -9.2421094396894627     
   4.2281512503836440       -9.3420975291645156     
   4.2781512503836439       -9.4420485624570691     
 zone T = "ep =   0.15848931924611132      ",
  0.77815125038364363       -2.4716541276739550     
  0.82815125038364368       -2.7056876013241338     
  0.87815125038364372       -2.9051602008522082     
  0.92815125038364366       -3.0516327811693187     
  0.97815125038364359       -3.1253619108086705     
   1.0281512503836436       -3.1279260896657566     
   1.0781512503836437       -3.0837166185900400     
   1.1281512503836437       -3.2843091288368202     
   1.1781512503836435       -3.4279731879614737     
   1.2281512503836436       -3.4639722419334724     
   1.2781512503836436       -3.5315815820676817     
   1.3281512503836437       -3.6804066336621402     
   1.3781512503836437       -3.6895872331618049     
   1.4281512503836438       -3.8515665785933249     
   1.4781512503836436       -3.8806163236885727     
   1.5281512503836436       -4.0312773225036214     
   1.5781512503836437       -4.1092528595952142     
   1.6281512503836435       -4.1788462509906417     
   1.6781512503836438       -4.2762362645948269     
   1.7281512503836436       -4.3757305340060988     
   1.7781512503836436       -4.3967978559823182     
   1.8281512503836437       -4.5700405677484248     
   1.8781512503836437       -4.6748514440934272     
   1.9281512503836435       -4.7556498605951436     
   1.9781512503836436       -4.8564508427180160     
   2.0281512503836439       -4.9546075413974009     
   2.0781512503836437       -5.0428655105556865     
   2.1281512503836435       -5.1468906792564670     
   2.1781512503836438       -5.2373851402757676     
   2.2281512503836436       -5.3358573558040030     
   2.2781512503836439       -5.4371415875955833     
   2.3281512503836437       -5.5337962731760459     
   2.3781512503836439       -5.6294686474369948     
   2.4281512503836433       -5.7283580473635842     
   2.4781512503836436       -5.8228505646889737     
   2.5281512503836434       -5.9222316891462814     
   2.5781512503836437       -6.0192481761420034     
   2.6281512503836435       -6.1195234044348759     
   2.6781512503836438       -6.2184764318886359     
   2.7281512503836436       -6.3155070600221261     
   2.7781512503836434       -6.4136679107363070     
   2.8281512503836432       -6.5138069045557181     
   2.8781512503836435       -6.6128167211094606     
   2.9281512503836433       -6.7122233185604676     
   2.9781512503836440       -6.8119582329238009     
   3.0281512503836434       -6.9108315108380207     
   3.0781512503836437       -7.0105586747427102     
   3.1281512503836435       -7.1094966793509151     
   3.1781512503836433       -7.2089413464411631     
   3.2281512503836436       -7.3086489353485371     
   3.2781512503836439       -7.4081831122275821     
   3.3281512503836437       -7.5079274574534240     
   3.3781512503836435       -7.6073488809799805     
   3.4281512503836438       -7.7074242478071868     
   3.4781512503836436       -7.8069340862959473     
   3.5281512503836434       -7.9068389841391893     
   3.5781512503836437       -8.0064206391592840     
   3.6281512503836439       -8.1062706049485200     
   3.6781512503836433       -8.2062629003752914     
   3.7281512503836436       -8.3060749321085439     
   3.7781512503836439       -8.4058073230592143     
   3.8281512503836432       -8.5057163262830091     
   3.8781512503836435       -8.6056787515999673     
   3.9281512503836438       -8.7056953097941303     
   3.9781512503836440       -8.8055319836424459     
   4.0281512503836439       -8.9054862804651052     
   4.0781512503836437       -9.0054162221273444     
   4.1281512503836435       -9.1053842977716428     
   4.1781512503836433       -9.2052927709603551     
   4.2281512503836440       -9.3052760092804139     
   4.2781512503836439       -9.4052195716544169     
 zone T = "ep =   0.12589254117941670      ",
  0.77815125038364363       -2.4234855542544858     
  0.82815125038364368       -2.6647840165019829     
  0.87815125038364372       -2.8695932731082778     
  0.92815125038364366       -3.0189343052441471     
  0.97815125038364359       -3.0922459694680207     
   1.0281512503836436       -3.0920474225202685     
   1.0781512503836437       -3.0447056122881437     
   1.1281512503836437       -3.2524319470100687     
   1.1781512503836435       -3.3992156518757763     
   1.2281512503836436       -3.4320011417255323     
   1.2781512503836436       -3.5002622345931873     
   1.3281512503836437       -3.6531955812359853     
   1.3781512503836437       -3.6570473745720373     
   1.4281512503836438       -3.8249248944807190     
   1.4781512503836436       -3.8493907153120595     
   1.5281512503836436       -4.0049578555611491     
   1.5781512503836437       -4.0822280924784256     
   1.6281512503836435       -4.1499454862473302     
   1.6781512503836438       -4.2476902520876116     
   1.7281512503836436       -4.3477632246592703     
   1.7781512503836436       -4.3631649960514896     
   1.8281512503836437       -4.5426904143893587     
   1.8781512503836437       -4.6483095246534205     
   1.9281512503836435       -4.7276754782617241     
   1.9781512503836436       -4.8287661583376265     
   2.0281512503836439       -4.9269490284340991     
   2.0781512503836437       -5.0142700728720140     
   2.1281512503836435       -5.1187582734694761     
   2.1781512503836438       -5.2084267307259378     
   2.2281512503836436       -5.3067671107520615     
   2.2781512503836439       -5.4081384632601628     
   2.3281512503836437       -5.5044485905715135     
   2.3781512503836439       -5.5996709155995585     
   2.4281512503836433       -5.6983861648616081     
   2.4781512503836436       -5.7923165046393175     
   2.5281512503836434       -5.8915528288376722     
   2.5781512503836437       -5.9882209874508998     
   2.6281512503836435       -6.0884234795107375     
   2.6781512503836438       -6.1871946962582989     
   2.7281512503836436       -6.2838869088746945     
   2.7781512503836434       -6.3818085260879673     
   2.8281512503836432       -6.4818755361788858     
   2.8781512503836435       -6.5807256359836055     
   2.9281512503836433       -6.6800103538986209     
   2.9781512503836440       -6.7796549226561478     
   3.0281512503836434       -6.8783739127323438     
   3.0781512503836437       -6.9780204926835570     
   3.1281512503836435       -7.0768200057259225     
   3.1781512503836433       -7.1761713758309007     
   3.2281512503836436       -7.2758108528452805     
   3.2781512503836439       -7.3752674225888875     
   3.3281512503836437       -7.4749545203024823     
   3.3781512503836435       -7.5742969857040423     
   3.4281512503836438       -7.6743478198213575     
   3.4781512503836436       -7.7737919530972492     
   3.5281512503836434       -7.8736646944733586     
   3.5781512503836437       -7.9731915464443350     
   3.6281512503836439       -8.0730098440808149     
   3.6781512503836433       -8.1729835504668937     
   3.7281512503836436       -8.2727648705945001     
   3.7781512503836439       -8.3724620771902245     
   3.8281512503836432       -8.4723510733543499     
   3.8781512503836435       -8.5722989732424679     
   3.9281512503836438       -8.6723064005903545     
   3.9781512503836440       -8.7721211637015379     
   4.0281512503836439       -8.8720636091693663     
   4.0781512503836437       -8.9719807075317206     
   4.1281512503836435       -9.0719396698469250     
   4.1781512503836433       -9.1718351522544967     
   4.2281512503836440       -9.2718117910909399     
   4.2781512503836439       -9.3717462698092646     
 zone T = "ep =   0.10000000000000001      ",
  0.77815125038364363       -2.3801708028366493     
  0.82815125038364368       -2.6276887004908773     
  0.87815125038364372       -2.8367944278163764     
  0.92815125038364366       -2.9883665900972107     
  0.97815125038364359       -3.0614324626762768     
   1.0281512503836436       -3.0593619869770947     
   1.0781512503836437       -3.0099727540350578     
   1.1281512503836437       -3.2239265153934809     
   1.1781512503836435       -3.3732329053068280     
   1.2281512503836436       -3.4031228703304075     
   1.2781512503836436       -3.4722319989160724     
   1.3281512503836437       -3.6287875769091076     
   1.3781512503836437       -3.6278187945850560     
   1.4281512503836438       -3.8012070122428048     
   1.4781512503836436       -3.8214321043667447     
   1.5281512503836436       -3.9816515251864812     
   1.5781512503836437       -4.0583848154479547     
   1.6281512503836435       -4.1243509911440173     
   1.6781512503836438       -4.2224821144292868     
   1.7281512503836436       -4.3231952630205139     
   1.7781512503836436       -4.3331680704804736     
   1.8281512503836437       -4.5189193386910560     
   1.8781512503836437       -4.6254163108038897     
   1.9281512503836435       -4.7034186064447256     
   1.9781512503836436       -4.8048545359333836     
   2.0281512503836439       -4.9031214117572590     
   2.0781512503836437       -4.9895372145439714     
   2.1281512503836435       -5.0945369543295191     
   2.1781512503836438       -5.1833864765038369     
   2.2281512503836436       -5.2816081185481485     
   2.2781512503836439       -5.3830747453256595     
   2.3281512503836437       -5.4790321624922331     
   2.3781512503836439       -5.5737852951098095     
   2.4281512503836433       -5.6723090550076618     
   2.4781512503836436       -5.7656471548146966     
   2.5281512503836434       -5.8647132301470224     
   2.5781512503836437       -5.9610012255576024     
   2.6281512503836435       -6.0611019286804417     
   2.6781512503836438       -6.1596598554112045     
   2.7281512503836436       -6.2559798318867381     
   2.7781512503836434       -6.3536302255002033     
   2.8281512503836432       -6.4535956546370157     
   2.8781512503836435       -6.5522565884811081     
   2.9281512503836433       -6.6513916362441394     
   2.9781512503836440       -6.7509195994680855     
   3.0281512503836434       -6.8494594027061719     
   3.0781512503836437       -6.9490023804559859     
   3.1281512503836435       -7.0476419963435459     
   3.1781512503836433       -7.1468803804424414     
   3.2281512503836436       -7.2464336095328106     
   3.2781512503836439       -7.3457960065960313     
   3.3281512503836437       -7.4454106822704444     
   3.3781512503836435       -7.5446605033650114     
   3.4281512503836438       -7.6446741348674125     
   3.4781512503836436       -7.7440413231506984     
   3.5281512503836434       -7.8438715742740026     
   3.5781512503836437       -7.9433344727779529     
   3.6281512503836439       -8.0431127270843064     
   3.6781512503836433       -8.1430602185984426     
   3.7281512503836436       -8.2428040807233902     
   3.7781512503836439       -8.3424601124240567     
   3.8281512503836432       -8.4423236208107788     
   3.8781512503836435       -8.5422520451586763     
   3.9281512503836438       -8.6422458636985038     
   3.9781512503836440       -8.7420348409179258     
   4.0281512503836439       -8.8419618867859988     
   4.0781512503836437       -8.9418629895920816     
   4.1281512503836435       -9.0418099933708032     
   4.1781512503836433       -9.1416899936415259     
   4.2281512503836440       -9.2416577511553069     
   4.2781512503836439       -9.3415811431691278     
 zone T = "ep =    7.9432823472428138E-002 ",
  0.77815125038364363       -2.3418721420849522     
  0.82815125038364368       -2.5946537293049143     
  0.87815125038364372       -2.8071407142384603     
  0.92815125038364366       -2.9603861396308355     
  0.97815125038364359       -3.0333442662831049     
   1.0281512503836436       -3.0301332993563066     
   1.0781512503836437       -2.9795668522985501     
   1.1281512503836437       -3.1988511794750449     
   1.1781512503836435       -3.3501253576188259     
   1.2281512503836436       -3.3774378177123672     
   1.2781512503836436       -3.4474857764818769     
   1.3281512503836437       -3.6071410620867965     
   1.3781512503836437       -3.6019185531790932     
   1.4281512503836438       -3.7803044020839871     
   1.4781512503836436       -3.7967123827217391     
   1.5281512503836436       -3.9612107266282801     
   1.5781512503836437       -4.0375715359915807     
   1.6281512503836435       -4.1019474537639136     
   1.6781512503836438       -4.2004795407896580     
   1.7281512503836436       -4.3018723120556599     
   1.7781512503836436       -4.3067779681727352     
   1.8281512503836437       -4.4985544706366891     
   1.8781512503836437       -4.6059828380920909     
   1.9281512503836435       -4.6827320199120397     
   1.9781512503836436       -4.7845712893432459     
   2.0281512503836439       -4.8829921172782011     
   2.0781512503836437       -4.9685667489649719     
   2.1281512503836435       -5.0741329980956529     
   2.1781512503836438       -5.1621989806869841     
   2.2281512503836436       -5.2603304263653552     
   2.2781512503836439       -5.3619110658135627     
   2.3281512503836437       -5.4575234424063144     
   2.3781512503836439       -5.5518029144564496     
   2.4281512503836433       -5.6501268789670096     
   2.4781512503836436       -5.7428547320954406     
   2.5281512503836434       -5.8417296068606683     
   2.5781512503836437       -5.9376109363367675     
   2.6281512503836435       -6.0375810008284363     
   2.6781512503836438       -6.1358945751146177     
   2.7281512503836436       -6.2318098751117343     
   2.7781512503836434       -6.3291563418654384     
   2.8281512503836432       -6.4289870253719101     
   2.8781512503836435       -6.5274265388541384     
   2.9281512503836433       -6.6263805724406941     
   2.9781512503836440       -6.7257615323060964     
   3.0281512503836434       -6.8240940697856498     
   3.0781512503836437       -6.9235062586801881     
   3.1281512503836435       -7.0219614699559409     
   3.1781512503836433       -7.1210636182638458     
   3.2281512503836436       -7.2205087618952524     
   3.2781512503836439       -7.3197571628749181     
   3.3281512503836437       -7.4192809478471968     
   3.3781512503836435       -7.5184218147258219     
   3.4281512503836438       -7.6183823308882301     
   3.4781512503836436       -7.7176590870861785     
   3.5281512503836434       -7.8174339717667234     
   3.5781512503836437       -7.9168218881900403     
   3.6281512503836439       -8.0165496948893420     
   3.6781512503836433       -8.1164613194374855     
   3.7281512503836436       -8.2161593871603671     
   3.7781512503836439       -8.3157669487382542     
   3.8281512503836432       -8.4155980990270081     
   3.8781512503836435       -8.5155007796435527     
   3.9281512503836438       -8.6154752507081849     
   3.9781512503836440       -8.7152336825945742     
   4.0281512503836439       -8.8151408438884857     
   4.0781512503836437       -8.9150219975521807     
   4.1281512503836435       -9.0149534345111704     
   4.1781512503836433       -9.1148148664325976     
   4.2281512503836440       -9.2147708345609498     
   4.2781512503836439       -9.3146806351203431     
 zone T = "ep =    6.3095734448019331E-002 ",
  0.77815125038364363       -2.3085366630920126     
  0.82815125038364368       -2.5657406306137562     
  0.87815125038364372       -2.7808535640626313     
  0.92815125038364366       -2.9353179597997672     
  0.97815125038364359       -3.0082595029118981     
   1.0281512503836436       -3.0044439917875652     
   1.0781512503836437       -2.9533290079382146     
   1.1281512503836437       -3.1771078599540741     
   1.1781512503836435       -3.3298746436614621     
   1.2281512503836436       -3.3549165291857324     
   1.2781512503836436       -3.4259044613484511     
   1.3281512503836437       -3.5881489218590294     
   1.3781512503836437       -3.5792625217793619     
   1.4281512503836438       -3.7620602013088225     
   1.4781512503836436       -3.7751237099478523     
   1.5281512503836436       -3.9434497275514406     
   1.5781512503836437       -4.0195865976775558     
   1.6281512503836435       -4.0825597037350114     
   1.6781512503836438       -4.1814933859412182     
   1.7281512503836436       -4.2835822278118290     
   1.7781512503836436       -4.2838777695301369     
   1.8281512503836437       -4.4813530428884780     
   1.8781512503836437       -4.5897467124411842     
   1.9281512503836435       -4.6653878105336348     
   1.9781512503836436       -4.7676881302819938     
   2.0281512503836439       -4.8663417476180975     
   2.0781512503836437       -4.9511697625004141     
   2.1281512503836435       -5.0573638246053259     
   2.1781512503836438       -5.1447113899992782     
   2.2281512503836436       -5.2427994349918636     
   2.2781512503836439       -5.3445275674333956     
   2.3281512503836437       -5.4398228778393971     
   2.3781512503836439       -5.5336436377974234     
   2.4281512503836433       -5.6317738138336955     
   2.4781512503836436       -5.7238898099823610     
   2.5281512503836434       -5.8225620334634547     
   2.5781512503836437       -5.9180195621380633     
   2.6281512503836435       -6.0178347074535417     
   2.6781512503836438       -6.1158767805569401     
   2.7281512503836436       -6.2113586955647637     
   2.7781512503836434       -6.3083699405286735     
   2.8281512503836432       -6.4080313858093199     
   2.8781512503836435       -6.5062158381594575     
   2.9281512503836433       -6.6049551030777680     
   2.9781512503836440       -6.7041554235596852     
   3.0281512503836434       -6.8022497435245892     
   3.0781512503836437       -6.9015001381082630     
   3.1281512503836435       -6.9997432120411514     
   3.1781512503836433       -7.0986822035650166     
   3.2281512503836436       -7.1979935771390116     
   3.2781512503836439       -7.2971046018665113     
   3.3281512503836437       -7.3965154369163173     
   3.3781512503836435       -7.4955279627050073     
   3.4281512503836438       -7.5954159443599769     
   3.4781512503836436       -7.6945860629356906     
   3.5281512503836434       -7.7942898165609504     
   3.5781512503836437       -7.8935893918205045     
   3.6281512503836439       -7.9932539611212068     
   3.6781512503836433       -8.0931177426992438     
   3.7281512503836436       -8.1927597458686936     
   3.7781512503836439       -8.2923098843067624     
   3.8281512503836432       -8.3921001375826396     
   3.8781512503836435       -8.4919692438671426     
   3.9281512503836438       -8.5919171600015307     
   3.9781512503836440       -8.6916391545050580     
   4.0281512503836439       -8.7915208123560173     
   4.0781512503836437       -8.8913770745545495     
   4.1281512503836435       -8.9912884122386654     
   4.1781512503836433       -9.0911274286898855     
   4.2281512503836440       -9.1910679432713813     
   4.2781512503836439       -9.2909610145432584     
 zone T = "ep =    5.0118723362727227E-002 ",
  0.77815125038364363       -2.2799314439593337     
  0.82815125038364368       -2.5408328999292809     
  0.87815125038364372       -2.7579725975962801     
  0.92815125038364366       -2.9133019497010242     
  0.97815125038364359       -2.9862716604777466     
   1.0281512503836436       -2.9822042840661758     
   1.0781512503836437       -2.9309511185406025     
   1.1281512503836437       -3.1584706170387240     
   1.1781512503836435       -3.3123417469541758     
   1.2281512503836436       -3.3354095454067187     
   1.2781512503836436       -3.4072787879484454     
   1.3281512503836437       -3.5716422907126160     
   1.3781512503836437       -3.5596745430921359     
   1.4281512503836438       -3.7462720101645628     
   1.4781512503836436       -3.7564802851586609     
   1.5281512503836436       -3.9281437602360549     
   1.5781512503836437       -4.0041799266024185     
   1.6281512503836435       -4.0659527582759125     
   1.6781512503836438       -4.1652777105387209     
   1.7281512503836436       -4.2680564850140978     
   1.7781512503836436       -4.2642655472592290     
   1.8281512503836437       -4.4670052223889121     
   1.8781512503836437       -4.5763747777448840     
   1.9281512503836435       -4.6510775331096434     
   1.9781512503836436       -4.7538913317018663     
   2.0281512503836439       -4.8528593566082519     
   2.0781512503836437       -4.9370610160728887     
   2.1281512503836435       -5.0439466534796074     
   2.1781512503836438       -5.1306696614829788     
   2.2281512503836436       -5.2287794230520168     
   2.2781512503836439       -5.3307048247830728     
   2.3281512503836437       -5.4257343386856567     
   2.3781512503836439       -5.5191348300027405     
   2.4281512503836433       -5.6170962165712073     
   2.4781512503836436       -5.7086200460989946     
   2.5281512503836434       -5.8070929315769897     
   2.5781512503836437       -5.9021238457617873     
   2.6281512503836435       -6.0017694013234264     
   2.6781512503836438       -6.0995212263148115     
   2.7281512503836436       -6.1945484337835843     
   2.7781512503836434       -6.2911978355161908     
   2.8281512503836432       -6.3906573170794703     
   2.8781512503836435       -6.4885540222670439     
   2.9281512503836433       -6.5870442823160573     
   2.9781512503836440       -6.6860286397255475     
   3.0281512503836434       -6.7838518732769195     
   3.0781512503836437       -6.8829064574533891     
   3.1281512503836435       -6.9809067694893523     
   3.1781512503836433       -7.0796522250926861     
   3.2281512503836436       -7.1788003781338219     
   3.2781512503836439       -7.2777469788723694     
   3.3281512503836437       -7.3770190354964056     
   3.3781512503836435       -7.4758804159224441     
   3.4281512503836438       -7.5756726863319352     
   3.4781512503836436       -7.6747168202889400     
   3.5281512503836434       -7.7743304322458053     
   3.5781512503836437       -7.8735255331254157     
   3.6281512503836439       -7.9731113046308604     
   3.6781512503836433       -8.0729125946700169     
   3.7281512503836436       -8.1724859511029297     
   3.7781512503836439       -8.2719676746867581     
   3.8281512503836432       -8.3717064979157492     
   3.8781512503836435       -8.4715323428280360     
   3.9281512503836438       -8.5714447628813133     
   3.9781512503836440       -8.6711230118389473     
   4.0281512503836439       -8.7709721758006314     
   4.0781512503836437       -8.8707973903961523     
   4.1281512503836435       -8.9706829729319342     
   4.1781512503836433       -9.0704947695576283     
   4.2281512503836440       -9.1704152484029500     
   4.2781512503836439       -9.2702876633056643     
 zone T = "ep =    3.9810717055349734E-002 ",
  0.77815125038364363       -2.2556932524161004     
  0.82815125038364368       -2.5196743807997151     
  0.87815125038364372       -2.7383748048479823     
  0.92815125038364366       -2.8943004755019497     
  0.97815125038364359       -2.9673074701829476     
   1.0281512503836436       -2.9631958719420073     
   1.0781512503836437       -2.9120440685552049     
   1.1281512503836437       -3.1426392661852498     
   1.1781512503836435       -3.2973059081534632     
   1.2281512503836436       -3.3186864240993836     
   1.2781512503836436       -3.3913483393355910     
   1.3281512503836437       -3.5574159211316738     
   1.3781512503836437       -3.5429121101811272     
   1.4281512503836438       -3.7327109143766122     
   1.4781512503836436       -3.7405371682140460     
   1.5281512503836436       -3.9150439259614425     
   1.5781512503836437       -3.9910714604347106     
   1.6281512503836435       -4.0518481198288088     
   1.6781512503836438       -4.1515455339105483     
   1.7281512503836436       -4.2549875278342197     
   1.7781512503836436       -4.2476685554906757     
   1.8281512503836437       -4.4551553362034539     
   1.8781512503836437       -4.5654861553378581     
   1.9281512503836435       -4.6394324173323120     
   1.9781512503836436       -4.7428014728395436     
   2.0281512503836439       -4.8421605266398577     
   2.0781512503836437       -4.9258735262178277     
   2.1281512503836435       -5.0335105179836068     
   2.1781512503836438       -5.1197269207439886     
   2.2281512503836436       -5.2179386655780045     
   2.2781512503836439       -5.3201259365152636     
   2.3281512503836437       -5.4149644781722328     
   2.3781512503836439       -5.5080086589267747     
   2.4281512503836433       -5.6058483317787511     
   2.4781512503836436       -5.6968250810889485     
   2.5281512503836434       -5.7951215441467037     
   2.5781512503836437       -5.8897424668079355     
   2.6281512503836435       -5.9892188424230994     
   2.6781512503836438       -6.0866753310885038     
   2.7281512503836436       -6.1812385740513038     
   2.7781512503836434       -6.2775085406654387     
   2.8281512503836432       -6.3767392822030962     
   2.8781512503836435       -6.4743199412844925     
   2.9281512503836433       -6.5725294323821464     
   2.9781512503836440       -6.6712633023995469     
   3.0281512503836434       -6.7687824537418493     
   3.0781512503836437       -6.8676057312353844     
   3.1281512503836435       -6.9653307076287572     
   3.1781512503836433       -7.0638495081834822     
   3.2281512503836436       -7.1628017162089197     
   3.2781512503836439       -7.2615533899079283     
   3.3281512503836437       -7.3606571415158566     
   3.3781512503836435       -7.4593409978156435     
   3.4281512503836438       -7.5590105074571587     
   3.4781512503836436       -7.6579058318108997     
   3.5281512503836434       -7.7574067423575999     
   3.5781512503836437       -7.8564780422436291     
   3.6281512503836439       -7.9559663043826019     
   3.6781512503836433       -8.0556874224714061     
   3.7281512503836436       -8.1551768357534389     
   3.7781512503836439       -8.2545766989226124     
   3.8281512503836432       -8.3542512028930727     
   3.8781512503836435       -8.4540219064978128     
   3.9281512503836438       -8.5538878493052675     
   3.9781512503836440       -8.6535133004943123     
   4.0281512503836439       -8.7533213271870682     
   4.0781512503836437       -8.8531078562488368     
   4.1281512503836435       -8.9529606654175353     
   4.1781512503836433       -9.0527392506469475     
   4.2281512503836440       -9.1526339922297382     
   4.2781512503836439       -9.2524808457341781     
 zone T = "ep =    3.1622776601683791E-002 ",
  0.77815125038364363       -2.2353800515021702     
  0.82815125038364368       -2.5019168862258825     
  0.87815125038364372       -2.7218177245008204     
  0.92815125038364366       -2.8781399497154592     
  0.97815125038364359       -2.9511723105875545     
   1.0281512503836436       -2.9471233276675304     
   1.0781512503836437       -2.8961929775148496     
   1.1281512503836437       -3.1292885427575059     
   1.1781512503836435       -3.2845096884641971     
   1.2281512503836436       -3.3044757405064389     
   1.2781512503836436       -3.3778331031063198     
   1.3281512503836437       -3.5452497613416898     
