 zone T = "Differential Variable - IMPLICIT",
 0.69529-309  0.00000E+00
         NaN  0.00000E+00
 0.26531-320  0.00000E+00
 0.49407-323  0.00000E+00
 0.49407-323  0.00000E+00
 0.98813-323  0.00000E+00
 0.69004-309  0.00000E+00
 0.16578-314  0.00000E+00
 0.00000E+00  0.00000E+00
 0.82890-316  0.00000E+00
 0.00000E+00  0.00000E+00
 0.00000E+00  0.00000E+00
 0.00000E+00  0.00000E+00
 0.00000E+00  0.00000E+00
 0.00000E+00  0.00000E+00
 0.00000E+00  0.00000E+00
 0.00000E+00  0.00000E+00
 0.00000E+00  0.00000E+00
 0.00000E+00  0.00000E+00
 0.00000E+00  0.00000E+00
-0.20000E+01 -0.50870E+01
 0.00000E+00  0.00000E+00
 0.00000E+00  0.00000E+00
 0.00000E+00  0.00000E+00
 0.00000E+00  0.00000E+00
 0.00000E+00  0.00000E+00
 0.00000E+00  0.00000E+00
 0.00000E+00  0.00000E+00
 0.00000E+00  0.00000E+00
 0.46488-309  0.00000E+00
 0.21220-313  0.00000E+00
 0.63660-313  0.00000E+00
 0.00000E+00  0.00000E+00
 0.00000E+00  0.00000E+00
 0.00000E+00  0.00000E+00
 0.00000E+00  0.00000E+00
 0.00000E+00  0.00000E+00
 0.00000E+00  0.00000E+00
 0.00000E+00  0.00000E+00
 0.00000E+00  0.00000E+00
 0.00000E+00  0.00000E+00
 0.00000E+00  0.00000E+00
 0.00000E+00  0.00000E+00
 0.00000E+00  0.00000E+00
 0.00000E+00  0.00000E+00
 0.00000E+00  0.00000E+00
 0.00000E+00  0.00000E+00
 0.00000E+00  0.00000E+00
 0.00000E+00  0.00000E+00
 0.00000E+00  0.00000E+00
 0.00000E+00  0.00000E+00
 0.00000E+00  0.00000E+00
 0.00000E+00  0.00000E+00
 0.00000E+00  0.00000E+00
 0.00000E+00  0.00000E+00
 0.00000E+00  0.00000E+00
 0.00000E+00  0.00000E+00
 0.00000E+00  0.00000E+00
 0.00000E+00  0.00000E+00
 0.00000E+00  0.00000E+00
 0.00000E+00  0.00000E+00
 0.00000E+00  0.00000E+00
 0.00000E+00  0.00000E+00
 0.00000E+00  0.00000E+00
 0.00000E+00  0.00000E+00
 0.13262-314  0.00000E+00
 0.00000E+00  0.00000E+00
 0.00000E+00  0.00000E+00
 0.00000E+00  0.00000E+00
 0.00000E+00  0.00000E+00
 0.00000E+00  0.00000E+00
 0.00000E+00  0.00000E+00
 0.00000E+00  0.00000E+00
 0.00000E+00  0.00000E+00
 0.98813-323  0.00000E+00
-0.69169-322  0.00000E+00
 0.00000E+00  0.00000E+00
 0.00000E+00  0.00000E+00
 0.00000E+00  0.00000E+00
 0.00000E+00  0.00000E+00
 0.00000E+00  0.00000E+00
 zone T = "Differential Variable - IMPLICIT",
 0.69529-309  0.00000E+00
         NaN  0.00000E+00
 0.26531-320  0.00000E+00
 0.49407-323  0.00000E+00
 0.49407-323  0.00000E+00
 0.98813-323  0.00000E+00
 0.69004-309  0.00000E+00
 0.16578-314  0.00000E+00
 0.00000E+00  0.00000E+00
 0.82890-316  0.00000E+00
 0.00000E+00  0.00000E+00
 0.00000E+00  0.00000E+00
 0.00000E+00  0.00000E+00
 0.00000E+00  0.00000E+00
 0.00000E+00  0.00000E+00
 0.00000E+00  0.00000E+00
 0.00000E+00  0.00000E+00
 0.00000E+00  0.00000E+00
 0.00000E+00  0.00000E+00
 0.00000E+00  0.00000E+00
-0.20000E+01 -0.28609E+01
 0.00000E+00  0.00000E+00
 0.00000E+00  0.00000E+00
 0.00000E+00  0.00000E+00
 0.00000E+00  0.00000E+00
 0.00000E+00  0.00000E+00
 0.00000E+00  0.00000E+00
 0.00000E+00  0.00000E+00
 0.00000E+00  0.00000E+00
 0.46488-309  0.00000E+00
 0.21220-313  0.00000E+00
 0.63660-313  0.00000E+00
 0.00000E+00  0.00000E+00
 0.00000E+00  0.00000E+00
 0.00000E+00  0.00000E+00
 0.00000E+00  0.00000E+00
 0.00000E+00  0.00000E+00
 0.00000E+00  0.00000E+00
 0.00000E+00  0.00000E+00
 0.00000E+00  0.00000E+00
 0.00000E+00  0.00000E+00
 0.00000E+00  0.00000E+00
 0.00000E+00  0.00000E+00
 0.00000E+00  0.00000E+00
 0.00000E+00  0.00000E+00
 0.00000E+00  0.00000E+00
 0.00000E+00  0.00000E+00
 0.00000E+00  0.00000E+00
 0.00000E+00  0.00000E+00
 0.00000E+00  0.00000E+00
 0.00000E+00  0.00000E+00
 0.00000E+00  0.00000E+00
 0.00000E+00  0.00000E+00
 0.00000E+00  0.00000E+00
 0.00000E+00  0.00000E+00
 0.00000E+00  0.00000E+00
 0.00000E+00  0.00000E+00
 0.00000E+00  0.00000E+00
 0.00000E+00  0.00000E+00
 0.00000E+00  0.00000E+00
 0.00000E+00  0.00000E+00
 0.00000E+00  0.00000E+00
 0.00000E+00  0.00000E+00
 0.00000E+00  0.00000E+00
 0.00000E+00  0.00000E+00
 0.13262-314  0.00000E+00
 0.00000E+00  0.00000E+00
 0.00000E+00  0.00000E+00
 0.00000E+00  0.00000E+00
 0.00000E+00  0.00000E+00
 0.00000E+00  0.00000E+00
 0.00000E+00  0.00000E+00
 0.00000E+00  0.00000E+00
 0.00000E+00  0.00000E+00
 0.98813-323  0.00000E+00
-0.69169-322  0.00000E+00
 0.00000E+00  0.00000E+00
 0.00000E+00  0.00000E+00
 0.00000E+00  0.00000E+00
 0.00000E+00  0.00000E+00
 0.00000E+00  0.00000E+00
 zone T = "Differential Variable - IMPLICIT",
 0.69529-309  0.00000E+00
         NaN  0.00000E+00
 0.26531-320  0.00000E+00
 0.49407-323  0.00000E+00
 0.49407-323  0.00000E+00
 0.98813-323  0.00000E+00
 0.69004-309  0.00000E+00
 0.16578-314  0.00000E+00
 0.00000E+00  0.00000E+00
 0.82890-316  0.00000E+00
 0.00000E+00  0.00000E+00
 0.00000E+00  0.00000E+00
 0.00000E+00  0.00000E+00
 0.00000E+00  0.00000E+00
 0.00000E+00  0.00000E+00
 0.00000E+00  0.00000E+00
 0.00000E+00  0.00000E+00
 0.00000E+00  0.00000E+00
 0.00000E+00  0.00000E+00
 0.00000E+00  0.00000E+00
-0.20000E+01 -0.21155E+01
 0.00000E+00  0.00000E+00
 0.00000E+00  0.00000E+00
 0.00000E+00  0.00000E+00
 0.00000E+00  0.00000E+00
 0.00000E+00  0.00000E+00
 0.00000E+00  0.00000E+00
 0.00000E+00  0.00000E+00
 0.00000E+00  0.00000E+00
 0.46488-309  0.00000E+00
 0.21220-313  0.00000E+00
 0.63660-313  0.00000E+00
 0.00000E+00  0.00000E+00
 0.00000E+00  0.00000E+00
 0.00000E+00  0.00000E+00
 0.00000E+00  0.00000E+00
 0.00000E+00  0.00000E+00
 0.00000E+00  0.00000E+00
 0.00000E+00  0.00000E+00
 0.00000E+00  0.00000E+00
 0.00000E+00  0.00000E+00
 0.00000E+00  0.00000E+00
 0.00000E+00  0.00000E+00
 0.00000E+00  0.00000E+00
 0.00000E+00  0.00000E+00
 0.00000E+00  0.00000E+00
 0.00000E+00  0.00000E+00
 0.00000E+00  0.00000E+00
 0.00000E+00  0.00000E+00
 0.00000E+00  0.00000E+00
 0.00000E+00  0.00000E+00
 0.00000E+00  0.00000E+00
 0.00000E+00  0.00000E+00
 0.00000E+00  0.00000E+00
 0.00000E+00  0.00000E+00
 0.00000E+00  0.00000E+00
 0.00000E+00  0.00000E+00
 0.00000E+00  0.00000E+00
 0.00000E+00  0.00000E+00
 0.00000E+00  0.00000E+00
 0.00000E+00  0.00000E+00
 0.00000E+00  0.00000E+00
 0.00000E+00  0.00000E+00
 0.00000E+00  0.00000E+00
 0.00000E+00  0.00000E+00
 0.13262-314  0.00000E+00
 0.00000E+00  0.00000E+00
 0.00000E+00  0.00000E+00
 0.00000E+00  0.00000E+00
 0.00000E+00  0.00000E+00
 0.00000E+00  0.00000E+00
 0.00000E+00  0.00000E+00
 0.00000E+00  0.00000E+00
 0.00000E+00  0.00000E+00
 0.98813-323  0.00000E+00
-0.69169-322  0.00000E+00
 0.00000E+00  0.00000E+00
 0.00000E+00  0.00000E+00
 0.00000E+00  0.00000E+00
 0.00000E+00  0.00000E+00
 0.00000E+00  0.00000E+00
 zone T = "Differential Variable - IMPLICIT",
 0.69529-309  0.00000E+00
         NaN  0.00000E+00
 0.26531-320  0.00000E+00
 0.49407-323  0.00000E+00
 0.49407-323  0.00000E+00
 0.98813-323  0.00000E+00
 0.69004-309  0.00000E+00
 0.16578-314  0.00000E+00
 0.00000E+00  0.00000E+00
 0.82890-316  0.00000E+00
 0.00000E+00  0.00000E+00
 0.00000E+00  0.00000E+00
 0.00000E+00  0.00000E+00
 0.00000E+00  0.00000E+00
 0.00000E+00  0.00000E+00
 0.00000E+00  0.00000E+00
 0.00000E+00  0.00000E+00
 0.00000E+00  0.00000E+00
 0.00000E+00  0.00000E+00
 0.00000E+00  0.00000E+00
-0.20000E+01 -0.72492E+01
 0.00000E+00  0.00000E+00
 0.00000E+00  0.00000E+00
 0.00000E+00  0.00000E+00
 0.00000E+00  0.00000E+00
 0.00000E+00  0.00000E+00
 0.00000E+00  0.00000E+00
 0.00000E+00  0.00000E+00
 0.00000E+00  0.00000E+00
 0.46488-309  0.00000E+00
 0.21220-313  0.00000E+00
 0.63660-313  0.00000E+00
 0.00000E+00  0.00000E+00
 0.00000E+00  0.00000E+00
 0.00000E+00  0.00000E+00
 0.00000E+00  0.00000E+00
 0.00000E+00  0.00000E+00
 0.00000E+00  0.00000E+00
 0.00000E+00  0.00000E+00
 0.00000E+00  0.00000E+00
 0.00000E+00  0.00000E+00
 0.00000E+00  0.00000E+00
 0.00000E+00  0.00000E+00
 0.00000E+00  0.00000E+00
 0.00000E+00  0.00000E+00
 0.00000E+00  0.00000E+00
 0.00000E+00  0.00000E+00
 0.00000E+00  0.00000E+00
 0.00000E+00  0.00000E+00
 0.00000E+00  0.00000E+00
 0.00000E+00  0.00000E+00
 0.00000E+00  0.00000E+00
 0.00000E+00  0.00000E+00
 0.00000E+00  0.00000E+00
 0.00000E+00  0.00000E+00
 0.00000E+00  0.00000E+00
 0.00000E+00  0.00000E+00
 0.00000E+00  0.00000E+00
 0.00000E+00  0.00000E+00
 0.00000E+00  0.00000E+00
 0.00000E+00  0.00000E+00
 0.00000E+00  0.00000E+00
 0.00000E+00  0.00000E+00
 0.00000E+00  0.00000E+00
 0.00000E+00  0.00000E+00
 0.13262-314  0.00000E+00
 0.00000E+00  0.00000E+00
 0.00000E+00  0.00000E+00
 0.00000E+00  0.00000E+00
 0.00000E+00  0.00000E+00
 0.00000E+00  0.00000E+00
 0.00000E+00  0.00000E+00
 0.00000E+00  0.00000E+00
 0.00000E+00  0.00000E+00
 0.98813-323  0.00000E+00
-0.69169-322  0.00000E+00
 0.00000E+00  0.00000E+00
 0.00000E+00  0.00000E+00
 0.00000E+00  0.00000E+00
 0.00000E+00  0.00000E+00
 0.00000E+00  0.00000E+00
 zone T = "Differential Variable - IMPLICIT",
 0.69529-309  0.00000E+00
         NaN  0.00000E+00
 0.26531-320  0.00000E+00
 0.49407-323  0.00000E+00
 0.49407-323  0.00000E+00
 0.98813-323  0.00000E+00
 0.69004-309  0.00000E+00
 0.16578-314  0.00000E+00
 0.00000E+00  0.00000E+00
 0.82890-316  0.00000E+00
 0.00000E+00  0.00000E+00
 0.00000E+00  0.00000E+00
 0.00000E+00  0.00000E+00
 0.00000E+00  0.00000E+00
 0.00000E+00  0.00000E+00
 0.00000E+00  0.00000E+00
 0.00000E+00  0.00000E+00
 0.00000E+00  0.00000E+00
 0.00000E+00  0.00000E+00
 0.00000E+00  0.00000E+00
-0.20000E+01 -0.47019E+01
 0.00000E+00  0.00000E+00
 0.00000E+00  0.00000E+00
 0.00000E+00  0.00000E+00
 0.00000E+00  0.00000E+00
 0.00000E+00  0.00000E+00
 0.00000E+00  0.00000E+00
 0.00000E+00  0.00000E+00
 0.00000E+00  0.00000E+00
 0.46488-309  0.00000E+00
 0.21220-313  0.00000E+00
 0.63660-313  0.00000E+00
 0.00000E+00  0.00000E+00
 0.00000E+00  0.00000E+00
 0.00000E+00  0.00000E+00
 0.00000E+00  0.00000E+00
 0.00000E+00  0.00000E+00
 0.00000E+00  0.00000E+00
 0.00000E+00  0.00000E+00
 0.00000E+00  0.00000E+00
 0.00000E+00  0.00000E+00
 0.00000E+00  0.00000E+00
 0.00000E+00  0.00000E+00
 0.00000E+00  0.00000E+00
 0.00000E+00  0.00000E+00
 0.00000E+00  0.00000E+00
 0.00000E+00  0.00000E+00
 0.00000E+00  0.00000E+00
 0.00000E+00  0.00000E+00
 0.00000E+00  0.00000E+00
 0.00000E+00  0.00000E+00
 0.00000E+00  0.00000E+00
 0.00000E+00  0.00000E+00
 0.00000E+00  0.00000E+00
 0.00000E+00  0.00000E+00
 0.00000E+00  0.00000E+00
 0.00000E+00  0.00000E+00
 0.00000E+00  0.00000E+00
 0.00000E+00  0.00000E+00
 0.00000E+00  0.00000E+00
 0.00000E+00  0.00000E+00
 0.00000E+00  0.00000E+00
 0.00000E+00  0.00000E+00
 0.00000E+00  0.00000E+00
 0.00000E+00  0.00000E+00
 0.13262-314  0.00000E+00
 0.00000E+00  0.00000E+00
 0.00000E+00  0.00000E+00
 0.00000E+00  0.00000E+00
 0.00000E+00  0.00000E+00
 0.00000E+00  0.00000E+00
 0.00000E+00  0.00000E+00
 0.00000E+00  0.00000E+00
 0.00000E+00  0.00000E+00
 0.98813-323  0.00000E+00
-0.69169-322  0.00000E+00
 0.00000E+00  0.00000E+00
 0.00000E+00  0.00000E+00
 0.00000E+00  0.00000E+00
 0.00000E+00  0.00000E+00
 0.00000E+00  0.00000E+00
 zone T = "Differential Variable - IMPLICIT",
 0.69529-309  0.00000E+00
         NaN  0.00000E+00
 0.26531-320  0.00000E+00
 0.49407-323  0.00000E+00
 0.49407-323  0.00000E+00
 0.98813-323  0.00000E+00
 0.69004-309  0.00000E+00
 0.16578-314  0.00000E+00
 0.00000E+00  0.00000E+00
 0.82890-316  0.00000E+00
 0.00000E+00  0.00000E+00
 0.00000E+00  0.00000E+00
 0.00000E+00  0.00000E+00
 0.00000E+00  0.00000E+00
 0.00000E+00  0.00000E+00
 0.00000E+00  0.00000E+00
 0.00000E+00  0.00000E+00
 0.00000E+00  0.00000E+00
 0.00000E+00  0.00000E+00
 0.00000E+00  0.00000E+00
-0.20000E+01  0.22292E+01
 0.00000E+00  0.00000E+00
 0.00000E+00  0.00000E+00
 0.00000E+00  0.00000E+00
 0.00000E+00  0.00000E+00
 0.00000E+00  0.00000E+00
 0.00000E+00  0.00000E+00
 0.00000E+00  0.00000E+00
 0.00000E+00  0.00000E+00
 0.46488-309  0.00000E+00
 0.21220-313  0.00000E+00
 0.63660-313  0.00000E+00
 0.00000E+00  0.00000E+00
 0.00000E+00  0.00000E+00
 0.00000E+00  0.00000E+00
 0.00000E+00  0.00000E+00
 0.00000E+00  0.00000E+00
 0.00000E+00  0.00000E+00
 0.00000E+00  0.00000E+00
 0.00000E+00  0.00000E+00
 0.00000E+00  0.00000E+00
 0.00000E+00  0.00000E+00
 0.00000E+00  0.00000E+00
 0.00000E+00  0.00000E+00
 0.00000E+00  0.00000E+00
 0.00000E+00  0.00000E+00
 0.00000E+00  0.00000E+00
 0.00000E+00  0.00000E+00
 0.00000E+00  0.00000E+00
 0.00000E+00  0.00000E+00
 0.00000E+00  0.00000E+00
 0.00000E+00  0.00000E+00
 0.00000E+00  0.00000E+00
 0.00000E+00  0.00000E+00
 0.00000E+00  0.00000E+00
 0.00000E+00  0.00000E+00
 0.00000E+00  0.00000E+00
 0.00000E+00  0.00000E+00
 0.00000E+00  0.00000E+00
 0.00000E+00  0.00000E+00
 0.00000E+00  0.00000E+00
 0.00000E+00  0.00000E+00
 0.00000E+00  0.00000E+00
 0.00000E+00  0.00000E+00
 0.00000E+00  0.00000E+00
 0.13262-314  0.00000E+00
 0.00000E+00  0.00000E+00
 0.00000E+00  0.00000E+00
 0.00000E+00  0.00000E+00
 0.00000E+00  0.00000E+00
 0.00000E+00  0.00000E+00
 0.00000E+00  0.00000E+00
 0.00000E+00  0.00000E+00
 0.00000E+00  0.00000E+00
 0.98813-323  0.00000E+00
-0.69169-322  0.00000E+00
 0.00000E+00  0.00000E+00
 0.00000E+00  0.00000E+00
 0.00000E+00  0.00000E+00
 0.00000E+00  0.00000E+00
 0.00000E+00  0.00000E+00
