 zone T = "Var            1 : IMEX",
 0.00000E+00  0.90998E+00
-0.10000E+00  0.95427E+00
-0.20000E+00  0.96792E+00
-0.30000E+00  0.97651E+00
-0.40000E+00  0.98324E+00
-0.50000E+00  0.98895E+00
-0.60000E+00  0.99388E+00
-0.70000E+00  0.99813E+00
-0.80000E+00  0.10017E+01
-0.90000E+00  0.10048E+01
-0.10000E+01  0.10073E+01
-0.11000E+01  0.10095E+01
-0.12000E+01  0.10114E+01
-0.13000E+01  0.10130E+01
-0.14000E+01  0.10145E+01
-0.15000E+01  0.10159E+01
-0.16000E+01  0.10172E+01
-0.17000E+01  0.10184E+01
-0.18000E+01  0.10196E+01
-0.19000E+01  0.10207E+01
-0.20000E+01  0.10219E+01
-0.21000E+01  0.10230E+01
-0.22000E+01  0.10240E+01
-0.23000E+01  0.10248E+01
-0.24000E+01  0.10254E+01
-0.25000E+01  0.10257E+01
-0.26000E+01  0.10258E+01
-0.27000E+01  0.10255E+01
-0.28000E+01  0.10250E+01
-0.29000E+01  0.10242E+01
-0.30000E+01  0.10231E+01
-0.31000E+01  0.10219E+01
-0.32000E+01  0.10203E+01
-0.33000E+01  0.10186E+01
-0.34000E+01  0.10167E+01
-0.35000E+01  0.10146E+01
-0.36000E+01  0.10123E+01
-0.37000E+01  0.10101E+01
-0.38000E+01  0.10080E+01
-0.39000E+01  0.10063E+01
-0.40000E+01  0.10050E+01
-0.41000E+01  0.10044E+01
-0.42000E+01  0.10043E+01
-0.43000E+01  0.10049E+01
-0.44000E+01  0.10059E+01
-0.45000E+01  0.10071E+01
-0.46000E+01  0.10085E+01
-0.47000E+01  0.10098E+01
-0.48000E+01  0.10109E+01
-0.49000E+01  0.10119E+01
-0.50000E+01  0.10127E+01
-0.51000E+01  0.10133E+01
-0.52000E+01  0.10140E+01
-0.53000E+01  0.10146E+01
-0.54000E+01  0.10154E+01
-0.55000E+01  0.10163E+01
-0.56000E+01  0.10173E+01
-0.57000E+01  0.10183E+01
-0.58000E+01  0.10192E+01
-0.59000E+01  0.10200E+01
-0.60000E+01  0.10207E+01
-0.61000E+01  0.10213E+01
-0.62000E+01  0.10218E+01
-0.63000E+01  0.10223E+01
-0.64000E+01  0.10227E+01
-0.65000E+01  0.10231E+01
-0.66000E+01  0.10235E+01
-0.67000E+01  0.10238E+01
-0.68000E+01  0.10242E+01
-0.69000E+01  0.10245E+01
-0.70000E+01  0.10248E+01
-0.71000E+01  0.10250E+01
-0.72000E+01  0.10253E+01
-0.73000E+01  0.10254E+01
-0.74000E+01  0.10256E+01
-0.75000E+01  0.10257E+01
-0.76000E+01  0.10259E+01
-0.77000E+01  0.10259E+01
-0.78000E+01  0.10260E+01
-0.79000E+01  0.10261E+01
-0.80000E+01  0.10261E+01
 zone T = "Var            1 : Predicted",
 0.00000E+00  0.29384E+01
-0.10000E+00  0.29258E+01
-0.20000E+00  0.29106E+01
-0.30000E+00  0.28923E+01
-0.40000E+00  0.28692E+01
-0.50000E+00  0.28408E+01
-0.60000E+00  0.28070E+01
-0.70000E+00  0.27677E+01
-0.80000E+00  0.27223E+01
-0.90000E+00  0.26702E+01
-0.10000E+01  0.26107E+01
-0.11000E+01  0.25434E+01
-0.12000E+01  0.24681E+01
-0.13000E+01  0.23844E+01
-0.14000E+01  0.22924E+01
-0.15000E+01  0.21924E+01
-0.16000E+01  0.20848E+01
-0.17000E+01  0.19701E+01
-0.18000E+01  0.18492E+01
-0.19000E+01  0.17227E+01
-0.20000E+01  0.15915E+01
-0.21000E+01  0.14565E+01
-0.22000E+01  0.13187E+01
-0.23000E+01  0.11788E+01
-0.24000E+01  0.10380E+01
-0.25000E+01  0.89697E+00
-0.26000E+01  0.75672E+00
-0.27000E+01  0.61806E+00
-0.28000E+01  0.48184E+00
-0.29000E+01  0.34886E+00
-0.30000E+01  0.21992E+00
-0.31000E+01  0.95770E-01
-0.32000E+01 -0.22892E-01
-0.33000E+01 -0.13542E+00
-0.34000E+01 -0.24123E+00
-0.35000E+01 -0.33983E+00
-0.36000E+01 -0.43082E+00
-0.37000E+01 -0.51388E+00
-0.38000E+01 -0.58883E+00
-0.39000E+01 -0.65557E+00
-0.40000E+01 -0.71416E+00
-0.41000E+01 -0.76476E+00
-0.42000E+01 -0.80770E+00
-0.43000E+01 -0.84346E+00
-0.44000E+01 -0.87268E+00
-0.45000E+01 -0.89610E+00
-0.46000E+01 -0.91457E+00
-0.47000E+01 -0.92893E+00
-0.48000E+01 -0.94000E+00
-0.49000E+01 -0.94848E+00
-0.50000E+01 -0.95497E+00
-0.51000E+01 -0.95994E+00
-0.52000E+01 -0.96375E+00
-0.53000E+01 -0.96669E+00
-0.54000E+01 -0.96896E+00
-0.55000E+01 -0.97073E+00
-0.56000E+01 -0.97211E+00
-0.57000E+01 -0.97318E+00
-0.58000E+01 -0.97403E+00
-0.59000E+01 -0.97470E+00
-0.60000E+01 -0.97522E+00
-0.61000E+01 -0.97564E+00
-0.62000E+01 -0.97598E+00
-0.63000E+01 -0.97625E+00
-0.64000E+01 -0.97647E+00
-0.65000E+01 -0.97664E+00
-0.66000E+01 -0.97678E+00
-0.67000E+01 -0.97689E+00
-0.68000E+01 -0.97696E+00
-0.69000E+01 -0.97707E+00
-0.70000E+01 -0.97712E+00
-0.71000E+01 -0.97705E+00
-0.72000E+01 -0.97706E+00
-0.73000E+01 -0.97709E+00
-0.74000E+01 -0.97677E+00
-0.75000E+01 -0.97692E+00
-0.76000E+01 -0.97604E+00
-0.77000E+01 -0.97595E+00
-0.78000E+01 -0.97531E+00
-0.79000E+01 -0.97315E+00
-0.80000E+01 -0.96994E+00
 zone T = "Var            2 : IMEX",
 0.00000E+00  0.99997E+00
-0.10000E+00  0.10009E+01
-0.20000E+00  0.10025E+01
-0.30000E+00  0.10046E+01
-0.40000E+00  0.10070E+01
-0.50000E+00  0.10094E+01
-0.60000E+00  0.10118E+01
-0.70000E+00  0.10141E+01
-0.80000E+00  0.10161E+01
-0.90000E+00  0.10180E+01
-0.10000E+01  0.10197E+01
-0.11000E+01  0.10212E+01
-0.12000E+01  0.10225E+01
-0.13000E+01  0.10236E+01
-0.14000E+01  0.10247E+01
-0.15000E+01  0.10255E+01
-0.16000E+01  0.10263E+01
-0.17000E+01  0.10269E+01
-0.18000E+01  0.10275E+01
-0.19000E+01  0.10279E+01
-0.20000E+01  0.10283E+01
-0.21000E+01  0.10286E+01
-0.22000E+01  0.10288E+01
-0.23000E+01  0.10290E+01
-0.24000E+01  0.10292E+01
-0.25000E+01  0.10293E+01
-0.26000E+01  0.10294E+01
-0.27000E+01  0.10295E+01
-0.28000E+01  0.10296E+01
-0.29000E+01  0.10296E+01
-0.30000E+01  0.10296E+01
-0.31000E+01  0.10297E+01
-0.32000E+01  0.10297E+01
-0.33000E+01  0.10297E+01
-0.34000E+01  0.10297E+01
-0.35000E+01  0.10297E+01
-0.36000E+01  0.10297E+01
-0.37000E+01  0.10298E+01
-0.38000E+01  0.10298E+01
-0.39000E+01  0.10298E+01
-0.40000E+01  0.10298E+01
-0.41000E+01  0.10298E+01
-0.42000E+01  0.10298E+01
-0.43000E+01  0.10298E+01
-0.44000E+01  0.10298E+01
-0.45000E+01  0.10298E+01
-0.46000E+01  0.10298E+01
-0.47000E+01  0.10298E+01
-0.48000E+01  0.10298E+01
-0.49000E+01  0.10298E+01
-0.50000E+01  0.10298E+01
-0.51000E+01  0.10298E+01
-0.52000E+01  0.10298E+01
-0.53000E+01  0.10298E+01
-0.54000E+01  0.10298E+01
-0.55000E+01  0.10298E+01
-0.56000E+01  0.10298E+01
-0.57000E+01  0.10298E+01
-0.58000E+01  0.10298E+01
-0.59000E+01  0.10298E+01
-0.60000E+01  0.10298E+01
-0.61000E+01  0.10298E+01
-0.62000E+01  0.10298E+01
-0.63000E+01  0.10298E+01
-0.64000E+01  0.10298E+01
-0.65000E+01  0.10298E+01
-0.66000E+01  0.10298E+01
-0.67000E+01  0.10298E+01
-0.68000E+01  0.10298E+01
-0.69000E+01  0.10298E+01
-0.70000E+01  0.10298E+01
-0.71000E+01  0.10298E+01
-0.72000E+01  0.10298E+01
-0.73000E+01  0.10298E+01
-0.74000E+01  0.10298E+01
-0.75000E+01  0.10298E+01
-0.76000E+01  0.10298E+01
-0.77000E+01  0.10298E+01
-0.78000E+01  0.10298E+01
-0.79000E+01  0.10298E+01
-0.80000E+01  0.10298E+01
 zone T = "Var            2 : Predicted",
 0.00000E+00  0.29406E+01
-0.10000E+00  0.29276E+01
-0.20000E+00  0.29118E+01
-0.30000E+00  0.28925E+01
-0.40000E+00  0.28689E+01
-0.50000E+00  0.28404E+01
-0.60000E+00  0.28068E+01
-0.70000E+00  0.27675E+01
-0.80000E+00  0.27221E+01
-0.90000E+00  0.26699E+01
-0.10000E+01  0.26103E+01
-0.11000E+01  0.25428E+01
-0.12000E+01  0.24673E+01
-0.13000E+01  0.23834E+01
-0.14000E+01  0.22914E+01
-0.15000E+01  0.21913E+01
-0.16000E+01  0.20836E+01
-0.17000E+01  0.19689E+01
-0.18000E+01  0.18478E+01
-0.19000E+01  0.17211E+01
-0.20000E+01  0.15896E+01
-0.21000E+01  0.14542E+01
-0.22000E+01  0.13157E+01
-0.23000E+01  0.11751E+01
-0.24000E+01  0.10334E+01
-0.25000E+01  0.89141E+00
-0.26000E+01  0.75010E+00
-0.27000E+01  0.61036E+00
-0.28000E+01  0.47308E+00
-0.29000E+01  0.33911E+00
-0.30000E+01  0.20925E+00
-0.31000E+01  0.84266E-01
-0.32000E+01 -0.35126E-01
-0.33000E+01 -0.14828E+00
-0.34000E+01 -0.25463E+00
-0.35000E+01 -0.35368E+00
-0.36000E+01 -0.44505E+00
-0.37000E+01 -0.52842E+00
-0.38000E+01 -0.60362E+00
-0.39000E+01 -0.67057E+00
-0.40000E+01 -0.72932E+00
-0.41000E+01 -0.78006E+00
-0.42000E+01 -0.82311E+00
-0.43000E+01 -0.85896E+00
-0.44000E+01 -0.88824E+00
-0.45000E+01 -0.91171E+00
-0.46000E+01 -0.93022E+00
-0.47000E+01 -0.94461E+00
-0.48000E+01 -0.95571E+00
-0.49000E+01 -0.96420E+00
-0.50000E+01 -0.97070E+00
-0.51000E+01 -0.97568E+00
-0.52000E+01 -0.97949E+00
-0.53000E+01 -0.98243E+00
-0.54000E+01 -0.98470E+00
-0.55000E+01 -0.98647E+00
-0.56000E+01 -0.98784E+00
-0.57000E+01 -0.98891E+00
-0.58000E+01 -0.98976E+00
-0.59000E+01 -0.99042E+00
-0.60000E+01 -0.99095E+00
-0.61000E+01 -0.99136E+00
-0.62000E+01 -0.99169E+00
-0.63000E+01 -0.99195E+00
-0.64000E+01 -0.99216E+00
-0.65000E+01 -0.99234E+00
-0.66000E+01 -0.99249E+00
-0.67000E+01 -0.99264E+00
-0.68000E+01 -0.99279E+00
-0.69000E+01 -0.99296E+00
-0.70000E+01 -0.99311E+00
-0.71000E+01 -0.99321E+00
-0.72000E+01 -0.99402E+00
-0.73000E+01 -0.99516E+00
-0.74000E+01 -0.99499E+00
-0.75000E+01 -0.99623E+00
-0.76000E+01 -0.99723E+00
-0.77000E+01 -0.10005E+01
-0.78000E+01 -0.99914E+00
-0.79000E+01 -0.10054E+01
-0.80000E+01 -0.99285E+00
 zone T = "Var            3 : IMEX",
 0.00000E+00  0.97869E+00
-0.10000E+00  0.97045E+00
-0.20000E+00  0.96772E+00
-0.30000E+00  0.96847E+00
-0.40000E+00  0.97072E+00
-0.50000E+00  0.97339E+00
-0.60000E+00  0.97597E+00
-0.70000E+00  0.97822E+00
-0.80000E+00  0.98008E+00
-0.90000E+00  0.98151E+00
-0.10000E+01  0.98257E+00
-0.11000E+01  0.98331E+00
-0.12000E+01  0.98379E+00
-0.13000E+01  0.98409E+00
-0.14000E+01  0.98427E+00
-0.15000E+01  0.98437E+00
-0.16000E+01  0.98443E+00
-0.17000E+01  0.98446E+00
-0.18000E+01  0.98448E+00
-0.19000E+01  0.98449E+00
-0.20000E+01  0.98451E+00
-0.21000E+01  0.98452E+00
-0.22000E+01  0.98453E+00
-0.23000E+01  0.98454E+00
-0.24000E+01  0.98455E+00
-0.25000E+01  0.98456E+00
-0.26000E+01  0.98457E+00
-0.27000E+01  0.98458E+00
-0.28000E+01  0.98459E+00
-0.29000E+01  0.98459E+00
-0.30000E+01  0.98460E+00
-0.31000E+01  0.98461E+00
-0.32000E+01  0.98461E+00
-0.33000E+01  0.98462E+00
-0.34000E+01  0.98462E+00
-0.35000E+01  0.98462E+00
-0.36000E+01  0.98462E+00
-0.37000E+01  0.98463E+00
-0.38000E+01  0.98463E+00
-0.39000E+01  0.98463E+00
-0.40000E+01  0.98463E+00
-0.41000E+01  0.98463E+00
-0.42000E+01  0.98463E+00
-0.43000E+01  0.98463E+00
-0.44000E+01  0.98463E+00
-0.45000E+01  0.98463E+00
-0.46000E+01  0.98463E+00
-0.47000E+01  0.98464E+00
-0.48000E+01  0.98464E+00
-0.49000E+01  0.98464E+00
-0.50000E+01  0.98464E+00
-0.51000E+01  0.98464E+00
-0.52000E+01  0.98464E+00
-0.53000E+01  0.98464E+00
-0.54000E+01  0.98464E+00
-0.55000E+01  0.98464E+00
-0.56000E+01  0.98464E+00
-0.57000E+01  0.98464E+00
-0.58000E+01  0.98464E+00
-0.59000E+01  0.98464E+00
-0.60000E+01  0.98464E+00
-0.61000E+01  0.98464E+00
-0.62000E+01  0.98464E+00
-0.63000E+01  0.98464E+00
-0.64000E+01  0.98464E+00
-0.65000E+01  0.98464E+00
-0.66000E+01  0.98464E+00
-0.67000E+01  0.98464E+00
-0.68000E+01  0.98464E+00
-0.69000E+01  0.98464E+00
-0.70000E+01  0.98464E+00
-0.71000E+01  0.98464E+00
-0.72000E+01  0.98464E+00
-0.73000E+01  0.98464E+00
-0.74000E+01  0.98464E+00
-0.75000E+01  0.98464E+00
-0.76000E+01  0.98464E+00
-0.77000E+01  0.98464E+00
-0.78000E+01  0.98464E+00
-0.79000E+01  0.98464E+00
-0.80000E+01  0.98464E+00
 zone T = "Var            3 : Predicted",
 0.00000E+00  0.29400E+01
-0.10000E+00  0.29276E+01
-0.20000E+00  0.29129E+01
-0.30000E+00  0.28950E+01
-0.40000E+00  0.28723E+01
-0.50000E+00  0.28439E+01
-0.60000E+00  0.28102E+01
-0.70000E+00  0.27710E+01
-0.80000E+00  0.27258E+01
-0.90000E+00  0.26740E+01
-0.10000E+01  0.26149E+01
-0.11000E+01  0.25479E+01
-0.12000E+01  0.24729E+01
-0.13000E+01  0.23895E+01
-0.14000E+01  0.22977E+01
-0.15000E+01  0.21978E+01
-0.16000E+01  0.20902E+01
-0.17000E+01  0.19756E+01
-0.18000E+01  0.18546E+01
-0.19000E+01  0.17281E+01
-0.20000E+01  0.15970E+01
-0.21000E+01  0.14620E+01
-0.22000E+01  0.13243E+01
-0.23000E+01  0.11846E+01
-0.24000E+01  0.10439E+01
-0.25000E+01  0.90318E+00
-0.26000E+01  0.76317E+00
-0.27000E+01  0.62476E+00
-0.28000E+01  0.48878E+00
-0.29000E+01  0.35603E+00
-0.30000E+01  0.22729E+00
-0.31000E+01  0.10331E+00
-0.32000E+01 -0.15203E-01
-0.33000E+01 -0.12760E+00
-0.34000E+01 -0.23330E+00
-0.35000E+01 -0.33181E+00
-0.36000E+01 -0.42272E+00
-0.37000E+01 -0.50573E+00
-0.38000E+01 -0.58062E+00
-0.39000E+01 -0.64733E+00
-0.40000E+01 -0.70588E+00
-0.41000E+01 -0.75646E+00
-0.42000E+01 -0.79938E+00
-0.43000E+01 -0.83513E+00
-0.44000E+01 -0.86433E+00
-0.45000E+01 -0.88774E+00
-0.46000E+01 -0.90620E+00
-0.47000E+01 -0.92056E+00
-0.48000E+01 -0.93162E+00
-0.49000E+01 -0.94010E+00
-0.50000E+01 -0.94659E+00
-0.51000E+01 -0.95156E+00
-0.52000E+01 -0.95537E+00
-0.53000E+01 -0.95831E+00
-0.54000E+01 -0.96058E+00
-0.55000E+01 -0.96235E+00
-0.56000E+01 -0.96373E+00
-0.57000E+01 -0.96481E+00
-0.58000E+01 -0.96566E+00
-0.59000E+01 -0.96633E+00
-0.60000E+01 -0.96686E+00
-0.61000E+01 -0.96729E+00
-0.62000E+01 -0.96764E+00
-0.63000E+01 -0.96792E+00
-0.64000E+01 -0.96819E+00
-0.65000E+01 -0.96839E+00
-0.66000E+01 -0.96865E+00
-0.67000E+01 -0.96894E+00
-0.68000E+01 -0.96907E+00
-0.69000E+01 -0.96957E+00
-0.70000E+01 -0.97024E+00
-0.71000E+01 -0.97066E+00
-0.72000E+01 -0.97204E+00
-0.73000E+01 -0.97472E+00
-0.74000E+01 -0.97699E+00
-0.75000E+01 -0.97866E+00
-0.76000E+01 -0.98472E+00
-0.77000E+01 -0.98097E+00
-0.78000E+01 -0.96474E+00
-0.79000E+01 -0.95962E+00
-0.80000E+01 -0.91758E+00
