 zone T = "Var  1 : Implicit",
 0.00000E+00  0.15511E+01
-0.10000E+00  0.11090E-06
-0.20000E+00  0.46313E-07
-0.30000E+00  0.26404E-07
-0.40000E+00  0.17368E-07
-0.50000E+00  0.12504E-07
-0.60000E+00  0.96165E-08
-0.70000E+00  0.77877E-08
-0.80000E+00  0.65734E-08
-0.90000E+00  0.57367E-08
-0.10000E+01  0.51440E-08
-0.11000E+01  0.47535E-08
-0.12000E+01  0.53730E-08
-0.13000E+01  0.20531E-07
-0.14000E+01  0.20444E-06
-0.15000E+01  0.18285E-05
-0.16000E+01  0.12566E-04
-0.17000E+01  0.66734E-04
-0.18000E+01  0.27953E-03
-0.19000E+01  0.94369E-03
-0.20000E+01  0.26215E-02
-0.21000E+01  0.61178E-02
-0.22000E+01  0.12274E-01
-0.23000E+01  0.21757E-01
-0.24000E+01  0.35137E-01
-0.25000E+01  0.53338E-01
-0.26000E+01  0.78264E-01
-0.27000E+01  0.11348E+00
-0.28000E+01  0.16517E+00
-0.29000E+01  0.24381E+00
-0.30000E+01  0.36547E+00
-0.31000E+01  0.54869E+00
-0.32000E+01  0.80441E+00
-0.33000E+01  0.11205E+01
-0.34000E+01  0.14611E+01
-0.35000E+01  0.17708E+01
-0.36000E+01  0.19689E+01
-0.37000E+01  0.19393E+01
-0.38000E+01  0.15174E+01
-0.39000E+01  0.47338E+00
-0.40000E+01 -0.15135E+01
-0.41000E+01 -0.48849E+01
-0.42000E+01 -0.10243E+02
-0.43000E+01 -0.18408E+02
-0.44000E+01 -0.30486E+02
-0.45000E+01 -0.45923E+02
-0.46000E+01 -0.58713E+02
-0.47000E+01 -0.68998E+02
-0.48000E+01 -0.77240E+02
-0.49000E+01 -0.83830E+02
-0.50000E+01 -0.89088E+02
-0.51000E+01 -0.93275E+02
-0.52000E+01 -0.96605E+02
-0.53000E+01 -0.99248E+02
-0.54000E+01 -0.10134E+03
-0.55000E+01 -0.10300E+03
-0.56000E+01 -0.10431E+03
-0.57000E+01 -0.10534E+03
-0.58000E+01 -0.10615E+03
-0.59000E+01 -0.10678E+03
-0.60000E+01 -0.10728E+03
-0.61000E+01 -0.10767E+03
-0.62000E+01 -0.10798E+03
-0.63000E+01 -0.10821E+03
-0.64000E+01 -0.10840E+03
-0.65000E+01 -0.10854E+03
-0.66000E+01 -0.10865E+03
-0.67000E+01 -0.10874E+03
-0.68000E+01 -0.10880E+03
-0.69000E+01 -0.10885E+03
-0.70000E+01 -0.10889E+03
-0.71000E+01 -0.10893E+03
-0.72000E+01 -0.10895E+03
-0.73000E+01 -0.10897E+03
-0.74000E+01 -0.10898E+03
-0.75000E+01 -0.10900E+03
-0.76000E+01 -0.10901E+03
-0.77000E+01 -0.10901E+03
-0.78000E+01 -0.10902E+03
-0.79000E+01 -0.10902E+03
-0.80000E+01 -0.10903E+03
 zone T = "Var  1 : Predicted",
 0.00000E+00  0.19718E+01
-0.10000E+00  0.19709E+01
-0.20000E+00  0.19699E+01
-0.30000E+00  0.19688E+01
-0.40000E+00  0.19677E+01
-0.50000E+00  0.19665E+01
-0.60000E+00  0.19653E+01
-0.70000E+00  0.19642E+01
-0.80000E+00  0.19631E+01
-0.90000E+00  0.19620E+01
-0.10000E+01  0.19611E+01
-0.11000E+01  0.19603E+01
-0.12000E+01  0.19595E+01
-0.13000E+01  0.19589E+01
-0.14000E+01  0.19584E+01
-0.15000E+01  0.19582E+01
-0.16000E+01  0.19598E+01
-0.17000E+01  0.19691E+01
-0.18000E+01  0.20007E+01
-0.19000E+01  0.20700E+01
-0.20000E+01  0.21795E+01
-0.21000E+01  0.23206E+01
-0.22000E+01  0.24825E+01
-0.23000E+01  0.26555E+01
-0.24000E+01  0.28326E+01
-0.25000E+01  0.30104E+01
-0.26000E+01  0.31884E+01
-0.27000E+01  0.33688E+01
-0.28000E+01  0.35556E+01
-0.29000E+01  0.37554E+01
-0.30000E+01  0.39753E+01
-0.31000E+01  0.42197E+01
-0.32000E+01  0.44869E+01
-0.33000E+01  0.47606E+01
-0.34000E+01  0.50066E+01
-0.35000E+01  0.51704E+01
-0.36000E+01  0.51718E+01
-0.37000E+01  0.48987E+01
-0.38000E+01  0.41984E+01
-0.39000E+01  0.28603E+01
-0.40000E+01  0.57726E+00
-0.41000E+01 -0.30881E+01
-0.42000E+01 -0.87363E+01
-0.43000E+01 -0.17184E+02
-0.44000E+01 -0.29513E+02
-0.45000E+01 -0.45002E+02
-0.46000E+01 -0.57789E+02
-0.47000E+01 -0.68072E+02
-0.48000E+01 -0.76313E+02
-0.49000E+01 -0.82901E+02
-0.50000E+01 -0.88157E+02
-0.51000E+01 -0.92343E+02
-0.52000E+01 -0.95671E+02
-0.53000E+01 -0.98313E+02
-0.54000E+01 -0.10041E+03
-0.55000E+01 -0.10206E+03
-0.56000E+01 -0.10337E+03
-0.57000E+01 -0.10440E+03
-0.58000E+01 -0.10521E+03
-0.59000E+01 -0.10585E+03
-0.60000E+01 -0.10635E+03
-0.61000E+01 -0.10674E+03
-0.62000E+01 -0.10704E+03
-0.63000E+01 -0.10727E+03
-0.64000E+01 -0.10746E+03
-0.65000E+01 -0.10760E+03
-0.66000E+01 -0.10771E+03
-0.67000E+01 -0.10780E+03
-0.68000E+01 -0.10786E+03
-0.69000E+01 -0.10792E+03
-0.70000E+01 -0.10796E+03
-0.71000E+01 -0.10799E+03
-0.72000E+01 -0.10801E+03
-0.73000E+01 -0.10803E+03
-0.74000E+01 -0.10805E+03
-0.75000E+01 -0.10806E+03
-0.76000E+01 -0.10807E+03
-0.77000E+01 -0.10807E+03
-0.78000E+01 -0.10808E+03
-0.79000E+01 -0.10809E+03
-0.80000E+01 -0.10809E+03
 zone T = "Var  2 : Implicit",
 0.00000E+00  0.14593E+01
-0.10000E+00  0.10775E-07
-0.20000E+00  0.55506E-08
-0.30000E+00  0.38993E-08
-0.40000E+00  0.31533E-08
-0.50000E+00  0.27776E-08
-0.60000E+00  0.25894E-08
-0.70000E+00  0.25033E-08
-0.80000E+00  0.24702E-08
-0.90000E+00  0.24603E-08
-0.10000E+01  0.24562E-08
-0.11000E+01  0.23870E-08
-0.12000E+01  0.76469E-09
-0.13000E+01 -0.26587E-07
-0.14000E+01 -0.36069E-06
-0.15000E+01 -0.33561E-05
-0.16000E+01 -0.23393E-04
-0.17000E+01 -0.12541E-03
-0.18000E+01 -0.53009E-03
-0.19000E+01 -0.18141E-02
-0.20000E+01 -0.51699E-02
-0.21000E+01 -0.12640E-01
-0.22000E+01 -0.27413E-01
-0.23000E+01 -0.55140E-01
-0.24000E+01 -0.11300E+00
-0.25000E+01 -0.19268E+00
-0.26000E+01 -0.20624E+00
-0.27000E+01 -0.15812E+00
-0.28000E+01 -0.29831E-01
-0.29000E+01  0.11347E+00
-0.30000E+01  0.40803E+00
-0.31000E+01  0.70156E+00
-0.32000E+01  0.10351E+01
-0.33000E+01  0.13993E+01
-0.34000E+01  0.17662E+01
-0.35000E+01  0.20865E+01
-0.36000E+01  0.22831E+01
-0.37000E+01  0.22420E+01
-0.38000E+01  0.17997E+01
-0.39000E+01  0.72675E+00
-0.40000E+01 -0.12976E+01
-0.41000E+01 -0.47149E+01
-0.42000E+01 -0.10127E+02
-0.43000E+01 -0.18355E+02
-0.44000E+01 -0.30506E+02
-0.45000E+01 -0.46007E+02
-0.46000E+01 -0.58803E+02
-0.47000E+01 -0.69094E+02
-0.48000E+01 -0.77343E+02
-0.49000E+01 -0.83939E+02
-0.50000E+01 -0.89203E+02
-0.51000E+01 -0.93396E+02
-0.52000E+01 -0.96731E+02
-0.53000E+01 -0.99378E+02
-0.54000E+01 -0.10148E+03
-0.55000E+01 -0.10314E+03
-0.56000E+01 -0.10445E+03
-0.57000E+01 -0.10548E+03
-0.58000E+01 -0.10629E+03
-0.59000E+01 -0.10693E+03
-0.60000E+01 -0.10743E+03
-0.61000E+01 -0.10782E+03
-0.62000E+01 -0.10813E+03
-0.63000E+01 -0.10836E+03
-0.64000E+01 -0.10855E+03
-0.65000E+01 -0.10869E+03
-0.66000E+01 -0.10880E+03
-0.67000E+01 -0.10889E+03
-0.68000E+01 -0.10896E+03
-0.69000E+01 -0.10901E+03
-0.70000E+01 -0.10905E+03
-0.71000E+01 -0.10908E+03
-0.72000E+01 -0.10910E+03
-0.73000E+01 -0.10912E+03
-0.74000E+01 -0.10914E+03
-0.75000E+01 -0.10915E+03
-0.76000E+01 -0.10916E+03
-0.77000E+01 -0.10917E+03
-0.78000E+01 -0.10917E+03
-0.79000E+01 -0.10918E+03
-0.80000E+01 -0.10918E+03
 zone T = "Var  2 : Predicted",
 0.00000E+00  0.20080E+01
-0.10000E+00  0.20080E+01
-0.20000E+00  0.20080E+01
-0.30000E+00  0.20080E+01
-0.40000E+00  0.20080E+01
-0.50000E+00  0.20080E+01
-0.60000E+00  0.20080E+01
-0.70000E+00  0.20080E+01
-0.80000E+00  0.20080E+01
-0.90000E+00  0.20080E+01
-0.10000E+01  0.20080E+01
-0.11000E+01  0.20080E+01
-0.12000E+01  0.20080E+01
-0.13000E+01  0.20080E+01
-0.14000E+01  0.20080E+01
-0.15000E+01  0.20078E+01
-0.16000E+01  0.20065E+01
-0.17000E+01  0.19992E+01
-0.18000E+01  0.19598E+01
-0.19000E+01  0.19636E+01
-0.20000E+01  0.20382E+01
-0.21000E+01  0.21620E+01
-0.22000E+01  0.23204E+01
-0.23000E+01  0.24999E+01
-0.24000E+01  0.26869E+01
-0.25000E+01  0.28788E+01
-0.26000E+01  0.30755E+01
-0.27000E+01  0.32771E+01
-0.28000E+01  0.34873E+01
-0.29000E+01  0.37123E+01
-0.30000E+01  0.39588E+01
-0.31000E+01  0.42309E+01
-0.32000E+01  0.45269E+01
-0.33000E+01  0.48304E+01
-0.34000E+01  0.51071E+01
-0.35000E+01  0.53019E+01
-0.36000E+01  0.53331E+01
-0.37000E+01  0.50781E+01
-0.38000E+01  0.43436E+01
-0.39000E+01  0.28907E+01
-0.40000E+01  0.58171E+00
-0.41000E+01 -0.30935E+01
-0.42000E+01 -0.87460E+01
-0.43000E+01 -0.17195E+02
-0.44000E+01 -0.29525E+02
-0.45000E+01 -0.45014E+02
-0.46000E+01 -0.57802E+02
-0.47000E+01 -0.68085E+02
-0.48000E+01 -0.76325E+02
-0.49000E+01 -0.82913E+02
-0.50000E+01 -0.88170E+02
-0.51000E+01 -0.92356E+02
-0.52000E+01 -0.95684E+02
-0.53000E+01 -0.98326E+02
-0.54000E+01 -0.10042E+03
-0.55000E+01 -0.10208E+03
-0.56000E+01 -0.10338E+03
-0.57000E+01 -0.10441E+03
-0.58000E+01 -0.10522E+03
-0.59000E+01 -0.10586E+03
-0.60000E+01 -0.10636E+03
-0.61000E+01 -0.10675E+03
-0.62000E+01 -0.10705E+03
-0.63000E+01 -0.10729E+03
-0.64000E+01 -0.10747E+03
-0.65000E+01 -0.10761E+03
-0.66000E+01 -0.10772E+03
-0.67000E+01 -0.10781E+03
-0.68000E+01 -0.10788E+03
-0.69000E+01 -0.10793E+03
-0.70000E+01 -0.10797E+03
-0.71000E+01 -0.10800E+03
-0.72000E+01 -0.10803E+03
-0.73000E+01 -0.10804E+03
-0.74000E+01 -0.10806E+03
-0.75000E+01 -0.10807E+03
-0.76000E+01 -0.10808E+03
-0.77000E+01 -0.10809E+03
-0.78000E+01 -0.10809E+03
-0.79000E+01 -0.10810E+03
-0.80000E+01 -0.10810E+03
