 zone T = "Differential Variable - IMPLICIT",
 0.00000E+00  0.39610E+01
-0.10000E+00  0.37436E+01
-0.20000E+00  0.34206E+01
-0.30000E+00  0.40367E+01
-0.40000E+00  0.40683E+01
-0.50000E+00  0.40746E+01
-0.60000E+00  0.42726E+01
-0.70000E+00  0.40741E+01
-0.80000E+00  0.37636E+01
-0.90000E+00  0.34272E+01
-0.10000E+01  0.35012E+01
-0.11000E+01  0.35077E+01
-0.12000E+01  0.35354E+01
-0.13000E+01  0.35533E+01
-0.14000E+01  0.35644E+01
-0.15000E+01  0.35616E+01
-0.16000E+01  0.35207E+01
-0.17000E+01  0.34438E+01
-0.18000E+01  0.34832E+01
-0.19000E+01  0.35073E+01
-0.20000E+01  0.34708E+01
-0.21000E+01  0.35239E+01
-0.22000E+01  0.35333E+01
-0.23000E+01  0.35827E+01
-0.24000E+01  0.36120E+01
-0.25000E+01  0.35244E+01
-0.26000E+01  0.35907E+01
-0.27000E+01  0.36411E+01
-0.28000E+01  0.35848E+01
-0.29000E+01  0.34839E+01
-0.30000E+01  0.35212E+01
-0.31000E+01  0.34529E+01
-0.32000E+01  0.34048E+01
-0.33000E+01  0.33461E+01
-0.34000E+01  0.33064E+01
-0.35000E+01  0.32430E+01
-0.36000E+01  0.33051E+01
-0.37000E+01  0.31748E+01
-0.38000E+01  0.32978E+01
-0.39000E+01  0.33057E+01
-0.40000E+01  0.33157E+01
-0.41000E+01  0.32453E+01
-0.42000E+01  0.32603E+01
-0.43000E+01  0.32858E+01
-0.44000E+01  0.35319E+01
-0.45000E+01  0.40286E+01
-0.46000E+01  0.37537E+01
-0.47000E+01  0.40118E+01
-0.48000E+01  0.39580E+01
-0.49000E+01  0.38769E+01
-0.50000E+01  0.38173E+01
-0.51000E+01  0.38048E+01
-0.52000E+01  0.37375E+01
-0.53000E+01  0.36566E+01
-0.54000E+01  0.37247E+01
-0.55000E+01  0.37414E+01
-0.56000E+01  0.36209E+01
-0.57000E+01  0.35893E+01
-0.58000E+01  0.36854E+01
-0.59000E+01  0.36785E+01
-0.60000E+01  0.34265E+01
-0.61000E+01  0.37093E+01
-0.62000E+01  0.36746E+01
-0.63000E+01  0.37227E+01
-0.64000E+01  0.35191E+01
-0.65000E+01  0.36886E+01
-0.66000E+01  0.35811E+01
-0.67000E+01  0.37054E+01
-0.68000E+01  0.36977E+01
-0.69000E+01  0.36172E+01
-0.70000E+01  0.37095E+01
-0.71000E+01  0.36519E+01
-0.72000E+01  0.37033E+01
-0.73000E+01  0.36689E+01
-0.74000E+01  0.36974E+01
-0.75000E+01  0.36733E+01
-0.76000E+01  0.36800E+01
-0.77000E+01  0.36801E+01
-0.78000E+01  0.36134E+01
-0.79000E+01  0.37096E+01
-0.80000E+01  0.36365E+01
 zone T = "Algebraic Variable - IMPLICIT",
 0.00000E+00  0.39956E+01
-0.10000E+00  0.39964E+01
-0.20000E+00  0.40046E+01
-0.30000E+00  0.40143E+01
-0.40000E+00  0.40282E+01
-0.50000E+00  0.40520E+01
-0.60000E+00  0.40849E+01
-0.70000E+00  0.41293E+01
-0.80000E+00  0.42460E+01
-0.90000E+00  0.52611E+01
-0.10000E+01  0.39645E+01
-0.11000E+01  0.37379E+01
-0.12000E+01  0.37022E+01
-0.13000E+01  0.36106E+01
-0.14000E+01  0.34916E+01
-0.15000E+01  0.34333E+01
-0.16000E+01  0.33748E+01
-0.17000E+01  0.33127E+01
-0.18000E+01  0.31734E+01
-0.19000E+01  0.31633E+01
-0.20000E+01  0.30936E+01
-0.21000E+01  0.30478E+01
-0.22000E+01  0.30037E+01
-0.23000E+01  0.29261E+01
-0.24000E+01  0.29141E+01
-0.25000E+01  0.28492E+01
-0.26000E+01  0.28156E+01
-0.27000E+01  0.27665E+01
-0.28000E+01  0.27069E+01
-0.29000E+01  0.27061E+01
-0.30000E+01  0.26640E+01
-0.31000E+01  0.26656E+01
-0.32000E+01  0.26267E+01
-0.33000E+01  0.26324E+01
-0.34000E+01  0.25888E+01
-0.35000E+01  0.25953E+01
-0.36000E+01  0.25666E+01
-0.37000E+01  0.25767E+01
-0.38000E+01  0.25775E+01
-0.39000E+01  0.25594E+01
-0.40000E+01  0.25452E+01
-0.41000E+01  0.25639E+01
-0.42000E+01  0.25875E+01
-0.43000E+01  0.25852E+01
-0.44000E+01  0.26027E+01
-0.45000E+01  0.26883E+01
-0.46000E+01  0.26672E+01
-0.47000E+01  0.26352E+01
-0.48000E+01  0.27042E+01
-0.49000E+01  0.28241E+01
-0.50000E+01  0.27908E+01
-0.51000E+01  0.29276E+01
-0.52000E+01  0.30204E+01
-0.53000E+01  0.29100E+01
-0.54000E+01  0.32489E+01
-0.55000E+01  0.29566E+01
-0.56000E+01  0.34751E+01
-0.57000E+01  0.37726E+01
-0.58000E+01  0.37212E+01
-0.59000E+01  0.36830E+01
-0.60000E+01  0.37287E+01
-0.61000E+01  0.39508E+01
-0.62000E+01  0.37846E+01
-0.63000E+01  0.37939E+01
-0.64000E+01  0.39325E+01
-0.65000E+01  0.39370E+01
-0.66000E+01  0.37656E+01
-0.67000E+01  0.38453E+01
-0.68000E+01  0.36374E+01
-0.69000E+01  0.37025E+01
-0.70000E+01  0.37018E+01
-0.71000E+01  0.33891E+01
-0.72000E+01  0.35575E+01
-0.73000E+01  0.35797E+01
-0.74000E+01  0.36889E+01
-0.75000E+01  0.34650E+01
-0.76000E+01  0.35874E+01
-0.77000E+01  0.29458E+01
-0.78000E+01  0.37145E+01
-0.79000E+01  0.35653E+01
-0.80000E+01  0.30686E+01
