 zone T = "ep =    1.00000000000000      ",
   1.00000000000000       -4.49543079123604     
   1.05000000000000       -4.73236075656397     
   1.10000000000000       -4.97615166522743     
   1.15000000000000       -5.21652754991084     
   1.20000000000000       -5.42109284561005     
   1.25000000000000       -5.53281693670833     
   1.30000000000000       -5.52374664247247     
   1.35000000000000       -5.78023159659215     
   1.40000000000000       -6.02857860492243     
   1.45000000000000       -6.14472115356923     
   1.50000000000000       -6.18492351626674     
   1.55000000000000       -6.37975708470727     
   1.60000000000000       -6.41962989630128     
   1.65000000000000       -6.62870037997266     
   1.70000000000000       -6.70643638227244     
   1.75000000000000       -6.92454930456561     
   1.80000000000000       -7.05246393680277     
   1.85000000000000       -7.16249333580672     
   1.90000000000000       -7.31340094367639     
   1.95000000000000       -7.46809329749399     
   2.00000000000000       -7.53531761912873     
   2.05000000000000       -7.76129783253718     
   2.10000000000000       -7.92494058984249     
   2.15000000000000       -8.05240456666660     
   2.20000000000000       -8.21015707084335     
   2.25000000000000       -8.36092027513008     
   2.30000000000000       -8.49890502224537     
   2.35000000000000       -8.65475249768805     
   2.40000000000000       -8.79576395243882     
   2.45000000000000       -8.94670439277657     
   2.50000000000000       -9.10246656321329     
   2.55000000000000       -9.24992363059753     
   2.60000000000000       -9.39773281462180     
   2.65000000000000       -9.54838803206854     
   2.70000000000000       -9.69201616903369     
   2.75000000000000       -9.84305662122436     
   2.80000000000000       -9.99098159119870     
   2.85000000000000       -10.1437235771563     
   2.90000000000000       -10.2932149761666     
   2.95000000000000       -10.4404222528182     
   3.00000000000000       -10.5893001952889     
   3.05000000000000       -10.7404253026365     
   3.10000000000000       -10.8905108007328     
   3.15000000000000       -11.0402271984416     
   3.20000000000000       -11.1908298438381     
   3.25000000000000       -11.3402378393992     
   3.30000000000000       -11.4903439862337     
   3.35000000000000       -11.6396081579328     
   3.40000000000000       -11.7891500261240     
   3.45000000000000       -11.9394471200695     
   3.50000000000000       -12.0890409747407     
   3.55000000000000       -12.2392530509846     
   3.60000000000000       -12.3886550912980     
   3.65000000000000       -12.5391812094398     
   3.70000000000000       -12.6886790603929     
   3.75000000000000       -12.8388121375993     
   3.80000000000000       -12.9885136805950     
   3.85000000000000       -13.1385229961722     
   3.90000000000000       -13.2886652719938     
   3.95000000000000       -13.4385768718208     
   4.00000000000000       -13.5883809971738     
   4.05000000000000       -13.7384714002321     
   4.10000000000000       -13.8885645440459     
   4.15000000000000       -14.0387538578591     
   4.20000000000000       -14.1887966609239     
   4.25000000000000       -14.3389622608938     
   4.30000000000000       -14.4891490833396     
   4.35000000000000       -14.6395427551023     
   4.40000000000000       -14.7899264948802     
   4.45000000000000       -14.9406058889562     
   4.50000000000000       -15.0916948368762     
 zone T = "ep =   0.794328234724281      ",
   1.00000000000000       -4.33771550698714     
   1.05000000000000       -4.59164828168141     
   1.10000000000000       -4.85852492741334     
   1.15000000000000       -5.12759944024470     
   1.20000000000000       -5.35390480409673     
   1.25000000000000       -5.45236998832750     
   1.30000000000000       -5.40037417607333     
   1.35000000000000       -5.63619175746533     
   1.40000000000000       -5.78742131105680     
   1.45000000000000       -5.83698410602115     
   1.50000000000000       -5.90114381913635     
   1.55000000000000       -6.09888663781351     
   1.60000000000000       -6.15474447575036     
   1.65000000000000       -6.36908368567900     
   1.70000000000000       -6.45688042943501     
   1.75000000000000       -6.65005295154188     
   1.80000000000000       -6.76240085476071     
   1.85000000000000       -6.88386383870645     
   1.90000000000000       -7.04256431884224     
   1.95000000000000       -7.18660662272713     
   2.00000000000000       -7.25650124745427     
   2.05000000000000       -7.48045841418656     
   2.10000000000000       -7.63826176967005     
   2.15000000000000       -7.76855609309577     
   2.20000000000000       -7.92373456859374     
   2.25000000000000       -8.07356353025184     
   2.30000000000000       -8.21188373702383     
   2.35000000000000       -8.36763854309700     
   2.40000000000000       -8.50854278460445     
   2.45000000000000       -8.65885862408627     
   2.50000000000000       -8.81336184880613     
   2.55000000000000       -8.96050767468455     
   2.60000000000000       -9.10847015870410     
   2.65000000000000       -9.25830223156138     
   2.70000000000000       -9.40242019027088     
   2.75000000000000       -9.55314416802636     
   2.80000000000000       -9.70113832290683     
   2.85000000000000       -9.85336639605393     
   2.90000000000000       -10.0026713089462     
   2.95000000000000       -10.1500729567091     
   3.00000000000000       -10.2988681975195     
   3.05000000000000       -10.4498395860323     
   3.10000000000000       -10.5997809374544     
   3.15000000000000       -10.7494391881252     
   3.20000000000000       -10.8999077636241     
   3.25000000000000       -11.0492844083690     
   3.30000000000000       -11.1993218275633     
   3.35000000000000       -11.3485903616656     
   3.40000000000000       -11.4981306815852     
   3.45000000000000       -11.6483470476087     
   3.50000000000000       -11.7979363741572     
   3.55000000000000       -11.9480949635749     
   3.60000000000000       -12.0975183525995     
   3.65000000000000       -12.2479676240595     
   3.70000000000000       -12.3974834449079     
   3.75000000000000       -12.5475801384422     
   3.80000000000000       -12.6972865722022     
   3.85000000000000       -12.8472730623544     
   3.90000000000000       -12.9973780313298     
   3.95000000000000       -13.1472782439246     
   4.00000000000000       -13.2970851435767     
   4.05000000000000       -13.4470987005599     
   4.10000000000000       -13.5972331461388     
   4.15000000000000       -13.7473708714057     
   4.20000000000000       -13.8972613855651     
   4.25000000000000       -14.0473495747781     
   4.30000000000000       -14.1974702197740     
   4.35000000000000       -14.3477056159532     
   4.40000000000000       -14.4978232670510     
   4.45000000000000       -14.6481991285170     
   4.50000000000000       -14.7987549120436     
 zone T = "ep =   0.630957344480193      ",
   1.00000000000000       -4.18621562863003     
   1.05000000000000       -4.46058619415273     
   1.10000000000000       -4.75891667654597     
   1.15000000000000       -5.07426360260272     
   1.20000000000000       -5.34288686352007     
   1.25000000000000       -5.41696229445174     
   1.30000000000000       -5.15434487178799     
   1.35000000000000       -5.32234650504505     
   1.40000000000000       -5.47559931873470     
   1.45000000000000       -5.54307319029453     
   1.50000000000000       -5.62273652757408     
   1.55000000000000       -5.81986497430465     
   1.60000000000000       -5.88806001899643     
   1.65000000000000       -6.10384093751171     
   1.70000000000000       -6.16542073755789     
   1.75000000000000       -6.35491507404194     
   1.80000000000000       -6.47647776184342     
   1.85000000000000       -6.60547424573215     
   1.90000000000000       -6.74847760708464     
   1.95000000000000       -6.89716245187572     
   2.00000000000000       -6.97661964773716     
   2.05000000000000       -7.18766232646831     
   2.10000000000000       -7.34849748054541     
   2.15000000000000       -7.47632475270812     
   2.20000000000000       -7.63156724933221     
   2.25000000000000       -7.78211191653996     
   2.30000000000000       -7.91965648791472     
   2.35000000000000       -8.07392666413667     
   2.40000000000000       -8.21569841611590     
   2.45000000000000       -8.36584674262208     
   2.50000000000000       -8.51949602184203     
   2.55000000000000       -8.66683403678625     
   2.60000000000000       -8.81444889568105     
   2.65000000000000       -8.96439583630236     
   2.70000000000000       -9.10891777139178     
   2.75000000000000       -9.25934914501053     
   2.80000000000000       -9.40736434744940     
   2.85000000000000       -9.55932564000207     
   2.90000000000000       -9.70853778399463     
   2.95000000000000       -9.85610842646478     
   3.00000000000000       -10.0049460686105     
   3.05000000000000       -10.1557065688751     
   3.10000000000000       -10.3056249574708     
   3.15000000000000       -10.4552238535635     
   3.20000000000000       -10.6055824889757     
   3.25000000000000       -10.7549880249203     
   3.30000000000000       -10.9049788951440     
   3.35000000000000       -11.0542868577021     
   3.40000000000000       -11.2038279131090     
   3.45000000000000       -11.3539997955873     
   3.50000000000000       -11.5036026063330     
   3.55000000000000       -11.6537162183049     
   3.60000000000000       -11.8031782400761     
   3.65000000000000       -11.9535594360309     
   3.70000000000000       -12.1031082697003     
   3.75000000000000       -12.2531777494740     
   3.80000000000000       -12.4028980470738     
   3.85000000000000       -12.5528686079864     
   3.90000000000000       -12.7029482554359     
   3.95000000000000       -12.8528508020945     
   4.00000000000000       -13.0026682159782     
   4.05000000000000       -13.1526590480486     
   4.10000000000000       -13.3027240963766     
   4.15000000000000       -13.4528198544445     
   4.20000000000000       -13.6028095804641     
   4.25000000000000       -13.7527419692077     
   4.30000000000000       -13.9027870738414     
   4.35000000000000       -14.0529483116924     
   4.40000000000000       -14.2030213034982     
   4.45000000000000       -14.3532473402939     
   4.50000000000000       -14.5034377635403     
