 zone T = "ep =    1.00000000000000      ",
   1.44715803134222       -3.68319954445003     
   1.49715803134222       -3.74205991826522     
   1.54715803134222       -3.90442277330549     
   1.59715803134222       -4.10329896521197     
   1.64715803134222       -4.32814723159006     
   1.69715803134222       -4.56749444570742     
   1.74715803134222       -4.81500267969053     
   1.79715803134222       -5.06768500547674     
   1.84715803134222       -5.32484447427540     
   1.89715803134222       -5.58335445296920     
   1.94715803134222       -5.84341670465761     
   1.99715803134222       -6.10588576589788     
   2.04715803134222       -6.36754318304284     
   2.09715803134222       -6.62899681339349     
   2.14715803134222       -6.89120467809896     
   2.19715803134222       -7.15137393389844     
   2.24715803134222       -7.41223706801440     
   2.29715803134222       -7.67192584290685     
   2.34715803134222       -7.93078080705439     
   2.39715803134222       -8.18927716986936     
   2.44715803134222       -8.44780698638946     
   2.49715803134222       -8.70456310444798     
   2.54715803134222       -8.96123388058058     
   2.59715803134222       -9.21720277249914     
   2.64715803134222       -9.47287718903693     
   2.69715803134222       -9.72824923039764     
   2.74715803134222       -9.98289004167201     
   2.79715803134222       -10.2377153709791     
   2.84715803134222       -10.4927492248977     
   2.89715803134222       -10.7484225788388     
   2.94715803134222       -11.0058248164300     
   2.99715803134222       -11.2665795171993     
   3.04715803134222       -11.5334467031193     
   3.09715803134222       -11.8125133091177     
   3.14715803134222       -12.1181390564708     
   3.19715803134222       -12.4838853404682     
   3.24715803134222       -13.0726347988514     
   3.29715803134222       -13.2918319385094     
   3.34715803134222       -12.8775854433977     
   3.39715803134222       -12.7670690493545     
   3.44715803134222       -12.7090771023769     
   3.49715803134222       -12.6772097955237     
   3.54715803134222       -12.6749228261425     
   3.59715803134222       -12.6596828595858     
   3.64715803134222       -12.6398800772358     
   3.69715803134222       -12.6458119965263     
   3.74715803134222       -12.6596828595858     
   3.79715803134222       -12.6419893309297     
   3.84715803134222       -12.6319570584988     
   3.89715803134222       -12.6535597745270     
   3.94715803134222       -12.6496686082901     
   3.99715803134222       -12.6432598178872     
   4.04715803134222       -12.6708363868585     
   4.09715803134222       -12.6377810181380     
   4.14715803134222       -12.6466660665791     
   4.19715803134222       -12.6539942863010     
   4.24715803134222       -12.6531256970477     
   4.29715803134222       -12.6539942863010     
   4.34715803134222       -12.6458119965263     
   4.39715803134222       -12.6935649361986     
   4.44715803134222       -12.6169308791649     
   4.49715803134222       -12.6344434840799     
   4.54715803134222       -12.6419893309297     
   4.59715803134222       -12.6133531469523     
   4.64715803134222       -12.6781279660178     
   4.69715803134222       -12.6274352577816     
   4.74715803134222       -12.6209410136763     
   4.79715803134222       -12.6813569361480     
   4.84715803134222       -12.6197340805737     
   4.89715803134222       -12.6336130928482     
   4.94715803134222       -12.6274352577816     
 zone T = "ep =   0.794328234724281      ",
   1.44715803134222       -3.69773228457606     
   1.49715803134222       -3.96533962523298     
   1.54715803134222       -3.84119862382692     
   1.59715803134222       -3.93903307787146     
   1.64715803134222       -4.11592330678193     
   1.69715803134222       -4.32716269910691     
   1.74715803134222       -4.55680924293746     
   1.79715803134222       -4.79789535001752     
   1.84715803134222       -5.04763346922802     
   1.89715803134222       -5.30127903088473     
   1.94715803134222       -5.55830659445616     
   1.99715803134222       -5.81908126132276     
   2.04715803134222       -6.07990031659920     
   2.09715803134222       -6.34120405598455     
   2.14715803134222       -6.60367140006004     
   2.19715803134222       -6.86448902879247     
   2.24715803134222       -7.12611973276726     
   2.29715803134222       -7.38674308961967     
   2.34715803134222       -7.64661253111527     
   2.39715803134222       -7.90613661608699     
   2.44715803134222       -8.16562139351081     
   2.49715803134222       -8.42340558362024     
   2.54715803134222       -8.68100940814745     
   2.59715803134222       -8.93784558351453     
   2.64715803134222       -9.19426290239723     
   2.69715803134222       -9.45021760366587     
   2.74715803134222       -9.70526371229772     
   2.79715803134222       -9.96010104569397     
   2.84715803134222       -10.2145525286553     
   2.89715803134222       -10.4685845838288     
   2.94715803134222       -10.7225038375957     
   2.99715803134222       -10.9764275204929     
   3.04715803134222       -11.2304942111969     
   3.09715803134222       -11.4857699953679     
   3.14715803134222       -11.7410720131947     
   3.19715803134222       -12.0013134335237     
   3.24715803134222       -12.2643936901625     
   3.29715803134222       -12.5436439115032     
   3.34715803134222       -12.8268372543580     
   3.39715803134222       -13.1852124441149     
   3.44715803134222       -13.6897719471815     
   3.49715803134222       -14.5074317388488     
   3.54715803134222       -13.7614651718365     
   3.59715803134222       -13.6535597745270     
   3.64715803134222       -13.4334516864870     
   3.69715803134222       -13.4494397918711     
   3.74715803134222       -13.4717161865822     
   3.79715803134222       -13.4205636641349     
   3.84715803134222       -13.4440447599844     
   3.89715803134222       -13.4282504928012     
   3.94715803134222       -13.4031397722181     
   3.99715803134222       -13.4688683437094     
   4.04715803134222       -13.4440447599844     
   4.09715803134222       -13.4231108531487     
   4.14715803134222       -13.5853739127809     
   4.19715803134222       -13.3590935483654     
   4.24715803134222       -13.4413721701231     
   4.29715803134222       -13.4387159264793     
   4.34715803134222       -13.4604351761726     
   4.39715803134222       -13.5200208661568     
   4.44715803134222       -13.3313404797931     
   4.49715803134222       -13.4803735061147     
   4.54715803134222       -13.3251801710883     
   4.59715803134222       -13.3272239135983     
   4.64715803134222       -13.3334134884160     
   4.69715803134222       -13.5136806881258     
   4.74715803134222       -13.4155136713982     
   4.79715803134222       -13.4055865081652     
   4.84715803134222       -13.2453198092152     
   4.89715803134222       -13.5232260060320     
   4.94715803134222       -13.6282539092623     
 zone T = "ep =   0.630957344480193      ",
   1.44715803134222       -2.64741001178096     
   1.49715803134222       -3.25600975633679     
   1.54715803134222       -4.51304881407675     
   1.59715803134222       -4.00366837291787     
   1.64715803134222       -3.99964955543015     
   1.69715803134222       -4.13704050456918     
   1.74715803134222       -4.32721938677382     
   1.79715803134222       -4.54482112543255     
   1.84715803134222       -4.77966700883900     
   1.89715803134222       -5.02386534810508     
   1.94715803134222       -5.27483527211661     
   1.99715803134222       -5.53145216277732     
   2.04715803134222       -5.78994595790322     
   2.09715803134222       -6.05007641436416     
   2.14715803134222       -6.31187883628235     
   2.19715803134222       -6.57299772271280     
   2.24715803134222       -6.83497436594658     
   2.29715803134222       -7.09634964139784     
   2.34715803134222       -7.35718586321294     
   2.39715803134222       -7.61769393151918     
   2.44715803134222       -7.87802061782474     
   2.49715803134222       -8.13697520981693     
   2.54715803134222       -8.39559358082336     
   2.59715803134222       -8.65345008559402     
   2.64715803134222       -8.91077912304642     
   2.69715803134222       -9.16754380894498     
   2.74715803134222       -9.42343107175312     
   2.79715803134222       -9.67889981142596     
   2.84715803134222       -9.93379937796210     
   2.89715803134222       -10.1880460595283     
   2.94715803134222       -10.4417133451644     
   2.99715803134222       -10.6945708825143     
   3.04715803134222       -10.9462025400768     
   3.09715803134222       -11.1964351482236     
   3.14715803134222       -11.4438571424067     
   3.19715803134222       -11.6867612281437     
   3.24715803134222       -11.9248814076761     
   3.29715803134222       -12.1488171382553     
   3.34715803134222       -12.3568945842655     
   3.39715803134222       -12.5409547729924     
   3.44715803134222       -12.6841438621730     
   3.49715803134222       -12.8029135393440     
   3.54715803134222       -12.8819722936458     
   3.59715803134222       -12.9417525454858     
   3.64715803134222       -12.9624782824041     
   3.69715803134222       -12.9851738578370     
   3.74715803134222       -12.9993832326491     
   3.79715803134222       -13.0022817605289     
   3.84715803134222       -12.9984213397156     
   3.89715803134222       -13.0120856640229     
   3.94715803134222       -12.9861068216371     
   3.99715803134222       -13.0355116778149     
   4.04715803134222       -13.0504154019068     
   4.09715803134222       -12.9974615725142     
   4.14715803134222       -13.0022817605289     
   4.19715803134222       -13.0190825043663     
   4.24715803134222       -13.0221160055138     
   4.29715803134222       -13.0525868788403     
   4.34715803134222       -13.0272194071520     
   4.39715803134222       -13.0241501754243     
   4.44715803134222       -13.0282473235653     
   4.49715803134222       -12.9502683964084     
   4.54715803134222       -12.9926942965232     
   4.59715803134222       -12.9705127362882     
   4.64715803134222       -13.0749205645589     
   4.69715803134222       -12.9485518151937     
   4.74715803134222       -13.0042249158149     
   4.79715803134222       -13.0547692677639     
   4.84715803134222       -13.0071560483040     
   4.89715803134222       -12.9615946717597     
   4.94715803134222       -13.0737761779102     
 zone T = "ep =   0.501187233627272      ",
   1.44715803134222       -1.95529719020534     
   1.49715803134222       -2.44421803214348     
   1.54715803134222       -2.96796706021637     
   1.59715803134222       -3.65115807590436     
   1.64715803134222       -4.57321505225671     
   1.69715803134222       -4.12291076789067     
   1.74715803134222       -4.18202274460349     
   1.79715803134222       -4.33998002159821     
   1.84715803134222       -4.54152182962437     
   1.89715803134222       -4.76565028246376     
   1.94715803134222       -5.00390150676718     
   1.99715803134222       -5.25188953179279     
   2.04715803134222       -5.50506007038683     
   2.09715803134222       -5.76193732370659     
   2.14715803134222       -6.02159889018489     
   2.19715803134222       -6.28202636089768     
   2.24715803134222       -6.54365355476859     
   2.29715803134222       -6.80532703992749     
   2.34715803134222       -7.06685058859912     
   2.39715803134222       -7.32818133172089     
   2.44715803134222       -7.58927503970563     
   2.49715803134222       -7.84940544553283     
   2.54715803134222       -8.10908757771525     
   2.59715803134222       -8.36805429141928     
   2.64715803134222       -8.62641610785823     
   2.69715803134222       -8.88414456012588     
   2.74715803134222       -9.14106989402459     
   2.79715803134222       -9.39743808935898     
   2.84715803134222       -9.65315606835314     
   2.89715803134222       -9.90816640890278     
   2.94715803134222       -10.1624545302335     
   2.99715803134222       -10.4157873882633     
   3.04715803134222       -10.6678549381941     
   3.09715803134222       -10.9178810486211     
   3.14715803134222       -11.1649949577853     
   3.19715803134222       -11.4074060087409     
   3.24715803134222       -11.6419470453076     
   3.29715803134222       -11.8620094694997     
   3.34715803134222       -12.0608280081331     
   3.39715803134222       -12.2367529027041     
   3.44715803134222       -12.3794019252633     
   3.49715803134222       -12.4835916005301     
   3.54715803134222       -12.5573451891806     
   3.59715803134222       -12.6141456553509     
   3.64715803134222       -12.6225554931635     
   3.69715803134222       -12.6348592758608     
   3.74715803134222       -12.6509617938071     
   3.79715803134222       -12.6672359974763     
   3.84715803134222       -12.6703847024892     
   3.89715803134222       -12.6672359974763     
   3.94715803134222       -12.6509617938071     
   3.99715803134222       -12.6717411673564     
   4.04715803134222       -12.6721942654485     
   4.09715803134222       -12.6544292332397     
   4.14715803134222       -12.6645551588285     
   4.19715803134222       -12.6596828595858     
   4.24715803134222       -12.6596828595858     
   4.29715803134222       -12.6601235440294     
   4.34715803134222       -12.6690324611832     
   4.39715803134222       -12.6998000827938     
   4.44715803134222       -12.6356920555635     
   4.49715803134222       -12.6189313179017     
   4.54715803134222       -12.6466660665791     
   4.59715803134222       -12.6137492203787     
   4.64715803134222       -12.6694827406242     
   4.69715803134222       -12.6415666598678     
   4.74715803134222       -12.6323704754571     
   4.79715803134222       -12.7308343165338     
   4.84715803134222       -12.6513937127705     
   4.89715803134222       -12.5838916776154     
   4.94715803134222       -12.7653802806087     
 zone T = "ep =   0.398107170553497      ",
   1.44715803134222       -1.07668191290401     
   1.49715803134222       -1.74339409408855     
   1.54715803134222       -2.24570696448313     
   1.59715803134222       -2.73705582658698     
   1.64715803134222       -3.28785157153571     
   1.69715803134222       -4.07474487861361     
   1.74715803134222       -4.45454779444759     
   1.79715803134222       -4.28230224958974     
   1.84715803134222       -4.37981346080734     
   1.89715803134222       -4.55300001063635     
   1.94715803134222       -4.76201310103378     
   1.99715803134222       -4.99156026376032     
   2.04715803134222       -5.23307685922202     
   2.09715803134222       -5.48245394429239     
   2.14715803134222       -5.73712209437403     
   2.19715803134222       -5.99478642746384     
   2.24715803134222       -6.25468855303130     
   2.29715803134222       -6.51568070423253     
   2.34715803134222       -6.77721225402353     
   2.39715803134222       -7.03893662363078     
   2.44715803134222       -7.30058511197475     
   2.49715803134222       -7.56172012866102     
   2.54715803134222       -7.82242053606884     
   2.59715803134222       -8.08250507740365     
   2.64715803134222       -8.34196610234124     
   2.69715803134222       -8.60076217591854     
   2.74715803134222       -8.85881777819837     
   2.79715803134222       -9.11620278795882     
   2.84715803134222       -9.37286169377368     
   2.89715803134222       -9.62873435711805     
   2.94715803134222       -9.88373508972706     
   2.99715803134222       -10.1376237040521     
   3.04715803134222       -10.3899757770637     
   3.09715803134222       -10.6399895062975     
   3.14715803134222       -10.8863148315331     
   3.19715803134222       -11.1268845658876     
   3.24715803134222       -11.3577069038831     
   3.29715803134222       -11.5719244730241     
   3.34715803134222       -11.7643141136340     
   3.39715803134222       -11.9277297842064     
   3.44715803134222       -12.0538949957386     
   3.49715803134222       -12.1462437344506     
   3.54715803134222       -12.2053173618926     
   3.59715803134222       -12.2434576978842     
   3.64715803134222       -12.2665260732447     
   3.69715803134222       -12.2766180173803     
   3.74715803134222       -12.2886337407370     
   3.79715803134222       -12.2961967439119     
   3.84715803134222       -12.2903239700433     
   3.89715803134222       -12.3007985828032     
   3.94715803134222       -12.2941037544060     
   3.99715803134222       -12.2933451612317     
   4.04715803134222       -12.3085783605998     
   4.09715803134222       -12.2956249275266     
   4.14715803134222       -12.2908888448014     
   4.19715803134222       -12.3075982327139     
   4.24715803134222       -12.2996435436067     
   4.29715803134222       -12.2982998689996     
   4.34715803134222       -12.3077940814125     
   4.39715803134222       -12.3157013454859     
   4.44715803134222       -12.2876975591245     
   4.49715803134222       -12.2795450342351     
   4.54715803134222       -12.2907004715683     
   4.59715803134222       -12.2737105957642     
   4.64715803134222       -12.3219300568971     
   4.69715803134222       -12.2841583608304     
   4.74715803134222       -12.2757073555203     
   4.79715803134222       -12.3319613440617     
   4.84715803134222       -12.2744356284566     
   4.89715803134222       -12.2751618735789     
   4.94715803134222       -12.3296891679865     
 zone T = "ep =   0.316227766016838      ",
   1.44715803134222        1.67124617922329     
   1.49715803134222      -0.499891614224206     
   1.54715803134222       -1.47327313331482     
   1.59715803134222       -2.03236767565676     
   1.64715803134222       -2.52389131613447     
   1.69715803134222       -3.02285655156068     
   1.74715803134222       -3.60025779600424     
   1.79715803134222       -4.54966259944305     
   1.84715803134222       -4.53590543251616     
   1.89715803134222       -4.46933539246718     
   1.94715803134222       -4.58970071142670     
   1.99715803134222       -4.77330820248900     
   2.04715803134222       -4.98790376552302     
   2.09715803134222       -5.22043559429992     
   2.14715803134222       -5.46411206546549     
   2.19715803134222       -5.71485678523092     
   2.24715803134222       -5.97024435307035     
   2.29715803134222       -6.22857460202552     
   2.34715803134222       -6.48871303442601     
   2.39715803134222       -6.74988145824247     
   2.44715803134222       -7.01150128282207     
   2.49715803134222       -7.27318739241249     
   2.54715803134222       -7.53466328389701     
   2.59715803134222       -7.79573427790522     
   2.64715803134222       -8.05627446641889     
   2.69715803134222       -8.31620156085654     
   2.74715803134222       -8.57547730705329     
   2.79715803134222       -8.83406032354664     
   2.84715803134222       -9.09192920821510     
   2.89715803134222       -9.34905804485780     
   2.94715803134222       -9.60538764356742     
   2.99715803134222       -9.86080749016127     
   3.04715803134222       -10.1150765281633     
   3.09715803134222       -10.3678022411690     
   3.14715803134222       -10.6181980878139     
   3.19715803134222       -10.8650802940436     
   3.24715803134222       -11.1056005639398     
   3.29715803134222       -11.3362069248493     
   3.34715803134222       -11.5519845282711     
   3.39715803134222       -11.7460946677612     
   3.44715803134222       -11.9070034131167     
   3.49715803134222       -12.0351978434171     
   3.54715803134222       -12.1291636524232     
   3.59715803134222       -12.1892192898994     
   3.64715803134222       -12.2218744298410     
   3.69715803134222       -12.2465089597228     
   3.74715803134222       -12.2606870291249     
   3.79715803134222       -12.2719032919412     
   3.84715803134222       -12.2686689779965     
   3.89715803134222       -12.2755254520697     
   3.94715803134222       -12.2764357321806     
   3.99715803134222       -12.2830466849284     
   4.04715803134222       -12.2939139818525     
   4.09715803134222       -12.2647483610535     
   4.14715803134222       -12.2740729608097     
   4.19715803134222       -12.2751618735789     
   4.24715803134222       -12.2886337407370     
   4.29715803134222       -12.2873236508087     
   4.34715803134222       -12.2944835484678     
   4.39715803134222       -12.3002206792157     
   4.44715803134222       -12.2596337679412     
   4.49715803134222       -12.2626246674236     
   4.54715803134222       -12.2681322597219     
   4.59715803134222       -12.2504392533512     
   4.64715803134222       -12.2946735701212     
   4.69715803134222       -12.2608628212674     
   4.74715803134222       -12.2390878248977     
   4.79715803134222       -12.3311337221211     
   4.84715803134222       -12.2547520443238     
   4.89715803134222       -12.2286781378960     
   4.94715803134222       -12.3193071321928     
 zone T = "ep =   0.251188643150958      ",
   1.44715803134222                          NaN
   1.49715803134222                          NaN
   1.54715803134222        1.05378414008864     
   1.59715803134222      -0.818595063557783     
   1.64715803134222       -1.73978038617284     
   1.69715803134222       -2.30488495066811     
   1.74715803134222       -2.79370416335295     
   1.79715803134222       -3.30036598308147     
   1.84715803134222       -3.90378688808884     
   1.89715803134222       -5.12623299458717     
   1.94715803134222       -4.68426312488453     
   1.99715803134222       -4.67172490570093     
   2.04715803134222       -4.80688055499870     
   2.09715803134222       -4.99711549004004     
   2.14715803134222       -5.21543505487681     
   2.19715803134222       -5.45027047885777     
   2.24715803134222       -5.69530085745838     
   2.29715803134222       -5.94697200870168     
   2.34715803134222       -6.20292964943116     
   2.39715803134222       -6.46160497314139     
   2.44715803134222       -6.72188565208226     
   2.49715803134222       -6.98315394773859     
   2.54715803134222       -7.24477306122460     
   2.59715803134222       -7.50640906672329     
   2.64715803134222       -7.76778120469901     
   2.69715803134222       -8.02871531696019     
   2.74715803134222       -8.28913869298630     
   2.79715803134222       -8.54891539651367     
   2.84715803134222       -8.80801129459825     
   2.89715803134222       -9.06639465768342     
   2.94715803134222       -9.32400915614688     
   2.99715803134222       -9.58078653838681     
   3.04715803134222       -9.83660297563884     
   3.09715803134222       -10.0912169393339     
   3.14715803134222       -10.3441169902377     
   3.19715803134222       -10.5945343515862     
   3.24715803134222       -10.8410408026618     
   3.29715803134222       -11.0806765603299     
   3.34715803134222       -11.3103481843473     
   3.39715803134222       -11.5237088237381     
   3.44715803134222       -11.7112044248193     
   3.49715803134222       -11.8694419580641     
   3.54715803134222       -11.9943093057544     
   3.59715803134222       -12.0791812101139     
   3.64715803134222       -12.1332072704437     
   3.69715803134222       -12.1665628860952     
   3.74715803134222       -12.1914613933919     
   3.79715803134222       -12.2033106662077     
   3.84715803134222       -12.2068673081555     
   3.89715803134222       -12.2154923240735     
   3.94715803134222       -12.2046989289196     
   3.99715803134222       -12.2201099807654     
   4.04715803134222       -12.2294952491095     
   4.09715803134222       -12.2090465681930     
   4.14715803134222       -12.2140691841373     
   4.19715803134222       -12.2193103221305     
   4.24715803134222       -12.2175562388571     
   4.29715803134222       -12.2239689723037     
   4.34715803134222       -12.2259114033401     
   4.39715803134222       -12.2369192671887     
   4.44715803134222       -12.1929625856294     
   4.49715803134222       -12.2007004387312     
   4.54715803134222       -12.2092026488710     
   4.59715803134222       -12.1809495769310     
   4.64715803134222       -12.2421084323891     
   4.69715803134222       -12.1919112064636     
   4.74715803134222       -12.1802188103411     
   4.79715803134222       -12.2598091341789     
   4.84715803134222       -12.2011599286156     
   4.89715803134222       -12.1546980855341     
   4.94715803134222       -12.2729867714601     
 zone T = "ep =   0.199526231496888      ",
   1.44715803134222                          NaN
   1.49715803134222                          NaN
   1.54715803134222                          NaN
   1.59715803134222                          NaN
   1.64715803134222        1.16435914453654     
   1.69715803134222       -1.15460619496906     
   1.74715803134222       -2.02385989690553     
   1.79715803134222       -2.56744073981482     
   1.84715803134222       -3.05462515901428     
   1.89715803134222       -3.56796360378308     
   1.94715803134222       -4.19550672705196     
   1.99715803134222       -6.29332649322310     
   2.04715803134222       -4.86296545985431     
   2.09715803134222       -4.88208865912124     
   2.14715803134222       -5.02693684047256     
   2.19715803134222       -5.22183477432899     
   2.24715803134222       -5.44269446670569     
   2.29715803134222       -5.67903174221622     
   2.34715803134222       -5.92506468835980     
   2.39715803134222       -6.17733171421786     
   2.44715803134222       -6.43357574210857     
   2.49715803134222       -6.69249443214498     
   2.54715803134222       -6.95291805604677     
   2.59715803134222       -7.21418456297943     
   2.64715803134222       -7.47576128793554     
   2.69715803134222       -7.73729840062260     
   2.74715803134222       -7.99860567534514     
   2.79715803134222       -8.25943847577205     
   2.84715803134222       -8.51970024528796     
   2.89715803134222       -8.77932022038769     
   2.94715803134222       -9.03821605508716     
   2.99715803134222       -9.29632474327211     
   3.04715803134222       -9.55356302134809     
   3.09715803134222       -9.80975973109199     
   3.14715803134222       -10.0646038226615     
   3.19715803134222       -10.3175545865188     
   3.24715803134222       -10.5676202024434     
   3.29715803134222       -10.8129268215024     
   3.34715803134222       -11.0509030384545     
   3.39715803134222       -11.2774209824465     
   3.44715803134222       -11.4838853404682     
   3.49715803134222       -11.6666985042370     
   3.54715803134222       -11.8148995485381     
   3.59715803134222       -11.9289562591303     
   3.64715803134222       -12.0009267064439     
   3.69715803134222       -12.0483625071386     
   3.74715803134222       -12.0818509427183     
   3.79715803134222       -12.1044338477689     
   3.84715803134222       -12.1109832982665     
   3.89715803134222       -12.1200419125101     
   3.94715803134222       -12.1209327732981     
   3.99715803134222       -12.1225920929551     
   4.04715803134222       -12.1370244006312     
   4.09715803134222       -12.1191528753891     
