 zone T = "Var            1 : IMEX",
 0.00000E+00  0.11316E+01
-0.10000E+00  0.10616E+01
-0.20000E+00  0.10072E+01
-0.30000E+00  0.97986E+00
-0.40000E+00  0.10133E+01
-0.50000E+00  0.12321E+01
-0.60000E+00  0.87755E+00
-0.70000E+00  0.77446E+00
-0.80000E+00  0.73931E+00
-0.90000E+00  0.75405E+00
-0.10000E+01  0.81065E+00
-0.11000E+01  0.90524E+00
-0.12000E+01  0.10659E+01
-0.13000E+01  0.93579E+00
-0.14000E+01  0.62190E+00
-0.15000E+01  0.39967E+00
-0.16000E+01  0.22243E+00
-0.17000E+01  0.10224E+00
-0.18000E+01 -0.26229E-01
-0.19000E+01 -0.11847E+00
-0.20000E+01 -0.12488E+00
-0.21000E+01 -0.39389E-02
-0.22000E+01 -0.99311E-01
-0.23000E+01 -0.10579E+00
-0.24000E+01 -0.10693E+00
-0.25000E+01 -0.10781E+00
-0.26000E+01 -0.10849E+00
-0.27000E+01 -0.10900E+00
-0.28000E+01 -0.10941E+00
-0.29000E+01 -0.10972E+00
-0.30000E+01 -0.10996E+00
-0.31000E+01 -0.11014E+00
-0.32000E+01 -0.11029E+00
-0.33000E+01 -0.11040E+00
-0.34000E+01 -0.11049E+00
-0.35000E+01 -0.11056E+00
-0.36000E+01 -0.11061E+00
-0.37000E+01 -0.11065E+00
-0.38000E+01 -0.11069E+00
-0.39000E+01 -0.11071E+00
-0.40000E+01 -0.11073E+00
-0.41000E+01 -0.11075E+00
-0.42000E+01 -0.11076E+00
-0.43000E+01 -0.11077E+00
-0.44000E+01 -0.11078E+00
-0.45000E+01 -0.11079E+00
-0.46000E+01 -0.11079E+00
-0.47000E+01 -0.11080E+00
-0.48000E+01 -0.11080E+00
-0.49000E+01 -0.11080E+00
-0.50000E+01 -0.11081E+00
-0.51000E+01 -0.11081E+00
-0.52000E+01 -0.11081E+00
-0.53000E+01 -0.11081E+00
-0.54000E+01 -0.11081E+00
-0.55000E+01 -0.11081E+00
-0.56000E+01 -0.11081E+00
-0.57000E+01 -0.11081E+00
-0.58000E+01 -0.11081E+00
-0.59000E+01 -0.11081E+00
-0.60000E+01 -0.11081E+00
-0.61000E+01 -0.11081E+00
-0.62000E+01 -0.11081E+00
-0.63000E+01 -0.11081E+00
-0.64000E+01 -0.11081E+00
-0.65000E+01 -0.11081E+00
-0.66000E+01 -0.11081E+00
-0.67000E+01 -0.11081E+00
-0.68000E+01 -0.11081E+00
-0.69000E+01 -0.11081E+00
-0.70000E+01 -0.11081E+00
-0.71000E+01 -0.11081E+00
-0.72000E+01 -0.11081E+00
-0.73000E+01 -0.11081E+00
-0.74000E+01 -0.11081E+00
-0.75000E+01 -0.11081E+00
-0.76000E+01 -0.11081E+00
-0.77000E+01 -0.11081E+00
-0.78000E+01 -0.11081E+00
-0.79000E+01 -0.11081E+00
-0.80000E+01 -0.11081E+00
 zone T = "Var            1 : Predicted",
 0.00000E+00  0.15701E+01
-0.10000E+00  0.14840E+01
-0.20000E+00  0.13986E+01
-0.30000E+00  0.13157E+01
-0.40000E+00  0.12375E+01
-0.50000E+00  0.11663E+01
-0.60000E+00  0.11039E+01
-0.70000E+00  0.10509E+01
-0.80000E+00  0.10061E+01
-0.90000E+00  0.96793E+00
-0.10000E+01  0.93313E+00
-0.11000E+01  0.86331E+00
-0.12000E+01  0.78585E+00
-0.13000E+01  0.71165E+00
-0.14000E+01  0.63776E+00
-0.15000E+01  0.55574E+00
-0.16000E+01  0.46725E+00
-0.17000E+01  0.38657E+00
-0.18000E+01  0.34189E+00
-0.19000E+01  0.30357E+00
-0.20000E+01  0.38703E+00
-0.21000E+01  0.51608E+00
-0.22000E+01  0.53084E+00
-0.23000E+01  0.52464E+00
-0.24000E+01  0.51665E+00
-0.25000E+01  0.51686E+00
-0.26000E+01  0.50847E+00
-0.27000E+01  0.50974E+00
-0.28000E+01  0.51083E+00
-0.29000E+01  0.50842E+00
-0.30000E+01  0.50559E+00
-0.31000E+01  0.50337E+00
-0.32000E+01  0.50200E+00
-0.33000E+01  0.50106E+00
-0.34000E+01  0.50031E+00
-0.35000E+01  0.49971E+00
-0.36000E+01  0.49923E+00
-0.37000E+01  0.49886E+00
-0.38000E+01  0.49856E+00
-0.39000E+01  0.49832E+00
-0.40000E+01  0.49813E+00
-0.41000E+01  0.49798E+00
-0.42000E+01  0.49786E+00
-0.43000E+01  0.49777E+00
-0.44000E+01  0.49769E+00
-0.45000E+01  0.49763E+00
-0.46000E+01  0.49758E+00
-0.47000E+01  0.49755E+00
-0.48000E+01  0.49752E+00
-0.49000E+01  0.49749E+00
-0.50000E+01  0.49747E+00
-0.51000E+01  0.49746E+00
-0.52000E+01  0.49745E+00
-0.53000E+01  0.49744E+00
-0.54000E+01  0.49743E+00
-0.55000E+01  0.49742E+00
-0.56000E+01  0.49742E+00
-0.57000E+01  0.49741E+00
-0.58000E+01  0.49741E+00
-0.59000E+01  0.49741E+00
-0.60000E+01  0.49741E+00
-0.61000E+01  0.49741E+00
-0.62000E+01  0.49740E+00
-0.63000E+01  0.49740E+00
-0.64000E+01  0.49740E+00
-0.65000E+01  0.49740E+00
-0.66000E+01  0.49740E+00
-0.67000E+01  0.49740E+00
-0.68000E+01  0.49740E+00
-0.69000E+01  0.49740E+00
-0.70000E+01  0.49740E+00
-0.71000E+01  0.49740E+00
-0.72000E+01  0.49740E+00
-0.73000E+01  0.49740E+00
-0.74000E+01  0.49740E+00
-0.75000E+01  0.49740E+00
-0.76000E+01  0.49740E+00
-0.77000E+01  0.49740E+00
-0.78000E+01  0.49740E+00
-0.79000E+01  0.49740E+00
-0.80000E+01  0.49740E+00
 zone T = "Var            2 : IMEX",
 0.00000E+00  0.11367E+01
-0.10000E+00  0.10637E+01
-0.20000E+00  0.10042E+01
-0.30000E+00  0.96719E+00
-0.40000E+00  0.97457E+00
-0.50000E+00  0.11650E+01
-0.60000E+00  0.92576E+00
-0.70000E+00  0.78753E+00
-0.80000E+00  0.73229E+00
-0.90000E+00  0.72878E+00
-0.10000E+01  0.76743E+00
-0.11000E+01  0.84171E+00
-0.12000E+01  0.10003E+01
-0.13000E+01  0.94269E+00
-0.14000E+01  0.90637E+00
-0.15000E+01  0.63385E+00
-0.16000E+01  0.42985E+00
-0.17000E+01  0.36384E+00
-0.18000E+01  0.10290E+00
-0.19000E+01 -0.81498E-02
-0.20000E+01 -0.55693E-01
-0.21000E+01 -0.85008E-01
-0.22000E+01 -0.96623E-01
-0.23000E+01 -0.97407E-01
-0.24000E+01 -0.97644E-01
-0.25000E+01 -0.97715E-01
-0.26000E+01 -0.97684E-01
-0.27000E+01 -0.97595E-01
-0.28000E+01 -0.97478E-01
-0.29000E+01 -0.97353E-01
-0.30000E+01 -0.97232E-01
-0.31000E+01 -0.97120E-01
-0.32000E+01 -0.97021E-01
-0.33000E+01 -0.96935E-01
-0.34000E+01 -0.96863E-01
-0.35000E+01 -0.96803E-01
-0.36000E+01 -0.96754E-01
-0.37000E+01 -0.96713E-01
-0.38000E+01 -0.96680E-01
-0.39000E+01 -0.96654E-01
-0.40000E+01 -0.96632E-01
-0.41000E+01 -0.96615E-01
-0.42000E+01 -0.96601E-01
-0.43000E+01 -0.96590E-01
-0.44000E+01 -0.96582E-01
-0.45000E+01 -0.96575E-01
-0.46000E+01 -0.96569E-01
-0.47000E+01 -0.96564E-01
-0.48000E+01 -0.96561E-01
-0.49000E+01 -0.96558E-01
-0.50000E+01 -0.96556E-01
-0.51000E+01 -0.96554E-01
-0.52000E+01 -0.96553E-01
-0.53000E+01 -0.96552E-01
-0.54000E+01 -0.96551E-01
-0.55000E+01 -0.96550E-01
-0.56000E+01 -0.96549E-01
-0.57000E+01 -0.96549E-01
-0.58000E+01 -0.96549E-01
-0.59000E+01 -0.96548E-01
-0.60000E+01 -0.96548E-01
-0.61000E+01 -0.96548E-01
-0.62000E+01 -0.96548E-01
-0.63000E+01 -0.96548E-01
-0.64000E+01 -0.96548E-01
-0.65000E+01 -0.96547E-01
-0.66000E+01 -0.96547E-01
-0.67000E+01 -0.96547E-01
-0.68000E+01 -0.96547E-01
-0.69000E+01 -0.96547E-01
-0.70000E+01 -0.96547E-01
-0.71000E+01 -0.96547E-01
-0.72000E+01 -0.96547E-01
-0.73000E+01 -0.96547E-01
-0.74000E+01 -0.96547E-01
-0.75000E+01 -0.96547E-01
-0.76000E+01 -0.96547E-01
-0.77000E+01 -0.96547E-01
-0.78000E+01 -0.96547E-01
-0.79000E+01 -0.96547E-01
-0.80000E+01 -0.96547E-01
 zone T = "Var            2 : Predicted",
 0.00000E+00  0.15881E+01
-0.10000E+00  0.15015E+01
-0.20000E+00  0.14156E+01
-0.30000E+00  0.13310E+01
-0.40000E+00  0.12500E+01
-0.50000E+00  0.11749E+01
-0.60000E+00  0.11075E+01
-0.70000E+00  0.10492E+01
-0.80000E+00  0.99937E+00
-0.90000E+00  0.95667E+00
-0.10000E+01  0.91963E+00
-0.11000E+01  0.88100E+00
-0.12000E+01  0.81703E+00
-0.13000E+01  0.74734E+00
-0.14000E+01  0.67523E+00
-0.15000E+01  0.59340E+00
-0.16000E+01  0.50498E+00
-0.17000E+01  0.42178E+00
-0.18000E+01  0.38217E+00
-0.19000E+01  0.35763E+00
-0.20000E+01  0.45892E+00
-0.21000E+01  0.57699E+00
-0.22000E+01  0.58194E+00
-0.23000E+01  0.57967E+00
-0.24000E+01  0.57739E+00
-0.25000E+01  0.57537E+00
-0.26000E+01  0.57367E+00
-0.27000E+01  0.57213E+00
-0.28000E+01  0.57084E+00
-0.29000E+01  0.56980E+00
-0.30000E+01  0.56897E+00
-0.31000E+01  0.56831E+00
-0.32000E+01  0.56776E+00
-0.33000E+01  0.56731E+00
-0.34000E+01  0.56690E+00
-0.35000E+01  0.56657E+00
-0.36000E+01  0.56630E+00
-0.37000E+01  0.56609E+00
-0.38000E+01  0.56593E+00
-0.39000E+01  0.56580E+00
-0.40000E+01  0.56569E+00
-0.41000E+01  0.56561E+00
-0.42000E+01  0.56554E+00
-0.43000E+01  0.56549E+00
-0.44000E+01  0.56545E+00
-0.45000E+01  0.56541E+00
-0.46000E+01  0.56539E+00
-0.47000E+01  0.56536E+00
-0.48000E+01  0.56535E+00
-0.49000E+01  0.56533E+00
-0.50000E+01  0.56532E+00
-0.51000E+01  0.56532E+00
-0.52000E+01  0.56531E+00
-0.53000E+01  0.56530E+00
-0.54000E+01  0.56530E+00
-0.55000E+01  0.56530E+00
-0.56000E+01  0.56529E+00
-0.57000E+01  0.56529E+00
-0.58000E+01  0.56529E+00
-0.59000E+01  0.56529E+00
-0.60000E+01  0.56529E+00
-0.61000E+01  0.56529E+00
-0.62000E+01  0.56529E+00
-0.63000E+01  0.56529E+00
-0.64000E+01  0.56529E+00
-0.65000E+01  0.56528E+00
-0.66000E+01  0.56528E+00
-0.67000E+01  0.56528E+00
-0.68000E+01  0.56528E+00
-0.69000E+01  0.56528E+00
-0.70000E+01  0.56528E+00
-0.71000E+01  0.56528E+00
-0.72000E+01  0.56528E+00
-0.73000E+01  0.56528E+00
-0.74000E+01  0.56528E+00
-0.75000E+01  0.56528E+00
-0.76000E+01  0.56528E+00
-0.77000E+01  0.56528E+00
-0.78000E+01  0.56528E+00
-0.79000E+01  0.56528E+00
-0.80000E+01  0.56528E+00
 zone T = "Var            3 : IMEX",
 0.00000E+00  0.11437E+01
-0.10000E+00  0.10677E+01
-0.20000E+00  0.10034E+01
-0.30000E+00  0.95789E+00
-0.40000E+00  0.94613E+00
-0.50000E+00  0.10230E+01
-0.60000E+00  0.10139E+01
-0.70000E+00  0.80985E+00
-0.80000E+00  0.72973E+00
-0.90000E+00  0.70570E+00
-0.10000E+01  0.72440E+00
-0.11000E+01  0.77679E+00
-0.12000E+01  0.87047E+00
-0.13000E+01  0.95255E+00
-0.14000E+01  0.65097E+00
-0.15000E+01  0.48686E+00
-0.16000E+01  0.32392E+00
-0.17000E+01  0.13802E+00
-0.18000E+01  0.79985E-01
-0.19000E+01  0.13231E+00
-0.20000E+01 -0.22937E-01
-0.21000E+01 -0.86370E-01
-0.22000E+01 -0.86945E-01
-0.23000E+01 -0.87294E-01
-0.24000E+01 -0.87529E-01
-0.25000E+01 -0.87717E-01
-0.26000E+01 -0.87899E-01
-0.27000E+01 -0.88091E-01
-0.28000E+01 -0.88295E-01
-0.29000E+01 -0.88505E-01
-0.30000E+01 -0.88712E-01
-0.31000E+01 -0.88908E-01
-0.32000E+01 -0.89088E-01
-0.33000E+01 -0.89247E-01
-0.34000E+01 -0.89386E-01
-0.35000E+01 -0.89504E-01
-0.36000E+01 -0.89603E-01
-0.37000E+01 -0.89685E-01
-0.38000E+01 -0.89753E-01
-0.39000E+01 -0.89808E-01
-0.40000E+01 -0.89853E-01
-0.41000E+01 -0.89889E-01
-0.42000E+01 -0.89919E-01
-0.43000E+01 -0.89942E-01
-0.44000E+01 -0.89961E-01
-0.45000E+01 -0.89976E-01
-0.46000E+01 -0.89988E-01
-0.47000E+01 -0.89998E-01
-0.48000E+01 -0.90005E-01
-0.49000E+01 -0.90011E-01
-0.50000E+01 -0.90016E-01
-0.51000E+01 -0.90020E-01
-0.52000E+01 -0.90023E-01
-0.53000E+01 -0.90026E-01
-0.54000E+01 -0.90028E-01
-0.55000E+01 -0.90029E-01
-0.56000E+01 -0.90030E-01
-0.57000E+01 -0.90031E-01
-0.58000E+01 -0.90032E-01
-0.59000E+01 -0.90033E-01
-0.60000E+01 -0.90033E-01
-0.61000E+01 -0.90034E-01
-0.62000E+01 -0.90034E-01
-0.63000E+01 -0.90034E-01
-0.64000E+01 -0.90034E-01
-0.65000E+01 -0.90034E-01
-0.66000E+01 -0.90035E-01
-0.67000E+01 -0.90035E-01
-0.68000E+01 -0.90035E-01
-0.69000E+01 -0.90035E-01
-0.70000E+01 -0.90035E-01
-0.71000E+01 -0.90035E-01
-0.72000E+01 -0.90035E-01
-0.73000E+01 -0.90035E-01
-0.74000E+01 -0.90035E-01
-0.75000E+01 -0.90035E-01
-0.76000E+01 -0.90035E-01
-0.77000E+01 -0.90035E-01
-0.78000E+01 -0.90035E-01
-0.79000E+01 -0.90035E-01
-0.80000E+01 -0.90035E-01
 zone T = "Var            3 : Predicted",
 0.00000E+00  0.16362E+01
-0.10000E+00  0.15460E+01
-0.20000E+00  0.14559E+01
-0.30000E+00  0.13671E+01
-0.40000E+00  0.12815E+01
-0.50000E+00  0.12011E+01
-0.60000E+00  0.11280E+01
-0.70000E+00  0.10636E+01
-0.80000E+00  0.10078E+01
-0.90000E+00  0.95929E+00
-0.10000E+01  0.91600E+00
-0.11000E+01  0.87669E+00
-0.12000E+01  0.83137E+00
-0.13000E+01  0.76215E+00
-0.14000E+01  0.68813E+00
-0.15000E+01  0.60725E+00
-0.16000E+01  0.52137E+00
-0.17000E+01  0.44366E+00
-0.18000E+01  0.39850E+00
-0.19000E+01  0.37845E+00
-0.20000E+01  0.51236E+00
-0.21000E+01  0.56596E+00
-0.22000E+01  0.55410E+00
-0.23000E+01  0.54370E+00
-0.24000E+01  0.53524E+00
-0.25000E+01  0.52835E+00
-0.26000E+01  0.52244E+00
-0.27000E+01  0.51769E+00
-0.28000E+01  0.51386E+00
-0.29000E+01  0.51079E+00
-0.30000E+01  0.50837E+00
-0.31000E+01  0.50644E+00
-0.32000E+01  0.50490E+00
-0.33000E+01  0.50367E+00
-0.34000E+01  0.50269E+00
-0.35000E+01  0.50190E+00
-0.36000E+01  0.50125E+00
-0.37000E+01  0.50074E+00
-0.38000E+01  0.50033E+00
-0.39000E+01  0.50001E+00
-0.40000E+01  0.49975E+00
-0.41000E+01  0.49955E+00
-0.42000E+01  0.49939E+00
-0.43000E+01  0.49926E+00
-0.44000E+01  0.49916E+00
-0.45000E+01  0.49907E+00
-0.46000E+01  0.49901E+00
-0.47000E+01  0.49896E+00
-0.48000E+01  0.49892E+00
-0.49000E+01  0.49889E+00
-0.50000E+01  0.49886E+00
-0.51000E+01  0.49884E+00
-0.52000E+01  0.49882E+00
-0.53000E+01  0.49881E+00
-0.54000E+01  0.49880E+00
-0.55000E+01  0.49879E+00
-0.56000E+01  0.49879E+00
-0.57000E+01  0.49878E+00
-0.58000E+01  0.49878E+00
-0.59000E+01  0.49877E+00
-0.60000E+01  0.49877E+00
-0.61000E+01  0.49877E+00
-0.62000E+01  0.49877E+00
-0.63000E+01  0.49877E+00
-0.64000E+01  0.49877E+00
-0.65000E+01  0.49876E+00
-0.66000E+01  0.49876E+00
-0.67000E+01  0.49876E+00
-0.68000E+01  0.49876E+00
-0.69000E+01  0.49876E+00
-0.70000E+01  0.49876E+00
-0.71000E+01  0.49876E+00
-0.72000E+01  0.49876E+00
-0.73000E+01  0.49876E+00
-0.74000E+01  0.49876E+00
-0.75000E+01  0.49876E+00
-0.76000E+01  0.49876E+00
-0.77000E+01  0.49876E+00
-0.78000E+01  0.49876E+00
-0.79000E+01  0.49876E+00
-0.80000E+01  0.49876E+00
 zone T = "Var            4 : IMEX",
 0.00000E+00  0.11513E+01
-0.10000E+00  0.10726E+01
-0.20000E+00  0.10040E+01
-0.30000E+00  0.95126E+00
-0.40000E+00  0.92522E+00
-0.50000E+00  0.95552E+00
-0.60000E+00  0.13284E+01
-0.70000E+00  0.84541E+00
-0.80000E+00  0.73366E+00
-0.90000E+00  0.68773E+00
-0.10000E+01  0.68600E+00
-0.11000E+01  0.71800E+00
-0.12000E+01  0.77119E+00
-0.13000E+01  0.89943E+00
-0.14000E+01  0.71410E+00
-0.15000E+01  0.47231E+00
-0.16000E+01  0.30639E+00
-0.17000E+01  0.25785E+00
-0.18000E+01  0.17428E-01
-0.19000E+01 -0.30876E-01
-0.20000E+01 -0.82286E-01
-0.21000E+01 -0.76337E-01
-0.22000E+01 -0.76837E-01
-0.23000E+01 -0.78018E-01
-0.24000E+01 -0.79377E-01
-0.25000E+01 -0.80865E-01
-0.26000E+01 -0.82402E-01
-0.27000E+01 -0.83904E-01
-0.28000E+01 -0.85305E-01
-0.29000E+01 -0.86565E-01
-0.30000E+01 -0.87666E-01
-0.31000E+01 -0.88606E-01
-0.32000E+01 -0.89397E-01
-0.33000E+01 -0.90052E-01
-0.34000E+01 -0.90591E-01
-0.35000E+01 -0.91030E-01
-0.36000E+01 -0.91386E-01
-0.37000E+01 -0.91673E-01
-0.38000E+01 -0.91904E-01
-0.39000E+01 -0.92089E-01
-0.40000E+01 -0.92237E-01
-0.41000E+01 -0.92356E-01
-0.42000E+01 -0.92450E-01
-0.43000E+01 -0.92526E-01
-0.44000E+01 -0.92586E-01
-0.45000E+01 -0.92634E-01
-0.46000E+01 -0.92672E-01
-0.47000E+01 -0.92702E-01
-0.48000E+01 -0.92726E-01
-0.49000E+01 -0.92745E-01
-0.50000E+01 -0.92760E-01
-0.51000E+01 -0.92773E-01
-0.52000E+01 -0.92782E-01
-0.53000E+01 -0.92790E-01
-0.54000E+01 -0.92796E-01
-0.55000E+01 -0.92801E-01
-0.56000E+01 -0.92805E-01
-0.57000E+01 -0.92808E-01
-0.58000E+01 -0.92810E-01
-0.59000E+01 -0.92812E-01
-0.60000E+01 -0.92813E-01
-0.61000E+01 -0.92815E-01
-0.62000E+01 -0.92816E-01
-0.63000E+01 -0.92816E-01
-0.64000E+01 -0.92817E-01
-0.65000E+01 -0.92817E-01
-0.66000E+01 -0.92818E-01
-0.67000E+01 -0.92818E-01
-0.68000E+01 -0.92818E-01
-0.69000E+01 -0.92819E-01
-0.70000E+01 -0.92819E-01
-0.71000E+01 -0.92819E-01
-0.72000E+01 -0.92819E-01
-0.73000E+01 -0.92819E-01
-0.74000E+01 -0.92819E-01
-0.75000E+01 -0.92819E-01
-0.76000E+01 -0.92819E-01
-0.77000E+01 -0.92819E-01
-0.78000E+01 -0.92819E-01
-0.79000E+01 -0.92819E-01
-0.80000E+01 -0.92819E-01
 zone T = "Var            4 : Predicted",
 0.00000E+00  0.16792E+01
-0.10000E+00  0.15842E+01
-0.20000E+00  0.14906E+01
-0.30000E+00  0.13988E+01
-0.40000E+00  0.13096E+01
-0.50000E+00  0.12247E+01
-0.60000E+00  0.11458E+01
-0.70000E+00  0.10745E+01
-0.80000E+00  0.10102E+01
-0.90000E+00  0.95301E+00
-0.10000E+01  0.90081E+00
-0.11000E+01  0.85229E+00
-0.12000E+01  0.80773E+00
-0.13000E+01  0.76109E+00
-0.14000E+01  0.70111E+00
-0.15000E+01  0.63518E+00
-0.16000E+01  0.56056E+00
-0.17000E+01  0.48887E+00
-0.18000E+01  0.44045E+00
-0.19000E+01  0.45415E+00
-0.20000E+01  0.58788E+00
-0.21000E+01  0.58101E+00
-0.22000E+01  0.56552E+00
-0.23000E+01  0.55138E+00
-0.24000E+01  0.53948E+00
-0.25000E+01  0.52962E+00
-0.26000E+01  0.52158E+00
-0.27000E+01  0.51514E+00
-0.28000E+01  0.50999E+00
-0.29000E+01  0.50585E+00
-0.30000E+01  0.50245E+00
-0.31000E+01  0.49974E+00
-0.32000E+01  0.49760E+00
-0.33000E+01  0.49589E+00
-0.34000E+01  0.49452E+00
-0.35000E+01  0.49343E+00
-0.36000E+01  0.49257E+00
-0.37000E+01  0.49188E+00
-0.38000E+01  0.49134E+00
-0.39000E+01  0.49091E+00
-0.40000E+01  0.49056E+00
-0.41000E+01  0.49029E+00
-0.42000E+01  0.49008E+00
-0.43000E+01  0.48990E+00
-0.44000E+01  0.48977E+00
-0.45000E+01  0.48966E+00
-0.46000E+01  0.48958E+00
-0.47000E+01  0.48951E+00
-0.48000E+01  0.48945E+00
-0.49000E+01  0.48941E+00
-0.50000E+01  0.48938E+00
-0.51000E+01  0.48935E+00
-0.52000E+01  0.48933E+00
-0.53000E+01  0.48931E+00
-0.54000E+01  0.48930E+00
-0.55000E+01  0.48929E+00
-0.56000E+01  0.48928E+00
-0.57000E+01  0.48927E+00
-0.58000E+01  0.48926E+00
-0.59000E+01  0.48926E+00
-0.60000E+01  0.48926E+00
-0.61000E+01  0.48925E+00
-0.62000E+01  0.48925E+00
-0.63000E+01  0.48925E+00
-0.64000E+01  0.48925E+00
-0.65000E+01  0.48925E+00
-0.66000E+01  0.48925E+00
-0.67000E+01  0.48925E+00
-0.68000E+01  0.48925E+00
-0.69000E+01  0.48925E+00
-0.70000E+01  0.48925E+00
-0.71000E+01  0.48924E+00
-0.72000E+01  0.48924E+00
-0.73000E+01  0.48924E+00
-0.74000E+01  0.48924E+00
-0.75000E+01  0.48924E+00
-0.76000E+01  0.48924E+00
-0.77000E+01  0.48924E+00
-0.78000E+01  0.48924E+00
-0.79000E+01  0.48924E+00
-0.80000E+01  0.48924E+00
 zone T = "Var            5 : IMEX",
 0.00000E+00  0.11609E+01
-0.10000E+00  0.10795E+01
-0.20000E+00  0.10069E+01
-0.30000E+00  0.94763E+00
-0.40000E+00  0.90980E+00
-0.50000E+00  0.91112E+00
-0.60000E+00  0.10346E+01
-0.70000E+00  0.91669E+00
-0.80000E+00  0.75202E+00
-0.90000E+00  0.68014E+00
-0.10000E+01  0.65630E+00
-0.11000E+01  0.66759E+00
-0.12000E+01  0.69772E+00
-0.13000E+01  0.72033E+00
-0.14000E+01  0.76006E+00
-0.15000E+01  0.81581E+00
-0.16000E+01  0.63162E+00
-0.17000E+01  0.24852E+00
-0.18000E+01  0.58722E-01
-0.19000E+01  0.15857E+00
-0.20000E+01 -0.67933E-01
-0.21000E+01 -0.68748E-01
-0.22000E+01 -0.71870E-01
-0.23000E+01 -0.75027E-01
-0.24000E+01 -0.78124E-01
-0.25000E+01 -0.81099E-01
-0.26000E+01 -0.83854E-01
-0.27000E+01 -0.86306E-01
-0.28000E+01 -0.88419E-01
-0.29000E+01 -0.90193E-01
-0.30000E+01 -0.91657E-01
-0.31000E+01 -0.92849E-01
-0.32000E+01 -0.93812E-01
-0.33000E+01 -0.94586E-01
-0.34000E+01 -0.95205E-01
-0.35000E+01 -0.95699E-01
-0.36000E+01 -0.96093E-01
-0.37000E+01 -0.96407E-01
-0.38000E+01 -0.96656E-01
-0.39000E+01 -0.96855E-01
-0.40000E+01 -0.97012E-01
-0.41000E+01 -0.97138E-01
-0.42000E+01 -0.97238E-01
-0.43000E+01 -0.97317E-01
-0.44000E+01 -0.97380E-01
-0.45000E+01 -0.97430E-01
-0.46000E+01 -0.97469E-01
-0.47000E+01 -0.97501E-01
-0.48000E+01 -0.97526E-01
-0.49000E+01 -0.97546E-01
-0.50000E+01 -0.97562E-01
-0.51000E+01 -0.97574E-01
-0.52000E+01 -0.97584E-01
-0.53000E+01 -0.97592E-01
-0.54000E+01 -0.97598E-01
-0.55000E+01 -0.97603E-01
-0.56000E+01 -0.97607E-01
-0.57000E+01 -0.97610E-01
-0.58000E+01 -0.97613E-01
-0.59000E+01 -0.97615E-01
-0.60000E+01 -0.97617E-01
-0.61000E+01 -0.97618E-01
-0.62000E+01 -0.97619E-01
-0.63000E+01 -0.97620E-01
-0.64000E+01 -0.97620E-01
-0.65000E+01 -0.97621E-01
-0.66000E+01 -0.97621E-01
-0.67000E+01 -0.97621E-01
-0.68000E+01 -0.97622E-01
-0.69000E+01 -0.97622E-01
-0.70000E+01 -0.97622E-01
-0.71000E+01 -0.97622E-01
-0.72000E+01 -0.97622E-01
-0.73000E+01 -0.97622E-01
-0.74000E+01 -0.97622E-01
-0.75000E+01 -0.97622E-01
-0.76000E+01 -0.97623E-01
-0.77000E+01 -0.97623E-01
-0.78000E+01 -0.97623E-01
-0.79000E+01 -0.97623E-01
-0.80000E+01 -0.97623E-01
 zone T = "Var            5 : Predicted",
 0.00000E+00  0.17167E+01
-0.10000E+00  0.16183E+01
-0.20000E+00  0.15210E+01
-0.30000E+00  0.14253E+01
-0.40000E+00  0.13319E+01
-0.50000E+00  0.12417E+01
-0.60000E+00  0.11564E+01
-0.70000E+00  0.10774E+01
-0.80000E+00  0.10056E+01
-0.90000E+00  0.94119E+00
-0.10000E+01  0.88358E+00
-0.11000E+01  0.83258E+00
-0.12000E+01  0.78896E+00
-0.13000E+01  0.75396E+00
-0.14000E+01  0.72335E+00
-0.15000E+01  0.69174E+00
-0.16000E+01  0.62813E+00
-0.17000E+01  0.54560E+00
-0.18000E+01  0.48754E+00
-0.19000E+01  0.53476E+00
-0.20000E+01  0.63283E+00
-0.21000E+01  0.60864E+00
-0.22000E+01  0.58577E+00
-0.23000E+01  0.56584E+00
-0.24000E+01  0.54902E+00
-0.25000E+01  0.53529E+00
-0.26000E+01  0.52432E+00
-0.27000E+01  0.51549E+00
-0.28000E+01  0.50831E+00
-0.29000E+01  0.50254E+00
-0.30000E+01  0.49797E+00
-0.31000E+01  0.49435E+00
-0.32000E+01  0.49148E+00
-0.33000E+01  0.48922E+00
-0.34000E+01  0.48740E+00
-0.35000E+01  0.48590E+00
-0.36000E+01  0.48471E+00
-0.37000E+01  0.48377E+00
-0.38000E+01  0.48303E+00
-0.39000E+01  0.48244E+00
-0.40000E+01  0.48198E+00
-0.41000E+01  0.48161E+00
-0.42000E+01  0.48131E+00
-0.43000E+01  0.48107E+00
-0.44000E+01  0.48088E+00
-0.45000E+01  0.48073E+00
-0.46000E+01  0.48061E+00
-0.47000E+01  0.48051E+00
-0.48000E+01  0.48044E+00
-0.49000E+01  0.48038E+00
-0.50000E+01  0.48033E+00
-0.51000E+01  0.48029E+00
-0.52000E+01  0.48026E+00
-0.53000E+01  0.48024E+00
-0.54000E+01  0.48022E+00
-0.55000E+01  0.48020E+00
-0.56000E+01  0.48019E+00
-0.57000E+01  0.48018E+00
-0.58000E+01  0.48017E+00
-0.59000E+01  0.48017E+00
-0.60000E+01  0.48016E+00
-0.61000E+01  0.48016E+00
-0.62000E+01  0.48016E+00
-0.63000E+01  0.48015E+00
-0.64000E+01  0.48015E+00
-0.65000E+01  0.48015E+00
-0.66000E+01  0.48015E+00
-0.67000E+01  0.48015E+00
-0.68000E+01  0.48015E+00
-0.69000E+01  0.48015E+00
-0.70000E+01  0.48015E+00
-0.71000E+01  0.48015E+00
-0.72000E+01  0.48015E+00
-0.73000E+01  0.48015E+00
-0.74000E+01  0.48015E+00
-0.75000E+01  0.48015E+00
-0.76000E+01  0.48015E+00
-0.77000E+01  0.48015E+00
-0.78000E+01  0.48015E+00
-0.79000E+01  0.48014E+00
-0.80000E+01  0.48014E+00
 zone T = "Var            6 : IMEX",
 0.00000E+00  0.11724E+01
-0.10000E+00  0.10884E+01
-0.20000E+00  0.10118E+01
-0.30000E+00  0.94664E+00
-0.40000E+00  0.89889E+00
-0.50000E+00  0.88008E+00
-0.60000E+00  0.92359E+00
-0.70000E+00  0.11257E+01
-0.80000E+00  0.79124E+00
-0.90000E+00  0.68465E+00
-0.10000E+01  0.63604E+00
-0.11000E+01  0.62517E+00
-0.12000E+01  0.63720E+00
-0.13000E+01  0.64227E+00
-0.14000E+01  0.60672E+00
-0.15000E+01  0.52481E+00
-0.16000E+01  0.36161E+00
-0.17000E+01  0.16094E+00
-0.18000E+01  0.11685E+00
-0.19000E+01 -0.42786E-01
-0.20000E+01 -0.52399E-01
-0.21000E+01 -0.59299E-01
-0.22000E+01 -0.67564E-01
-0.23000E+01 -0.75345E-01
-0.24000E+01 -0.81754E-01
-0.25000E+01 -0.86639E-01
-0.26000E+01 -0.90223E-01
-0.27000E+01 -0.92822E-01
-0.28000E+01 -0.94718E-01
-0.29000E+01 -0.96121E-01
-0.30000E+01 -0.97177E-01
-0.31000E+01 -0.97984E-01
-0.32000E+01 -0.98610E-01
-0.33000E+01 -0.99098E-01
-0.34000E+01 -0.99482E-01
-0.35000E+01 -0.99785E-01
-0.36000E+01 -0.10002E+00
-0.37000E+01 -0.10021E+00
-0.38000E+01 -0.10036E+00
-0.39000E+01 -0.10048E+00
-0.40000E+01 -0.10058E+00
-0.41000E+01 -0.10065E+00
-0.42000E+01 -0.10071E+00
-0.43000E+01 -0.10076E+00
-0.44000E+01 -0.10080E+00
-0.45000E+01 -0.10083E+00
-0.46000E+01 -0.10085E+00
-0.47000E+01 -0.10087E+00
-0.48000E+01 -0.10089E+00
-0.49000E+01 -0.10090E+00
-0.50000E+01 -0.10091E+00
-0.51000E+01 -0.10092E+00
-0.52000E+01 -0.10092E+00
-0.53000E+01 -0.10093E+00
-0.54000E+01 -0.10093E+00
-0.55000E+01 -0.10093E+00
-0.56000E+01 -0.10094E+00
-0.57000E+01 -0.10094E+00
-0.58000E+01 -0.10094E+00
-0.59000E+01 -0.10094E+00
-0.60000E+01 -0.10094E+00
-0.61000E+01 -0.10094E+00
-0.62000E+01 -0.10094E+00
-0.63000E+01 -0.10094E+00
-0.64000E+01 -0.10094E+00
-0.65000E+01 -0.10094E+00
-0.66000E+01 -0.10094E+00
-0.67000E+01 -0.10094E+00
-0.68000E+01 -0.10094E+00
-0.69000E+01 -0.10094E+00
-0.70000E+01 -0.10095E+00
-0.71000E+01 -0.10095E+00
-0.72000E+01 -0.10095E+00
-0.73000E+01 -0.10095E+00
-0.74000E+01 -0.10095E+00
-0.75000E+01 -0.10095E+00
-0.76000E+01 -0.10095E+00
-0.77000E+01 -0.10095E+00
-0.78000E+01 -0.10095E+00
-0.79000E+01 -0.10095E+00
-0.80000E+01 -0.10095E+00
 zone T = "Var            6 : Predicted",
 0.00000E+00  0.17358E+01
-0.10000E+00  0.16363E+01
-0.20000E+00  0.15378E+01
-0.30000E+00  0.14404E+01
-0.40000E+00  0.13450E+01
-0.50000E+00  0.12522E+01
-0.60000E+00  0.11633E+01
-0.70000E+00  0.10798E+01
-0.80000E+00  0.10035E+01
-0.90000E+00  0.93555E+00
-0.10000E+01  0.87698E+00
-0.11000E+01  0.82822E+00
-0.12000E+01  0.78942E+00
-0.13000E+01  0.76088E+00
-0.14000E+01  0.73800E+00
-0.15000E+01  0.71014E+00
-0.16000E+01  0.66212E+00
-0.17000E+01  0.58904E+00
-0.18000E+01  0.53435E+00
-0.19000E+01  0.66805E+00
-0.20000E+01  0.67801E+00
-0.21000E+01  0.64624E+00
-0.22000E+01  0.61571E+00
-0.23000E+01  0.58870E+00
-0.24000E+01  0.56616E+00
-0.25000E+01  0.54791E+00
-0.26000E+01  0.53338E+00
-0.27000E+01  0.52204E+00
-0.28000E+01  0.51289E+00
-0.29000E+01  0.50586E+00
-0.30000E+01  0.50025E+00
-0.31000E+01  0.49579E+00
-0.32000E+01  0.49226E+00
-0.33000E+01  0.48946E+00
-0.34000E+01  0.48727E+00
-0.35000E+01  0.48548E+00
-0.36000E+01  0.48400E+00
-0.37000E+01  0.48282E+00
-0.38000E+01  0.48190E+00
-0.39000E+01  0.48117E+00
-0.40000E+01  0.48059E+00
-0.41000E+01  0.48012E+00
-0.42000E+01  0.47974E+00
-0.43000E+01  0.47945E+00
-0.44000E+01  0.47921E+00
-0.45000E+01  0.47903E+00
-0.46000E+01  0.47888E+00
-0.47000E+01  0.47876E+00
-0.48000E+01  0.47867E+00
-0.49000E+01  0.47859E+00
-0.50000E+01  0.47854E+00
-0.51000E+01  0.47849E+00
-0.52000E+01  0.47845E+00
-0.53000E+01  0.47842E+00
-0.54000E+01  0.47840E+00
-0.55000E+01  0.47838E+00
-0.56000E+01  0.47837E+00
-0.57000E+01  0.47835E+00
-0.58000E+01  0.47835E+00
-0.59000E+01  0.47834E+00
-0.60000E+01  0.47833E+00
-0.61000E+01  0.47833E+00
-0.62000E+01  0.47832E+00
-0.63000E+01  0.47832E+00
-0.64000E+01  0.47832E+00
-0.65000E+01  0.47832E+00
-0.66000E+01  0.47831E+00
-0.67000E+01  0.47831E+00
-0.68000E+01  0.47831E+00
-0.69000E+01  0.47831E+00
-0.70000E+01  0.47831E+00
-0.71000E+01  0.47831E+00
-0.72000E+01  0.47831E+00
-0.73000E+01  0.47831E+00
-0.74000E+01  0.47831E+00
-0.75000E+01  0.47831E+00
-0.76000E+01  0.47831E+00
-0.77000E+01  0.47831E+00
-0.78000E+01  0.47831E+00
-0.79000E+01  0.47831E+00
-0.80000E+01  0.47831E+00
 zone T = "Var            7 : IMEX",
 0.00000E+00  0.11860E+01
-0.10000E+00  0.10994E+01
-0.20000E+00  0.10190E+01
-0.30000E+00  0.94822E+00
-0.40000E+00  0.89185E+00
-0.50000E+00  0.85790E+00
-0.60000E+00  0.86343E+00
-0.70000E+00  0.98938E+00
-0.80000E+00  0.87423E+00
-0.90000E+00  0.70623E+00
-0.10000E+01  0.62742E+00
-0.11000E+01  0.59237E+00
-0.12000E+01  0.58515E+00
-0.13000E+01  0.57755E+00
-0.14000E+01  0.51889E+00
-0.15000E+01  0.39671E+00
-0.16000E+01  0.25365E+00
-0.17000E+01  0.15435E+00
-0.18000E+01  0.35183E+00
-0.19000E+01 -0.19282E-01
-0.20000E+01 -0.65171E-02
-0.21000E+01 -0.17843E-02
-0.22000E+01 -0.34613E-02
-0.23000E+01 -0.11728E-01
-0.24000E+01 -0.23949E-01
-0.25000E+01 -0.37139E-01
-0.26000E+01 -0.49358E-01
-0.27000E+01 -0.59779E-01
-0.28000E+01 -0.68227E-01
-0.29000E+01 -0.74890E-01
-0.30000E+01 -0.80067E-01
-0.31000E+01 -0.84063E-01
-0.32000E+01 -0.87142E-01
-0.33000E+01 -0.89517E-01
-0.34000E+01 -0.91354E-01
-0.35000E+01 -0.92778E-01
-0.36000E+01 -0.93887E-01
-0.37000E+01 -0.94753E-01
-0.38000E+01 -0.95431E-01
-0.39000E+01 -0.95963E-01
-0.40000E+01 -0.96381E-01
-0.41000E+01 -0.96711E-01
-0.42000E+01 -0.96971E-01
-0.43000E+01 -0.97177E-01
-0.44000E+01 -0.97340E-01
-0.45000E+01 -0.97469E-01
-0.46000E+01 -0.97571E-01
-0.47000E+01 -0.97652E-01
-0.48000E+01 -0.97716E-01
-0.49000E+01 -0.97767E-01
-0.50000E+01 -0.97807E-01
-0.51000E+01 -0.97839E-01
-0.52000E+01 -0.97865E-01
-0.53000E+01 -0.97885E-01
-0.54000E+01 -0.97901E-01
-0.55000E+01 -0.97914E-01
-0.56000E+01 -0.97924E-01
-0.57000E+01 -0.97932E-01
-0.58000E+01 -0.97938E-01
-0.59000E+01 -0.97943E-01
-0.60000E+01 -0.97947E-01
-0.61000E+01 -0.97951E-01
-0.62000E+01 -0.97953E-01
-0.63000E+01 -0.97955E-01
-0.64000E+01 -0.97957E-01
-0.65000E+01 -0.97958E-01
-0.66000E+01 -0.97959E-01
-0.67000E+01 -0.97960E-01
-0.68000E+01 -0.97960E-01
-0.69000E+01 -0.97961E-01
-0.70000E+01 -0.97961E-01
-0.71000E+01 -0.97962E-01
-0.72000E+01 -0.97962E-01
-0.73000E+01 -0.97962E-01
-0.74000E+01 -0.97962E-01
-0.75000E+01 -0.97962E-01
-0.76000E+01 -0.97963E-01
-0.77000E+01 -0.97963E-01
-0.78000E+01 -0.97963E-01
-0.79000E+01 -0.97963E-01
-0.80000E+01 -0.97963E-01
 zone T = "Var            7 : Predicted",
 0.00000E+00  0.17385E+01
-0.10000E+00  0.16391E+01
-0.20000E+00  0.15405E+01
-0.30000E+00  0.14430E+01
-0.40000E+00  0.13473E+01
-0.50000E+00  0.12543E+01
-0.60000E+00  0.11652E+01
-0.70000E+00  0.10814E+01
-0.80000E+00  0.10047E+01
-0.90000E+00  0.93698E+00
-0.10000E+01  0.87921E+00
-0.11000E+01  0.83162E+00
-0.12000E+01  0.79345E+00
-0.13000E+01  0.76346E+00
-0.14000E+01  0.73565E+00
-0.15000E+01  0.69237E+00
-0.16000E+01  0.63627E+00
-0.17000E+01  0.59100E+00
-0.18000E+01  0.56671E+00
-0.19000E+01  0.75084E+00
-0.20000E+01  0.73084E+00
-0.21000E+01  0.69692E+00
-0.22000E+01  0.66482E+00
-0.23000E+01  0.63689E+00
-0.24000E+01  0.61232E+00
-0.25000E+01  0.59085E+00
-0.26000E+01  0.57246E+00
-0.27000E+01  0.55705E+00
-0.28000E+01  0.54437E+00
-0.29000E+01  0.53389E+00
-0.30000E+01  0.52519E+00
-0.31000E+01  0.51834E+00
-0.32000E+01  0.51278E+00
-0.33000E+01  0.50830E+00
-0.34000E+01  0.50480E+00
-0.35000E+01  0.50206E+00
-0.36000E+01  0.49991E+00
-0.37000E+01  0.49810E+00
-0.38000E+01  0.49665E+00
-0.39000E+01  0.49551E+00
-0.40000E+01  0.49461E+00
-0.41000E+01  0.49390E+00
-0.42000E+01  0.49333E+00
-0.43000E+01  0.49289E+00
-0.44000E+01  0.49253E+00
-0.45000E+01  0.49225E+00
-0.46000E+01  0.49203E+00
-0.47000E+01  0.49185E+00
-0.48000E+01  0.49171E+00
-0.49000E+01  0.49160E+00
-0.50000E+01  0.49151E+00
-0.51000E+01  0.49144E+00
-0.52000E+01  0.49139E+00
-0.53000E+01  0.49134E+00
-0.54000E+01  0.49131E+00
-0.55000E+01  0.49128E+00
-0.56000E+01  0.49126E+00
-0.57000E+01  0.49124E+00
-0.58000E+01  0.49122E+00
-0.59000E+01  0.49121E+00
-0.60000E+01  0.49120E+00
-0.61000E+01  0.49120E+00
-0.62000E+01  0.49119E+00
-0.63000E+01  0.49119E+00
-0.64000E+01  0.49118E+00
-0.65000E+01  0.49118E+00
-0.66000E+01  0.49118E+00
-0.67000E+01  0.49118E+00
-0.68000E+01  0.49118E+00
-0.69000E+01  0.49117E+00
-0.70000E+01  0.49117E+00
-0.71000E+01  0.49117E+00
-0.72000E+01  0.49117E+00
-0.73000E+01  0.49117E+00
-0.74000E+01  0.49117E+00
-0.75000E+01  0.49117E+00
-0.76000E+01  0.49117E+00
-0.77000E+01  0.49117E+00
-0.78000E+01  0.49117E+00
-0.79000E+01  0.49117E+00
-0.80000E+01  0.49117E+00
 zone T = "Var            8 : IMEX",
 0.00000E+00  0.11988E+01
-0.10000E+00  0.11094E+01
-0.20000E+00  0.10252E+01
-0.30000E+00  0.94898E+00
-0.40000E+00  0.88483E+00
-0.50000E+00  0.83886E+00
-0.60000E+00  0.82109E+00
-0.70000E+00  0.85848E+00
-0.80000E+00  0.12731E+01
-0.90000E+00  0.75242E+00
-0.10000E+01  0.62896E+00
-0.11000E+01  0.56445E+00
-0.12000E+01  0.53875E+00
-0.13000E+01  0.54200E+00
-0.14000E+01  0.54556E+00
-0.15000E+01  0.50446E+00
-0.16000E+01  0.49802E+00
-0.17000E+01  0.32037E+00
-0.18000E+01  0.13244E+00
-0.19000E+01 -0.26755E-01
-0.20000E+01 -0.12890E-01
-0.21000E+01  0.96187E-02
-0.22000E+01  0.42124E-01
-0.23000E+01  0.84126E-01
-0.24000E+01  0.13383E+00
-0.25000E+01  0.18744E+00
-0.26000E+01  0.23768E+00
-0.27000E+01  0.27394E+00
-0.28000E+01  0.28832E+00
-0.29000E+01  0.28300E+00
-0.30000E+01  0.26698E+00
-0.31000E+01  0.24798E+00
-0.32000E+01  0.22999E+00
-0.33000E+01  0.21444E+00
-0.34000E+01  0.20154E+00
-0.35000E+01  0.19107E+00
-0.36000E+01  0.18266E+00
-0.37000E+01  0.17594E+00
-0.38000E+01  0.17059E+00
-0.39000E+01  0.16633E+00
-0.40000E+01  0.16295E+00
-0.41000E+01  0.16027E+00
-0.42000E+01  0.15814E+00
-0.43000E+01  0.15645E+00
-0.44000E+01  0.15510E+00
-0.45000E+01  0.15404E+00
-0.46000E+01  0.15319E+00
-0.47000E+01  0.15252E+00
-0.48000E+01  0.15198E+00
-0.49000E+01  0.15156E+00
-0.50000E+01  0.15122E+00
-0.51000E+01  0.15095E+00
-0.52000E+01  0.15074E+00
-0.53000E+01  0.15057E+00
-0.54000E+01  0.15044E+00
-0.55000E+01  0.15033E+00
-0.56000E+01  0.15025E+00
-0.57000E+01  0.15018E+00
-0.58000E+01  0.15013E+00
-0.59000E+01  0.15008E+00
-0.60000E+01  0.15005E+00
-0.61000E+01  0.15002E+00
-0.62000E+01  0.15000E+00
-0.63000E+01  0.14999E+00
-0.64000E+01  0.14997E+00
-0.65000E+01  0.14996E+00
-0.66000E+01  0.14995E+00
-0.67000E+01  0.14995E+00
-0.68000E+01  0.14994E+00
-0.69000E+01  0.14994E+00
-0.70000E+01  0.14993E+00
-0.71000E+01  0.14993E+00
-0.72000E+01  0.14993E+00
-0.73000E+01  0.14993E+00
-0.74000E+01  0.14993E+00
-0.75000E+01  0.14993E+00
-0.76000E+01  0.14992E+00
-0.77000E+01  0.14992E+00
-0.78000E+01  0.14992E+00
-0.79000E+01  0.14992E+00
-0.80000E+01  0.14992E+00
 zone T = "Var            8 : Predicted",
 0.00000E+00  0.17261E+01
-0.10000E+00  0.16275E+01
-0.20000E+00  0.15297E+01
-0.30000E+00  0.14335E+01
-0.40000E+00  0.13395E+01
-0.50000E+00  0.12489E+01
-0.60000E+00  0.11631E+01
-0.70000E+00  0.10833E+01
-0.80000E+00  0.10110E+01
-0.90000E+00  0.94716E+00
-0.10000E+01  0.89178E+00
-0.11000E+01  0.84386E+00
-0.12000E+01  0.80185E+00
-0.13000E+01  0.76353E+00
-0.14000E+01  0.72563E+00
-0.15000E+01  0.68406E+00
-0.16000E+01  0.63691E+00
-0.17000E+01  0.59618E+00
-0.18000E+01  0.63454E+00
-0.19000E+01  0.86012E+00
-0.20000E+01  0.84012E+00
-0.21000E+01  0.80079E+00
-0.22000E+01  0.75808E+00
-0.23000E+01  0.71666E+00
-0.24000E+01  0.67986E+00
-0.25000E+01  0.64864E+00
-0.26000E+01  0.62273E+00
-0.27000E+01  0.60161E+00
-0.28000E+01  0.58493E+00
-0.29000E+01  0.57154E+00
-0.30000E+01  0.56104E+00
-0.31000E+01  0.55292E+00
-0.32000E+01  0.54645E+00
-0.33000E+01  0.54130E+00
-0.34000E+01  0.53728E+00
-0.35000E+01  0.53415E+00
-0.36000E+01  0.53169E+00
-0.37000E+01  0.52977E+00
-0.38000E+01  0.52825E+00
-0.39000E+01  0.52706E+00
-0.40000E+01  0.52612E+00
-0.41000E+01  0.52538E+00
-0.42000E+01  0.52479E+00
-0.43000E+01  0.52433E+00
-0.44000E+01  0.52396E+00
-0.45000E+01  0.52367E+00
-0.46000E+01  0.52344E+00
-0.47000E+01  0.52326E+00
-0.48000E+01  0.52311E+00
-0.49000E+01  0.52300E+00
-0.50000E+01  0.52290E+00
-0.51000E+01  0.52283E+00
-0.52000E+01  0.52277E+00
-0.53000E+01  0.52273E+00
-0.54000E+01  0.52269E+00
-0.55000E+01  0.52266E+00
-0.56000E+01  0.52264E+00
-0.57000E+01  0.52262E+00
-0.58000E+01  0.52261E+00
-0.59000E+01  0.52260E+00
-0.60000E+01  0.52259E+00
-0.61000E+01  0.52258E+00
-0.62000E+01  0.52257E+00
-0.63000E+01  0.52257E+00
-0.64000E+01  0.52257E+00
-0.65000E+01  0.52256E+00
-0.66000E+01  0.52256E+00
-0.67000E+01  0.52256E+00
-0.68000E+01  0.52256E+00
-0.69000E+01  0.52256E+00
-0.70000E+01  0.52255E+00
-0.71000E+01  0.52255E+00
-0.72000E+01  0.52255E+00
-0.73000E+01  0.52255E+00
-0.74000E+01  0.52255E+00
-0.75000E+01  0.52255E+00
-0.76000E+01  0.52255E+00
-0.77000E+01  0.52255E+00
-0.78000E+01  0.52255E+00
-0.79000E+01  0.52255E+00
-0.80000E+01  0.52255E+00
 zone T = "Var            9 : IMEX",
 0.00000E+00  0.12178E+01
-0.10000E+00  0.11254E+01
-0.20000E+00  0.10370E+01
-0.30000E+00  0.95522E+00
-0.40000E+00  0.88372E+00
-0.50000E+00  0.82765E+00
-0.60000E+00  0.79384E+00
-0.70000E+00  0.79445E+00
-0.80000E+00  0.87898E+00
-0.90000E+00  0.87059E+00
-0.10000E+01  0.65062E+00
-0.11000E+01  0.54050E+00
-0.12000E+01  0.47335E+00
-0.13000E+01  0.44239E+00
-0.14000E+01  0.45778E+00
-0.15000E+01  0.56796E+00
-0.16000E+01  0.86979E+00
-0.17000E+01  0.36490E+00
-0.18000E+01  0.12554E-01
-0.19000E+01 -0.79982E-01
-0.20000E+01 -0.80604E-01
-0.21000E+01 -0.77421E-01
-0.22000E+01 -0.70279E-01
-0.23000E+01 -0.58752E-01
-0.24000E+01 -0.42567E-01
-0.25000E+01 -0.21634E-01
-0.26000E+01  0.39902E-02
-0.27000E+01  0.34276E-01
-0.28000E+01  0.69205E-01
-0.29000E+01  0.10914E+00
-0.30000E+01  0.15512E+00
-0.31000E+01  0.20945E+00
-0.32000E+01  0.27753E+00
-0.33000E+01  0.37472E+00
-0.34000E+01  0.58952E+00
-0.35000E+01  0.50935E+00
-0.36000E+01  0.39126E+00
-0.37000E+01  0.33793E+00
-0.38000E+01  0.30613E+00
-0.39000E+01  0.28501E+00
-0.40000E+01  0.27016E+00
-0.41000E+01  0.25935E+00
-0.42000E+01  0.25129E+00
-0.43000E+01  0.24520E+00
-0.44000E+01  0.24053E+00
-0.45000E+01  0.23692E+00
-0.46000E+01  0.23412E+00
-0.47000E+01  0.23193E+00
-0.48000E+01  0.23022E+00
-0.49000E+01  0.22887E+00
-0.50000E+01  0.22781E+00
-0.51000E+01  0.22697E+00
-0.52000E+01  0.22631E+00
-0.53000E+01  0.22578E+00
-0.54000E+01  0.22537E+00
-0.55000E+01  0.22504E+00
-0.56000E+01  0.22478E+00
-0.57000E+01  0.22457E+00
-0.58000E+01  0.22441E+00
-0.59000E+01  0.22428E+00
-0.60000E+01  0.22418E+00
-0.61000E+01  0.22409E+00
-0.62000E+01  0.22403E+00
-0.63000E+01  0.22398E+00
-0.64000E+01  0.22394E+00
-0.65000E+01  0.22390E+00
-0.66000E+01  0.22388E+00
-0.67000E+01  0.22386E+00
-0.68000E+01  0.22384E+00
-0.69000E+01  0.22383E+00
-0.70000E+01  0.22382E+00
-0.71000E+01  0.22381E+00
-0.72000E+01  0.22380E+00
-0.73000E+01  0.22380E+00
-0.74000E+01  0.22379E+00
-0.75000E+01  0.22379E+00
-0.76000E+01  0.22379E+00
-0.77000E+01  0.22379E+00
-0.78000E+01  0.22379E+00
-0.79000E+01  0.22378E+00
-0.80000E+01  0.22378E+00
 zone T = "Var            9 : Predicted",
 0.00000E+00  0.17015E+01
-0.10000E+00  0.16039E+01
-0.20000E+00  0.15077E+01
-0.30000E+00  0.14135E+01
-0.40000E+00  0.13225E+01
-0.50000E+00  0.12360E+01
-0.60000E+00  0.11557E+01
-0.70000E+00  0.10830E+01
-0.80000E+00  0.10188E+01
-0.90000E+00  0.96275E+00
-0.10000E+01  0.91355E+00
-0.11000E+01  0.86901E+00
-0.12000E+01  0.82714E+00
-0.13000E+01  0.78654E+00
-0.14000E+01  0.74719E+00
-0.15000E+01  0.71139E+00
-0.16000E+01  0.68590E+00
-0.17000E+01  0.68608E+00
-0.18000E+01  0.70263E+00
-0.19000E+01  0.97208E+00
-0.20000E+01  0.94408E+00
-0.21000E+01  0.90656E+00
-0.22000E+01  0.86509E+00
-0.23000E+01  0.82570E+00
-0.24000E+01  0.79199E+00
-0.25000E+01  0.76505E+00
-0.26000E+01  0.74469E+00
-0.27000E+01  0.72764E+00
-0.28000E+01  0.71230E+00
-0.29000E+01  0.69897E+00
-0.30000E+01  0.68736E+00
-0.31000E+01  0.67743E+00
-0.32000E+01  0.66908E+00
-0.33000E+01  0.66254E+00
-0.34000E+01  0.65686E+00
-0.35000E+01  0.65211E+00
-0.36000E+01  0.64836E+00
-0.37000E+01  0.64539E+00
-0.38000E+01  0.64305E+00
-0.39000E+01  0.64120E+00
-0.40000E+01  0.63974E+00
-0.41000E+01  0.63858E+00
-0.42000E+01  0.63766E+00
-0.43000E+01  0.63693E+00
-0.44000E+01  0.63635E+00
-0.45000E+01  0.63589E+00
-0.46000E+01  0.63547E+00
-0.47000E+01  0.63514E+00
-0.48000E+01  0.63487E+00
-0.49000E+01  0.63466E+00
-0.50000E+01  0.63449E+00
-0.51000E+01  0.63436E+00
-0.52000E+01  0.63426E+00
-0.53000E+01  0.63417E+00
-0.54000E+01  0.63411E+00
-0.55000E+01  0.63405E+00
-0.56000E+01  0.63401E+00
-0.57000E+01  0.63398E+00
-0.58000E+01  0.63395E+00
-0.59000E+01  0.63393E+00
-0.60000E+01  0.63391E+00
-0.61000E+01  0.63390E+00
-0.62000E+01  0.63389E+00
-0.63000E+01  0.63388E+00
-0.64000E+01  0.63387E+00
-0.65000E+01  0.63387E+00
-0.66000E+01  0.63387E+00
-0.67000E+01  0.63386E+00
-0.68000E+01  0.63386E+00
-0.69000E+01  0.63386E+00
-0.70000E+01  0.63386E+00
-0.71000E+01  0.63385E+00
-0.72000E+01  0.63385E+00
-0.73000E+01  0.63385E+00
-0.74000E+01  0.63385E+00
-0.75000E+01  0.63385E+00
-0.76000E+01  0.63385E+00
-0.77000E+01  0.63385E+00
-0.78000E+01  0.63385E+00
-0.79000E+01  0.63385E+00
-0.80000E+01  0.63385E+00
 zone T = "Var           10 : IMEX",
 0.00000E+00  0.12472E+01
-0.10000E+00  0.11512E+01
-0.20000E+00  0.10581E+01
-0.30000E+00  0.97023E+00
-0.40000E+00  0.89132E+00
-0.50000E+00  0.82624E+00
-0.60000E+00  0.78046E+00
-0.70000E+00  0.76062E+00
-0.80000E+00  0.78288E+00
-0.90000E+00  0.98627E+00
-0.10000E+01  0.71668E+00
-0.11000E+01  0.54071E+00
-0.12000E+01  0.41858E+00
-0.13000E+01  0.31671E+00
-0.14000E+01  0.22435E+00
-0.15000E+01  0.13626E+00
-0.16000E+01  0.51825E-01
-0.17000E+01 -0.25590E-01
-0.18000E+01 -0.85242E-01
-0.19000E+01 -0.94560E-01
-0.20000E+01 -0.97707E-01
-0.21000E+01 -0.99274E-01
-0.22000E+01 -0.10010E+00
-0.23000E+01 -0.10054E+00
-0.24000E+01 -0.10063E+00
-0.25000E+01 -0.10028E+00
-0.26000E+01 -0.99407E-01
-0.27000E+01 -0.98009E-01
-0.28000E+01 -0.96172E-01
-0.29000E+01 -0.94039E-01
-0.30000E+01 -0.91766E-01
-0.31000E+01 -0.89494E-01
-0.32000E+01 -0.87331E-01
-0.33000E+01 -0.85348E-01
-0.34000E+01 -0.83584E-01
-0.35000E+01 -0.82050E-01
-0.36000E+01 -0.80742E-01
-0.37000E+01 -0.79641E-01
-0.38000E+01 -0.78726E-01
-0.39000E+01 -0.77972E-01
-0.40000E+01 -0.77357E-01
-0.41000E+01 -0.76856E-01
-0.42000E+01 -0.76451E-01
-0.43000E+01 -0.76125E-01
-0.44000E+01 -0.75863E-01
-0.45000E+01 -0.75653E-01
-0.46000E+01 -0.75484E-01
-0.47000E+01 -0.75350E-01
-0.48000E+01 -0.75243E-01
-0.49000E+01 -0.75157E-01
-0.50000E+01 -0.75089E-01
-0.51000E+01 -0.75035E-01
-0.52000E+01 -0.74992E-01
-0.53000E+01 -0.74958E-01
-0.54000E+01 -0.74930E-01
-0.55000E+01 -0.74909E-01
-0.56000E+01 -0.74892E-01
-0.57000E+01 -0.74878E-01
-0.58000E+01 -0.74867E-01
-0.59000E+01 -0.74858E-01
-0.60000E+01 -0.74851E-01
-0.61000E+01 -0.74846E-01
-0.62000E+01 -0.74842E-01
-0.63000E+01 -0.74838E-01
-0.64000E+01 -0.74835E-01
-0.65000E+01 -0.74833E-01
-0.66000E+01 -0.74832E-01
-0.67000E+01 -0.74830E-01
-0.68000E+01 -0.74829E-01
-0.69000E+01 -0.74828E-01
-0.70000E+01 -0.74828E-01
-0.71000E+01 -0.74827E-01
-0.72000E+01 -0.74827E-01
-0.73000E+01 -0.74826E-01
-0.74000E+01 -0.74826E-01
-0.75000E+01 -0.74826E-01
-0.76000E+01 -0.74826E-01
-0.77000E+01 -0.74825E-01
-0.78000E+01 -0.74825E-01
-0.79000E+01 -0.74825E-01
-0.80000E+01 -0.74825E-01
 zone T = "Var           10 : Predicted",
 0.00000E+00  0.16706E+01
-0.10000E+00  0.15741E+01
-0.20000E+00  0.14795E+01
-0.30000E+00  0.13877E+01
-0.40000E+00  0.13000E+01
-0.50000E+00  0.12181E+01
-0.60000E+00  0.11438E+01
-0.70000E+00  0.10785E+01
-0.80000E+00  0.10229E+01
-0.90000E+00  0.97602E+00
-0.10000E+01  0.93579E+00
-0.11000E+01  0.89985E+00
-0.12000E+01  0.86644E+00
-0.13000E+01  0.83517E+00
-0.14000E+01  0.80663E+00
-0.15000E+01  0.78030E+00
-0.16000E+01  0.75587E+00
-0.17000E+01  0.76173E+00
-0.18000E+01  0.94519E+00
-0.19000E+01  0.11788E+01
-0.20000E+01  0.12012E+01
-0.21000E+01  0.11925E+01
-0.22000E+01  0.11580E+01
-0.23000E+01  0.11082E+01
-0.24000E+01  0.10537E+01
-0.25000E+01  0.10009E+01
-0.26000E+01  0.95360E+00
-0.27000E+01  0.91293E+00
-0.28000E+01  0.87880E+00
-0.29000E+01  0.85109E+00
-0.30000E+01  0.82883E+00
-0.31000E+01  0.81078E+00
-0.32000E+01  0.79646E+00
-0.33000E+01  0.78513E+00
-0.34000E+01  0.77618E+00
-0.35000E+01  0.76910E+00
-0.36000E+01  0.76350E+00
-0.37000E+01  0.75903E+00
-0.38000E+01  0.75544E+00
-0.39000E+01  0.75260E+00
-0.40000E+01  0.75035E+00
-0.41000E+01  0.74856E+00
-0.42000E+01  0.74715E+00
-0.43000E+01  0.74603E+00
-0.44000E+01  0.74513E+00
-0.45000E+01  0.74443E+00
-0.46000E+01  0.74387E+00
-0.47000E+01  0.74342E+00
-0.48000E+01  0.74307E+00
-0.49000E+01  0.74279E+00
-0.50000E+01  0.74256E+00
-0.51000E+01  0.74238E+00
-0.52000E+01  0.74224E+00
-0.53000E+01  0.74213E+00
-0.54000E+01  0.74204E+00
-0.55000E+01  0.74197E+00
-0.56000E+01  0.74192E+00
-0.57000E+01  0.74187E+00
-0.58000E+01  0.74184E+00
-0.59000E+01  0.74181E+00
-0.60000E+01  0.74179E+00
-0.61000E+01  0.74177E+00
-0.62000E+01  0.74176E+00
-0.63000E+01  0.74174E+00
-0.64000E+01  0.74174E+00
-0.65000E+01  0.74173E+00
-0.66000E+01  0.74172E+00
-0.67000E+01  0.74172E+00
-0.68000E+01  0.74171E+00
-0.69000E+01  0.74171E+00
-0.70000E+01  0.74171E+00
-0.71000E+01  0.74171E+00
-0.72000E+01  0.74171E+00
-0.73000E+01  0.74171E+00
-0.74000E+01  0.74170E+00
-0.75000E+01  0.74170E+00
-0.76000E+01  0.74170E+00
-0.77000E+01  0.74170E+00
-0.78000E+01  0.74170E+00
-0.79000E+01  0.74170E+00
-0.80000E+01  0.74170E+00
 zone T = "Var           11 : IMEX",
 0.00000E+00  0.12728E+01
-0.10000E+00  0.11721E+01
-0.20000E+00  0.10731E+01
-0.30000E+00  0.97820E+00
-0.40000E+00  0.89131E+00
-0.50000E+00  0.81751E+00
-0.60000E+00  0.76199E+00
-0.70000E+00  0.72936E+00
-0.80000E+00  0.72604E+00
-0.90000E+00  0.77937E+00
-0.10000E+01  0.93368E+00
-0.11000E+01  0.59828E+00
-0.12000E+01  0.44423E+00
-0.13000E+01  0.32699E+00
-0.14000E+01  0.23146E+00
-0.15000E+01  0.15579E+00
-0.16000E+01  0.10253E+00
-0.17000E+01  0.76523E-01
-0.18000E+01  0.86339E-01
-0.19000E+01  0.11840E+00
-0.20000E+01  0.15767E+00
-0.21000E+01  0.20997E+00
-0.22000E+01  0.27774E+00
-0.23000E+01  0.36125E+00
-0.24000E+01  0.45246E+00
-0.25000E+01  0.52453E+00
-0.26000E+01  0.54733E+00
-0.27000E+01  0.53298E+00
-0.28000E+01  0.50913E+00
-0.29000E+01  0.48688E+00
-0.30000E+01  0.46819E+00
-0.31000E+01  0.45290E+00
-0.32000E+01  0.44056E+00
-0.33000E+01  0.43067E+00
-0.34000E+01  0.42279E+00
-0.35000E+01  0.41651E+00
-0.36000E+01  0.41153E+00
-0.37000E+01  0.40758E+00
-0.38000E+01  0.40445E+00
-0.39000E+01  0.40197E+00
-0.40000E+01  0.40000E+00
-0.41000E+01  0.39844E+00
-0.42000E+01  0.39720E+00
-0.43000E+01  0.39621E+00
-0.44000E+01  0.39543E+00
-0.45000E+01  0.39481E+00
-0.46000E+01  0.39432E+00
-0.47000E+01  0.39393E+00
-0.48000E+01  0.39362E+00
-0.49000E+01  0.39338E+00
-0.50000E+01  0.39318E+00
-0.51000E+01  0.39303E+00
-0.52000E+01  0.39290E+00
-0.53000E+01  0.39281E+00
-0.54000E+01  0.39273E+00
-0.55000E+01  0.39267E+00
-0.56000E+01  0.39262E+00
-0.57000E+01  0.39258E+00
-0.58000E+01  0.39255E+00
-0.59000E+01  0.39252E+00
-0.60000E+01  0.39250E+00
-0.61000E+01  0.39249E+00
-0.62000E+01  0.39247E+00
-0.63000E+01  0.39247E+00
-0.64000E+01  0.39246E+00
-0.65000E+01  0.39245E+00
-0.66000E+01  0.39245E+00
-0.67000E+01  0.39244E+00
-0.68000E+01  0.39244E+00
-0.69000E+01  0.39244E+00
-0.70000E+01  0.39243E+00
-0.71000E+01  0.39243E+00
-0.72000E+01  0.39243E+00
-0.73000E+01  0.39243E+00
-0.74000E+01  0.39243E+00
-0.75000E+01  0.39243E+00
-0.76000E+01  0.39243E+00
-0.77000E+01  0.39243E+00
-0.78000E+01  0.39243E+00
-0.79000E+01  0.39243E+00
-0.80000E+01  0.39243E+00
 zone T = "Var           11 : Predicted",
 0.00000E+00  0.16353E+01
-0.10000E+00  0.15398E+01
-0.20000E+00  0.14468E+01
-0.30000E+00  0.13572E+01
-0.40000E+00  0.12727E+01
-0.50000E+00  0.11948E+01
-0.60000E+00  0.11255E+01
-0.70000E+00  0.10659E+01
-0.80000E+00  0.10160E+01
-0.90000E+00  0.97444E+00
-0.10000E+01  0.93878E+00
-0.11000E+01  0.90706E+00
-0.12000E+01  0.87881E+00
-0.13000E+01  0.85601E+00
-0.14000E+01  0.84392E+00
-0.15000E+01  0.85253E+00
-0.16000E+01  0.90151E+00
-0.17000E+01  0.10426E+01
-0.18000E+01  0.13626E+01
-0.19000E+01  0.15481E+01
-0.20000E+01  0.15594E+01
-0.21000E+01  0.14880E+01
-0.22000E+01  0.14347E+01
-0.23000E+01  0.13868E+01
-0.24000E+01  0.13412E+01
-0.25000E+01  0.12983E+01
-0.26000E+01  0.12596E+01
-0.27000E+01  0.12260E+01
-0.28000E+01  0.11979E+01
-0.29000E+01  0.11752E+01
-0.30000E+01  0.11572E+01
-0.31000E+01  0.11432E+01
-0.32000E+01  0.11323E+01
-0.33000E+01  0.11240E+01
-0.34000E+01  0.11176E+01
-0.35000E+01  0.11127E+01
-0.36000E+01  0.11090E+01
-0.37000E+01  0.11061E+01
-0.38000E+01  0.11038E+01
-0.39000E+01  0.11021E+01
-0.40000E+01  0.11008E+01
-0.41000E+01  0.10997E+01
-0.42000E+01  0.10989E+01
-0.43000E+01  0.10982E+01
-0.44000E+01  0.10977E+01
-0.45000E+01  0.10973E+01
-0.46000E+01  0.10970E+01
-0.47000E+01  0.10968E+01
-0.48000E+01  0.10966E+01
-0.49000E+01  0.10964E+01
-0.50000E+01  0.10963E+01
-0.51000E+01  0.10962E+01
-0.52000E+01  0.10961E+01
-0.53000E+01  0.10961E+01
-0.54000E+01  0.10960E+01
-0.55000E+01  0.10960E+01
-0.56000E+01  0.10959E+01
-0.57000E+01  0.10959E+01
-0.58000E+01  0.10959E+01
-0.59000E+01  0.10959E+01
-0.60000E+01  0.10959E+01
-0.61000E+01  0.10959E+01
-0.62000E+01  0.10958E+01
-0.63000E+01  0.10958E+01
-0.64000E+01  0.10958E+01
-0.65000E+01  0.10958E+01
-0.66000E+01  0.10958E+01
-0.67000E+01  0.10958E+01
-0.68000E+01  0.10958E+01
-0.69000E+01  0.10958E+01
-0.70000E+01  0.10958E+01
-0.71000E+01  0.10958E+01
-0.72000E+01  0.10958E+01
-0.73000E+01  0.10958E+01
-0.74000E+01  0.10958E+01
-0.75000E+01  0.10958E+01
-0.76000E+01  0.10958E+01
-0.77000E+01  0.10958E+01
-0.78000E+01  0.10958E+01
-0.79000E+01  0.10958E+01
-0.80000E+01  0.10958E+01
 zone T = "Var           12 : IMEX",
 0.00000E+00  0.13096E+01
-0.10000E+00  0.12019E+01
-0.20000E+00  0.10946E+01
-0.30000E+00  0.99053E+00
-0.40000E+00  0.89424E+00
-0.50000E+00  0.81119E+00
-0.60000E+00  0.74673E+00
-0.70000E+00  0.70506E+00
-0.80000E+00  0.68959E+00
-0.90000E+00  0.70816E+00
-0.10000E+01  0.81018E+00
-0.11000E+01  0.78628E+00
-0.12000E+01  0.57574E+00
-0.13000E+01  0.46724E+00
-0.14000E+01  0.40204E+00
-0.15000E+01  0.37444E+00
-0.16000E+01  0.38922E+00
-0.17000E+01  0.45924E+00
-0.18000E+01  0.61540E+00
-0.19000E+01  0.79228E+00
-0.20000E+01  0.95146E+00
-0.21000E+01  0.10660E+01
-0.22000E+01  0.11368E+01
-0.23000E+01  0.11846E+01
-0.24000E+01  0.12090E+01
-0.25000E+01  0.12046E+01
-0.26000E+01  0.11781E+01
-0.27000E+01  0.11425E+01
-0.28000E+01  0.11069E+01
-0.29000E+01  0.10751E+01
-0.30000E+01  0.10480E+01
-0.31000E+01  0.10253E+01
-0.32000E+01  0.10067E+01
-0.33000E+01  0.99142E+00
-0.34000E+01  0.97899E+00
-0.35000E+01  0.96891E+00
-0.36000E+01  0.96077E+00
-0.37000E+01  0.95422E+00
-0.38000E+01  0.94895E+00
-0.39000E+01  0.94474E+00
-0.40000E+01  0.94136E+00
-0.41000E+01  0.93867E+00
-0.42000E+01  0.93652E+00
-0.43000E+01  0.93480E+00
-0.44000E+01  0.93344E+00
-0.45000E+01  0.93235E+00
-0.46000E+01  0.93148E+00
-0.47000E+01  0.93079E+00
-0.48000E+01  0.93025E+00
-0.49000E+01  0.92981E+00
-0.50000E+01  0.92946E+00
-0.51000E+01  0.92919E+00
-0.52000E+01  0.92897E+00
-0.53000E+01  0.92880E+00
-0.54000E+01  0.92866E+00
-0.55000E+01  0.92855E+00
-0.56000E+01  0.92846E+00
-0.57000E+01  0.92839E+00
-0.58000E+01  0.92834E+00
-0.59000E+01  0.92829E+00
-0.60000E+01  0.92826E+00
-0.61000E+01  0.92823E+00
-0.62000E+01  0.92821E+00
-0.63000E+01  0.92819E+00
-0.64000E+01  0.92818E+00
-0.65000E+01  0.92817E+00
-0.66000E+01  0.92816E+00
-0.67000E+01  0.92815E+00
-0.68000E+01  0.92815E+00
-0.69000E+01  0.92814E+00
-0.70000E+01  0.92814E+00
-0.71000E+01  0.92814E+00
-0.72000E+01  0.92813E+00
-0.73000E+01  0.92813E+00
-0.74000E+01  0.92813E+00
-0.75000E+01  0.92813E+00
-0.76000E+01  0.92813E+00
-0.77000E+01  0.92813E+00
-0.78000E+01  0.92813E+00
-0.79000E+01  0.92813E+00
-0.80000E+01  0.92813E+00
 zone T = "Var           12 : Predicted",
 0.00000E+00  0.16036E+01
-0.10000E+00  0.15092E+01
-0.20000E+00  0.14177E+01
-0.30000E+00  0.13306E+01
-0.40000E+00  0.12494E+01
-0.50000E+00  0.11760E+01
-0.60000E+00  0.11122E+01
-0.70000E+00  0.10589E+01
-0.80000E+00  0.10161E+01
-0.90000E+00  0.98271E+00
-0.10000E+01  0.95777E+00
-0.11000E+01  0.94151E+00
-0.12000E+01  0.93662E+00
-0.13000E+01  0.94894E+00
-0.14000E+01  0.98863E+00
-0.15000E+01  0.10748E+01
-0.16000E+01  0.12561E+01
-0.17000E+01  0.14378E+01
-0.18000E+01  0.15461E+01
-0.19000E+01  0.17350E+01
-0.20000E+01  0.17382E+01
-0.21000E+01  0.17487E+01
-0.22000E+01  0.17517E+01
-0.23000E+01  0.17433E+01
-0.24000E+01  0.17251E+01
-0.25000E+01  0.17009E+01
-0.26000E+01  0.16751E+01
-0.27000E+01  0.16498E+01
-0.28000E+01  0.16268E+01
-0.29000E+01  0.16064E+01
-0.30000E+01  0.15885E+01
-0.31000E+01  0.15731E+01
-0.32000E+01  0.15600E+01
-0.33000E+01  0.15488E+01
-0.34000E+01  0.15394E+01
-0.35000E+01  0.15317E+01
-0.36000E+01  0.15254E+01
-0.37000E+01  0.15202E+01
-0.38000E+01  0.15160E+01
-0.39000E+01  0.15126E+01
-0.40000E+01  0.15098E+01
-0.41000E+01  0.15076E+01
-0.42000E+01  0.15058E+01
-0.43000E+01  0.15044E+01
-0.44000E+01  0.15033E+01
-0.45000E+01  0.15024E+01
-0.46000E+01  0.15017E+01
-0.47000E+01  0.15011E+01
-0.48000E+01  0.15007E+01
-0.49000E+01  0.15003E+01
-0.50000E+01  0.15000E+01
-0.51000E+01  0.14998E+01
-0.52000E+01  0.14996E+01
-0.53000E+01  0.14995E+01
-0.54000E+01  0.14994E+01
-0.55000E+01  0.14993E+01
-0.56000E+01  0.14992E+01
-0.57000E+01  0.14991E+01
-0.58000E+01  0.14991E+01
-0.59000E+01  0.14990E+01
-0.60000E+01  0.14990E+01
-0.61000E+01  0.14990E+01
-0.62000E+01  0.14990E+01
-0.63000E+01  0.14990E+01
-0.64000E+01  0.14990E+01
-0.65000E+01  0.14989E+01
-0.66000E+01  0.14989E+01
-0.67000E+01  0.14989E+01
-0.68000E+01  0.14989E+01
-0.69000E+01  0.14989E+01
-0.70000E+01  0.14989E+01
-0.71000E+01  0.14989E+01
-0.72000E+01  0.14989E+01
-0.73000E+01  0.14989E+01
-0.74000E+01  0.14989E+01
-0.75000E+01  0.14989E+01
-0.76000E+01  0.14989E+01
-0.77000E+01  0.14989E+01
-0.78000E+01  0.14989E+01
-0.79000E+01  0.14989E+01
-0.80000E+01  0.14989E+01
 zone T = "Var           13 : IMEX",
 0.00000E+00  0.13741E+01
-0.10000E+00  0.12527E+01
-0.20000E+00  0.11313E+01
-0.30000E+00  0.10138E+01
-0.40000E+00  0.90527E+00
-0.50000E+00  0.81145E+00
-0.60000E+00  0.73756E+00
-0.70000E+00  0.68781E+00
-0.80000E+00  0.66547E+00
-0.90000E+00  0.67457E+00
-0.10000E+01  0.72867E+00
-0.11000E+01  0.94377E+00
-0.12000E+01  0.76452E+00
-0.13000E+01  0.64490E+00
-0.14000E+01  0.60514E+00
-0.15000E+01  0.61919E+00
-0.16000E+01  0.69054E+00
-0.17000E+01  0.84104E+00
-0.18000E+01  0.11120E+01
-0.19000E+01  0.13088E+01
-0.20000E+01  0.18723E+01
-0.21000E+01  0.14354E+01
-0.22000E+01  0.13853E+01
-0.23000E+01  0.13644E+01
-0.24000E+01  0.13505E+01
-0.25000E+01  0.13382E+01
-0.26000E+01  0.13261E+01
-0.27000E+01  0.13141E+01
-0.28000E+01  0.13027E+01
-0.29000E+01  0.12925E+01
-0.30000E+01  0.12836E+01
-0.31000E+01  0.12762E+01
-0.32000E+01  0.12700E+01
-0.33000E+01  0.12650E+01
-0.34000E+01  0.12609E+01
-0.35000E+01  0.12577E+01
-0.36000E+01  0.12551E+01
-0.37000E+01  0.12531E+01
-0.38000E+01  0.12515E+01
-0.39000E+01  0.12502E+01
-0.40000E+01  0.12492E+01
-0.41000E+01  0.12484E+01
-0.42000E+01  0.12477E+01
-0.43000E+01  0.12472E+01
-0.44000E+01  0.12468E+01
-0.45000E+01  0.12465E+01
-0.46000E+01  0.12463E+01
-0.47000E+01  0.12461E+01
-0.48000E+01  0.12459E+01
-0.49000E+01  0.12458E+01
-0.50000E+01  0.12457E+01
-0.51000E+01  0.12456E+01
-0.52000E+01  0.12455E+01
-0.53000E+01  0.12455E+01
-0.54000E+01  0.12454E+01
-0.55000E+01  0.12454E+01
-0.56000E+01  0.12454E+01
-0.57000E+01  0.12454E+01
-0.58000E+01  0.12453E+01
-0.59000E+01  0.12453E+01
-0.60000E+01  0.12453E+01
-0.61000E+01  0.12453E+01
-0.62000E+01  0.12453E+01
-0.63000E+01  0.12453E+01
-0.64000E+01  0.12453E+01
-0.65000E+01  0.12453E+01
-0.66000E+01  0.12453E+01
-0.67000E+01  0.12453E+01
-0.68000E+01  0.12453E+01
-0.69000E+01  0.12453E+01
-0.70000E+01  0.12453E+01
-0.71000E+01  0.12453E+01
-0.72000E+01  0.12453E+01
-0.73000E+01  0.12453E+01
-0.74000E+01  0.12453E+01
-0.75000E+01  0.12453E+01
-0.76000E+01  0.12453E+01
-0.77000E+01  0.12453E+01
-0.78000E+01  0.12453E+01
-0.79000E+01  0.12453E+01
-0.80000E+01  0.12453E+01
 zone T = "Var           13 : Predicted",
 0.00000E+00  0.15728E+01
-0.10000E+00  0.14805E+01
-0.20000E+00  0.13915E+01
-0.30000E+00  0.13076E+01
-0.40000E+00  0.12305E+01
-0.50000E+00  0.11625E+01
-0.60000E+00  0.11053E+01
-0.70000E+00  0.10600E+01
-0.80000E+00  0.10270E+01
-0.90000E+00  0.10066E+01
-0.10000E+01  0.99968E+00
-0.11000E+01  0.10088E+01
-0.12000E+01  0.10390E+01
-0.13000E+01  0.10987E+01
-0.14000E+01  0.12044E+01
-0.15000E+01  0.14036E+01
-0.16000E+01  0.16165E+01
-0.17000E+01  0.16026E+01
-0.18000E+01  0.18965E+01
-0.19000E+01  0.19924E+01
-0.20000E+01  0.20949E+01
-0.21000E+01  0.21775E+01
-0.22000E+01  0.21818E+01
-0.23000E+01  0.21306E+01
-0.24000E+01  0.20915E+01
-0.25000E+01  0.20631E+01
-0.26000E+01  0.20398E+01
-0.27000E+01  0.20199E+01
-0.28000E+01  0.20032E+01
-0.29000E+01  0.19894E+01
-0.30000E+01  0.19783E+01
-0.31000E+01  0.19696E+01
-0.32000E+01  0.19628E+01
-0.33000E+01  0.19577E+01
-0.34000E+01  0.19538E+01
-0.35000E+01  0.19508E+01
-0.36000E+01  0.19485E+01
-0.37000E+01  0.19468E+01
-0.38000E+01  0.19455E+01
-0.39000E+01  0.19445E+01
-0.40000E+01  0.19437E+01
-0.41000E+01  0.19431E+01
-0.42000E+01  0.19427E+01
-0.43000E+01  0.19423E+01
-0.44000E+01  0.19420E+01
-0.45000E+01  0.19418E+01
-0.46000E+01  0.19416E+01
-0.47000E+01  0.19415E+01
-0.48000E+01  0.19414E+01
-0.49000E+01  0.19413E+01
-0.50000E+01  0.19412E+01
-0.51000E+01  0.19412E+01
-0.52000E+01  0.19411E+01
-0.53000E+01  0.19411E+01
-0.54000E+01  0.19411E+01
-0.55000E+01  0.19411E+01
-0.56000E+01  0.19410E+01
-0.57000E+01  0.19410E+01
-0.58000E+01  0.19410E+01
-0.59000E+01  0.19410E+01
-0.60000E+01  0.19410E+01
-0.61000E+01  0.19410E+01
-0.62000E+01  0.19410E+01
-0.63000E+01  0.19410E+01
-0.64000E+01  0.19410E+01
-0.65000E+01  0.19410E+01
-0.66000E+01  0.19410E+01
-0.67000E+01  0.19410E+01
-0.68000E+01  0.19410E+01
-0.69000E+01  0.19410E+01
-0.70000E+01  0.19410E+01
-0.71000E+01  0.19410E+01
-0.72000E+01  0.19410E+01
-0.73000E+01  0.19410E+01
-0.74000E+01  0.19410E+01
-0.75000E+01  0.19410E+01
-0.76000E+01  0.19410E+01
-0.77000E+01  0.19410E+01
-0.78000E+01  0.19410E+01
-0.79000E+01  0.19410E+01
-0.80000E+01  0.19410E+01
 zone T = "Var           14 : IMEX",
 0.00000E+00  0.15106E+01
-0.10000E+00  0.13423E+01
-0.20000E+00  0.11875E+01
-0.30000E+00  0.10458E+01
-0.40000E+00  0.91963E+00
-0.50000E+00  0.81227E+00
-0.60000E+00  0.72737E+00
-0.70000E+00  0.66836E+00
-0.80000E+00  0.63866E+00
-0.90000E+00  0.64267E+00
-0.10000E+01  0.68958E+00
-0.11000E+01  0.81592E+00
-0.12000E+01  0.97933E+00
-0.13000E+01  0.79940E+00
-0.14000E+01  0.78784E+00
-0.15000E+01  0.84822E+00
-0.16000E+01  0.98483E+00
-0.17000E+01  0.12471E+01
-0.18000E+01  0.17164E+01
-0.19000E+01  0.16384E+01
-0.20000E+01  0.16036E+01
-0.21000E+01  0.16402E+01
-0.22000E+01  0.16924E+01
-0.23000E+01  0.17457E+01
-0.24000E+01  0.17927E+01
-0.25000E+01  0.18286E+01
-0.26000E+01  0.18505E+01
-0.27000E+01  0.18589E+01
-0.28000E+01  0.18574E+01
-0.29000E+01  0.18504E+01
-0.30000E+01  0.18412E+01
-0.31000E+01  0.18317E+01
-0.32000E+01  0.18229E+01
-0.33000E+01  0.18152E+01
-0.34000E+01  0.18086E+01
-0.35000E+01  0.18032E+01
-0.36000E+01  0.17987E+01
-0.37000E+01  0.17950E+01
-0.38000E+01  0.17920E+01
-0.39000E+01  0.17896E+01
-0.40000E+01  0.17877E+01
-0.41000E+01  0.17862E+01
-0.42000E+01  0.17850E+01
-0.43000E+01  0.17840E+01
-0.44000E+01  0.17832E+01
-0.45000E+01  0.17826E+01
-0.46000E+01  0.17821E+01
-0.47000E+01  0.17817E+01
-0.48000E+01  0.17813E+01
-0.49000E+01  0.17811E+01
-0.50000E+01  0.17809E+01
-0.51000E+01  0.17807E+01
-0.52000E+01  0.17806E+01
-0.53000E+01  0.17805E+01
-0.54000E+01  0.17804E+01
-0.55000E+01  0.17804E+01
-0.56000E+01  0.17803E+01
-0.57000E+01  0.17803E+01
-0.58000E+01  0.17802E+01
-0.59000E+01  0.17802E+01
-0.60000E+01  0.17802E+01
-0.61000E+01  0.17802E+01
-0.62000E+01  0.17802E+01
-0.63000E+01  0.17802E+01
-0.64000E+01  0.17802E+01
-0.65000E+01  0.17801E+01
-0.66000E+01  0.17801E+01
-0.67000E+01  0.17801E+01
-0.68000E+01  0.17801E+01
-0.69000E+01  0.17801E+01
-0.70000E+01  0.17801E+01
-0.71000E+01  0.17801E+01
-0.72000E+01  0.17801E+01
-0.73000E+01  0.17801E+01
-0.74000E+01  0.17801E+01
-0.75000E+01  0.17801E+01
-0.76000E+01  0.17801E+01
-0.77000E+01  0.17801E+01
-0.78000E+01  0.17801E+01
-0.79000E+01  0.17801E+01
-0.80000E+01  0.17801E+01
 zone T = "Var           14 : Predicted",
 0.00000E+00  0.15505E+01
-0.10000E+00  0.14608E+01
-0.20000E+00  0.13726E+01
-0.30000E+00  0.12911E+01
-0.40000E+00  0.12184E+01
-0.50000E+00  0.11566E+01
-0.60000E+00  0.11075E+01
-0.70000E+00  0.10721E+01
-0.80000E+00  0.10515E+01
-0.90000E+00  0.10471E+01
-0.10000E+01  0.10618E+01
-0.11000E+01  0.11001E+01
-0.12000E+01  0.11686E+01
-0.13000E+01  0.12787E+01
-0.14000E+01  0.14599E+01
-0.15000E+01  0.18930E+01
-0.16000E+01  0.17591E+01
-0.17000E+01  0.19528E+01
-0.18000E+01  0.23350E+01
-0.19000E+01  0.23767E+01
-0.20000E+01  0.23812E+01
-0.21000E+01  0.23615E+01
-0.22000E+01  0.23723E+01
-0.23000E+01  0.23864E+01
-0.24000E+01  0.23959E+01
-0.25000E+01  0.23991E+01
-0.26000E+01  0.23965E+01
-0.27000E+01  0.23902E+01
-0.28000E+01  0.23822E+01
-0.29000E+01  0.23741E+01
-0.30000E+01  0.23663E+01
-0.31000E+01  0.23594E+01
-0.32000E+01  0.23534E+01
-0.33000E+01  0.23484E+01
-0.34000E+01  0.23443E+01
-0.35000E+01  0.23408E+01
-0.36000E+01  0.23380E+01
-0.37000E+01  0.23357E+01
-0.38000E+01  0.23339E+01
-0.39000E+01  0.23324E+01
-0.40000E+01  0.23312E+01
-0.41000E+01  0.23302E+01
-0.42000E+01  0.23294E+01
-0.43000E+01  0.23288E+01
-0.44000E+01  0.23283E+01
-0.45000E+01  0.23279E+01
-0.46000E+01  0.23276E+01
-0.47000E+01  0.23274E+01
-0.48000E+01  0.23272E+01
-0.49000E+01  0.23270E+01
-0.50000E+01  0.23269E+01
-0.51000E+01  0.23268E+01
-0.52000E+01  0.23267E+01
-0.53000E+01  0.23266E+01
-0.54000E+01  0.23266E+01
-0.55000E+01  0.23265E+01
-0.56000E+01  0.23265E+01
-0.57000E+01  0.23265E+01
-0.58000E+01  0.23265E+01
-0.59000E+01  0.23264E+01
-0.60000E+01  0.23264E+01
-0.61000E+01  0.23264E+01
-0.62000E+01  0.23264E+01
-0.63000E+01  0.23264E+01
-0.64000E+01  0.23264E+01
-0.65000E+01  0.23264E+01
-0.66000E+01  0.23264E+01
-0.67000E+01  0.23264E+01
-0.68000E+01  0.23264E+01
-0.69000E+01  0.23264E+01
-0.70000E+01  0.23264E+01
-0.71000E+01  0.23264E+01
-0.72000E+01  0.23264E+01
-0.73000E+01  0.23264E+01
-0.74000E+01  0.23264E+01
-0.75000E+01  0.23264E+01
-0.76000E+01  0.23264E+01
-0.77000E+01  0.23264E+01
-0.78000E+01  0.23264E+01
-0.79000E+01  0.23264E+01
-0.80000E+01  0.23264E+01
 zone T = "Var           15 : IMEX",
 0.00000E+00  0.15142E+01
-0.10000E+00  0.16777E+01
-0.20000E+00  0.13299E+01
-0.30000E+00  0.11073E+01
-0.40000E+00  0.94592E+00
-0.50000E+00  0.81787E+00
-0.60000E+00  0.71786E+00
-0.70000E+00  0.64548E+00
-0.80000E+00  0.60208E+00
-0.90000E+00  0.59020E+00
-0.10000E+01  0.61356E+00
-0.11000E+01  0.67811E+00
-0.12000E+01  0.79821E+00
-0.13000E+01  0.10448E+01
-0.14000E+01  0.11157E+01
-0.15000E+01  0.11214E+01
-0.16000E+01  0.12674E+01
-0.17000E+01  0.15507E+01
-0.18000E+01  0.22922E+01
-0.19000E+01  0.18723E+01
-0.20000E+01  0.19146E+01
-0.21000E+01  0.20041E+01
-0.22000E+01  0.21099E+01
-0.23000E+01  0.22255E+01
-0.24000E+01  0.23554E+01
-0.25000E+01  0.25264E+01
-0.26000E+01  0.29243E+01
-0.27000E+01  0.26130E+01
-0.28000E+01  0.25663E+01
-0.29000E+01  0.25522E+01
-0.30000E+01  0.25490E+01
-0.31000E+01  0.25501E+01
-0.32000E+01  0.25527E+01
-0.33000E+01  0.25554E+01
-0.34000E+01  0.25579E+01
-0.35000E+01  0.25600E+01
-0.36000E+01  0.25617E+01
-0.37000E+01  0.25630E+01
-0.38000E+01  0.25641E+01
-0.39000E+01  0.25649E+01
-0.40000E+01  0.25655E+01
-0.41000E+01  0.25659E+01
-0.42000E+01  0.25663E+01
-0.43000E+01  0.25666E+01
-0.44000E+01  0.25668E+01
-0.45000E+01  0.25670E+01
-0.46000E+01  0.25671E+01
-0.47000E+01  0.25672E+01
-0.48000E+01  0.25673E+01
-0.49000E+01  0.25674E+01
-0.50000E+01  0.25674E+01
-0.51000E+01  0.25675E+01
-0.52000E+01  0.25675E+01
-0.53000E+01  0.25675E+01
-0.54000E+01  0.25676E+01
-0.55000E+01  0.25676E+01
-0.56000E+01  0.25676E+01
-0.57000E+01  0.25676E+01
-0.58000E+01  0.25676E+01
-0.59000E+01  0.25676E+01
-0.60000E+01  0.25676E+01
-0.61000E+01  0.25676E+01
-0.62000E+01  0.25676E+01
-0.63000E+01  0.25676E+01
-0.64000E+01  0.25676E+01
-0.65000E+01  0.25676E+01
-0.66000E+01  0.25676E+01
-0.67000E+01  0.25676E+01
-0.68000E+01  0.25676E+01
-0.69000E+01  0.25676E+01
-0.70000E+01  0.25676E+01
-0.71000E+01  0.25676E+01
-0.72000E+01  0.25676E+01
-0.73000E+01  0.25676E+01
-0.74000E+01  0.25676E+01
-0.75000E+01  0.25676E+01
-0.76000E+01  0.25676E+01
-0.77000E+01  0.25676E+01
-0.78000E+01  0.25676E+01
-0.79000E+01  0.25676E+01
-0.80000E+01  0.25676E+01
 zone T = "Var           15 : Predicted",
 0.00000E+00  0.15199E+01
-0.10000E+00  0.14370E+01
-0.20000E+00  0.13532E+01
-0.30000E+00  0.12755E+01
-0.40000E+00  0.12083E+01
-0.50000E+00  0.11537E+01
-0.60000E+00  0.11136E+01
-0.70000E+00  0.10892E+01
-0.80000E+00  0.10820E+01
-0.90000E+00  0.10938E+01
-0.10000E+01  0.11282E+01
-0.11000E+01  0.11902E+01
-0.12000E+01  0.12866E+01
-0.13000E+01  0.14288E+01
-0.14000E+01  0.16469E+01
-0.15000E+01  0.21075E+01
-0.16000E+01  0.20148E+01
-0.17000E+01  0.22370E+01
-0.18000E+01  0.25508E+01
-0.19000E+01  0.26846E+01
-0.20000E+01  0.26638E+01
-0.21000E+01  0.27047E+01
-0.22000E+01  0.27619E+01
-0.23000E+01  0.28165E+01
-0.24000E+01  0.28616E+01
-0.25000E+01  0.28955E+01
-0.26000E+01  0.29190E+01
-0.27000E+01  0.29345E+01
-0.28000E+01  0.29447E+01
-0.29000E+01  0.29511E+01
-0.30000E+01  0.29558E+01
-0.31000E+01  0.29594E+01
-0.32000E+01  0.29619E+01
-0.33000E+01  0.29638E+01
-0.34000E+01  0.29653E+01
-0.35000E+01  0.29666E+01
-0.36000E+01  0.29676E+01
-0.37000E+01  0.29685E+01
-0.38000E+01  0.29692E+01
-0.39000E+01  0.29697E+01
-0.40000E+01  0.29702E+01
-0.41000E+01  0.29705E+01
-0.42000E+01  0.29708E+01
-0.43000E+01  0.29710E+01
-0.44000E+01  0.29712E+01
-0.45000E+01  0.29714E+01
-0.46000E+01  0.29715E+01
-0.47000E+01  0.29716E+01
-0.48000E+01  0.29717E+01
-0.49000E+01  0.29717E+01
-0.50000E+01  0.29718E+01
-0.51000E+01  0.29718E+01
-0.52000E+01  0.29718E+01
-0.53000E+01  0.29719E+01
-0.54000E+01  0.29719E+01
-0.55000E+01  0.29719E+01
-0.56000E+01  0.29719E+01
-0.57000E+01  0.29719E+01
-0.58000E+01  0.29719E+01
-0.59000E+01  0.29719E+01
-0.60000E+01  0.29719E+01
-0.61000E+01  0.29719E+01
-0.62000E+01  0.29719E+01
-0.63000E+01  0.29719E+01
-0.64000E+01  0.29719E+01
-0.65000E+01  0.29719E+01
-0.66000E+01  0.29719E+01
-0.67000E+01  0.29719E+01
-0.68000E+01  0.29719E+01
-0.69000E+01  0.29719E+01
-0.70000E+01  0.29719E+01
-0.71000E+01  0.29719E+01
-0.72000E+01  0.29719E+01
-0.73000E+01  0.29719E+01
-0.74000E+01  0.29719E+01
-0.75000E+01  0.29719E+01
-0.76000E+01  0.29719E+01
-0.77000E+01  0.29719E+01
-0.78000E+01  0.29719E+01
-0.79000E+01  0.29719E+01
-0.80000E+01  0.29719E+01
 zone T = "Var           16 : IMEX",
 0.00000E+00  0.13595E+01
-0.10000E+00  0.13155E+01
-0.20000E+00  0.13512E+01
-0.30000E+00  0.12803E+01
-0.40000E+00  0.10111E+01
-0.50000E+00  0.84988E+00
-0.60000E+00  0.73098E+00
-0.70000E+00  0.64340E+00
-0.80000E+00  0.58495E+00
-0.90000E+00  0.55692E+00
-0.10000E+01  0.56263E+00
-0.11000E+01  0.60671E+00
-0.12000E+01  0.69588E+00
-0.13000E+01  0.84350E+00
-0.14000E+01  0.10957E+01
-0.15000E+01  0.13693E+01
-0.16000E+01  0.13975E+01
-0.17000E+01  0.16476E+01
-0.18000E+01  0.22068E+01
-0.19000E+01  0.20566E+01
-0.20000E+01  0.21402E+01
-0.21000E+01  0.23983E+01
-0.22000E+01  0.23263E+01
-0.23000E+01  0.22440E+01
-0.24000E+01  0.22138E+01
-0.25000E+01  0.21957E+01
-0.26000E+01  0.21807E+01
-0.27000E+01  0.21666E+01
-0.28000E+01  0.21533E+01
-0.29000E+01  0.21411E+01
-0.30000E+01  0.21302E+01
-0.31000E+01  0.21209E+01
-0.32000E+01  0.21129E+01
-0.33000E+01  0.21063E+01
-0.34000E+01  0.21009E+01
-0.35000E+01  0.20964E+01
-0.36000E+01  0.20928E+01
-0.37000E+01  0.20899E+01
-0.38000E+01  0.20876E+01
-0.39000E+01  0.20858E+01
-0.40000E+01  0.20843E+01
-0.41000E+01  0.20831E+01
-0.42000E+01  0.20821E+01
-0.43000E+01  0.20814E+01
-0.44000E+01  0.20808E+01
-0.45000E+01  0.20803E+01
-0.46000E+01  0.20799E+01
-0.47000E+01  0.20796E+01
-0.48000E+01  0.20794E+01
-0.49000E+01  0.20792E+01
-0.50000E+01  0.20790E+01
-0.51000E+01  0.20789E+01
-0.52000E+01  0.20788E+01
-0.53000E+01  0.20787E+01
-0.54000E+01  0.20787E+01
-0.55000E+01  0.20786E+01
-0.56000E+01  0.20786E+01
-0.57000E+01  0.20786E+01
-0.58000E+01  0.20785E+01
-0.59000E+01  0.20785E+01
-0.60000E+01  0.20785E+01
-0.61000E+01  0.20785E+01
-0.62000E+01  0.20785E+01
-0.63000E+01  0.20785E+01
-0.64000E+01  0.20785E+01
-0.65000E+01  0.20785E+01
-0.66000E+01  0.20785E+01
-0.67000E+01  0.20785E+01
-0.68000E+01  0.20785E+01
-0.69000E+01  0.20785E+01
-0.70000E+01  0.20785E+01
-0.71000E+01  0.20784E+01
-0.72000E+01  0.20784E+01
-0.73000E+01  0.20784E+01
-0.74000E+01  0.20784E+01
-0.75000E+01  0.20784E+01
-0.76000E+01  0.20784E+01
-0.77000E+01  0.20784E+01
-0.78000E+01  0.20784E+01
-0.79000E+01  0.20784E+01
-0.80000E+01  0.20784E+01
 zone T = "Var           16 : Predicted",
 0.00000E+00  0.15014E+01
-0.10000E+00  0.14216E+01
-0.20000E+00  0.13461E+01
-0.30000E+00  0.12773E+01
-0.40000E+00  0.12173E+01
-0.50000E+00  0.11706E+01
-0.60000E+00  0.11395E+01
-0.70000E+00  0.11261E+01
-0.80000E+00  0.11316E+01
-0.90000E+00  0.11571E+01
-0.10000E+01  0.12035E+01
-0.11000E+01  0.12736E+01
-0.12000E+01  0.13736E+01
-0.13000E+01  0.15161E+01
-0.14000E+01  0.17309E+01
-0.15000E+01  0.21577E+01
-0.16000E+01  0.21166E+01
-0.17000E+01  0.23235E+01
-0.18000E+01  0.26677E+01
-0.19000E+01  0.28643E+01
-0.20000E+01  0.28674E+01
-0.21000E+01  0.29872E+01
-0.22000E+01  0.31078E+01
-0.23000E+01  0.29784E+01
-0.24000E+01  0.29171E+01
-0.25000E+01  0.28809E+01
-0.26000E+01  0.28541E+01
-0.27000E+01  0.28320E+01
-0.28000E+01  0.28132E+01
-0.29000E+01  0.27971E+01
-0.30000E+01  0.27837E+01
-0.31000E+01  0.27725E+01
-0.32000E+01  0.27633E+01
-0.33000E+01  0.27558E+01
-0.34000E+01  0.27498E+01
-0.35000E+01  0.27450E+01
-0.36000E+01  0.27411E+01
-0.37000E+01  0.27380E+01
-0.38000E+01  0.27356E+01
-0.39000E+01  0.27336E+01
-0.40000E+01  0.27320E+01
-0.41000E+01  0.27308E+01
-0.42000E+01  0.27298E+01
-0.43000E+01  0.27290E+01
-0.44000E+01  0.27284E+01
-0.45000E+01  0.27279E+01
-0.46000E+01  0.27275E+01
-0.47000E+01  0.27272E+01
-0.48000E+01  0.27270E+01
-0.49000E+01  0.27268E+01
-0.50000E+01  0.27266E+01
-0.51000E+01  0.27265E+01
-0.52000E+01  0.27264E+01
-0.53000E+01  0.27263E+01
-0.54000E+01  0.27263E+01
-0.55000E+01  0.27262E+01
-0.56000E+01  0.27262E+01
-0.57000E+01  0.27262E+01
-0.58000E+01  0.27261E+01
-0.59000E+01  0.27261E+01
-0.60000E+01  0.27261E+01
-0.61000E+01  0.27261E+01
-0.62000E+01  0.27261E+01
-0.63000E+01  0.27261E+01
-0.64000E+01  0.27261E+01
-0.65000E+01  0.27260E+01
-0.66000E+01  0.27260E+01
-0.67000E+01  0.27260E+01
-0.68000E+01  0.27260E+01
-0.69000E+01  0.27260E+01
-0.70000E+01  0.27260E+01
-0.71000E+01  0.27260E+01
-0.72000E+01  0.27260E+01
-0.73000E+01  0.27260E+01
-0.74000E+01  0.27260E+01
-0.75000E+01  0.27260E+01
-0.76000E+01  0.27260E+01
-0.77000E+01  0.27260E+01
-0.78000E+01  0.27260E+01
-0.79000E+01  0.27260E+01
-0.80000E+01  0.27260E+01
