 zone T = "Var  1 : Implicit",
 0.00000E+00  0.39872E+01
-0.10000E+00  0.39937E+01
-0.20000E+00  0.40041E+01
-0.30000E+00  0.40190E+01
-0.40000E+00  0.40333E+01
-0.50000E+00  0.40447E+01
-0.60000E+00  0.40481E+01
-0.70000E+00  0.40331E+01
-0.80000E+00  0.40028E+01
-0.90000E+00  0.39698E+01
-0.10000E+01  0.39483E+01
-0.11000E+01  0.39473E+01
-0.12000E+01  0.39758E+01
-0.13000E+01  0.40524E+01
-0.14000E+01  0.42574E+01
-0.15000E+01  0.42990E+01
-0.16000E+01  0.42651E+01
-0.17000E+01  0.39992E+01
-0.18000E+01  0.37927E+01
-0.19000E+01  0.36703E+01
-0.20000E+01  0.35895E+01
-0.21000E+01  0.35307E+01
-0.22000E+01  0.35127E+01
-0.23000E+01  0.35046E+01
-0.24000E+01  0.35187E+01
-0.25000E+01  0.36002E+01
-0.26000E+01  0.35845E+01
-0.27000E+01  0.36134E+01
-0.28000E+01  0.37017E+01
-0.29000E+01  0.37459E+01
-0.30000E+01  0.37869E+01
-0.31000E+01  0.38172E+01
-0.32000E+01  0.38170E+01
-0.33000E+01  0.37244E+01
-0.34000E+01  0.37155E+01
-0.35000E+01  0.37325E+01
-0.36000E+01  0.37639E+01
-0.37000E+01  0.38032E+01
-0.38000E+01  0.38489E+01
-0.39000E+01  0.38978E+01
-0.40000E+01  0.39491E+01
-0.41000E+01  0.40017E+01
-0.42000E+01  0.40549E+01
-0.43000E+01  0.41087E+01
-0.44000E+01  0.41642E+01
-0.45000E+01  0.42185E+01
-0.46000E+01  0.42724E+01
-0.47000E+01  0.43237E+01
-0.48000E+01  0.43831E+01
-0.49000E+01  0.44404E+01
-0.50000E+01  0.44995E+01
-0.51000E+01  0.45606E+01
-0.52000E+01  0.46534E+01
-0.53000E+01  0.47366E+01
-0.54000E+01  0.47548E+01
-0.55000E+01  0.47748E+01
-0.56000E+01  0.47286E+01
-0.57000E+01  0.47339E+01
-0.58000E+01  0.47579E+01
-0.59000E+01  0.47508E+01
-0.60000E+01  0.47089E+01
-0.61000E+01  0.47265E+01
-0.62000E+01  0.47119E+01
-0.63000E+01  0.47188E+01
-0.64000E+01  0.46980E+01
-0.65000E+01  0.47066E+01
-0.66000E+01  0.46967E+01
-0.67000E+01  0.47070E+01
-0.68000E+01  0.47055E+01
-0.69000E+01  0.46983E+01
-0.70000E+01  0.47073E+01
-0.71000E+01  0.46993E+01
-0.72000E+01  0.47046E+01
-0.73000E+01  0.46998E+01
-0.74000E+01  0.47040E+01
-0.75000E+01  0.47009E+01
-0.76000E+01  0.47013E+01
-0.77000E+01  0.47020E+01
-0.78000E+01  0.46974E+01
-0.79000E+01  0.47057E+01
-0.80000E+01  0.46977E+01
 zone T = "Var  1 : Predicted",
 0.00000E+00  0.25803E+01
-0.10000E+00  0.25738E+01
-0.20000E+00  0.25666E+01
-0.30000E+00  0.25586E+01
-0.40000E+00  0.25502E+01
-0.50000E+00  0.25417E+01
-0.60000E+00  0.25334E+01
-0.70000E+00  0.25257E+01
-0.80000E+00  0.25186E+01
-0.90000E+00  0.25121E+01
-0.10000E+01  0.25061E+01
-0.11000E+01  0.25004E+01
-0.12000E+01  0.24951E+01
-0.13000E+01  0.24906E+01
-0.14000E+01  0.24869E+01
-0.15000E+01  0.24840E+01
-0.16000E+01  0.24824E+01
-0.17000E+01  0.24824E+01
-0.18000E+01  0.24841E+01
-0.19000E+01  0.24875E+01
-0.20000E+01  0.24920E+01
-0.21000E+01  0.24972E+01
-0.22000E+01  0.25027E+01
-0.23000E+01  0.25080E+01
-0.24000E+01  0.25117E+01
-0.25000E+01  0.25143E+01
-0.26000E+01  0.25159E+01
-0.27000E+01  0.25169E+01
-0.28000E+01  0.25175E+01
-0.29000E+01  0.25177E+01
-0.30000E+01  0.25176E+01
-0.31000E+01  0.25175E+01
-0.32000E+01  0.25176E+01
-0.33000E+01  0.25177E+01
-0.34000E+01  0.25179E+01
-0.35000E+01  0.25181E+01
-0.36000E+01  0.25184E+01
-0.37000E+01  0.25186E+01
-0.38000E+01  0.25188E+01
-0.39000E+01  0.25190E+01
-0.40000E+01  0.25191E+01
-0.41000E+01  0.25192E+01
-0.42000E+01  0.25193E+01
-0.43000E+01  0.25194E+01
-0.44000E+01  0.25195E+01
-0.45000E+01  0.25195E+01
-0.46000E+01  0.25195E+01
-0.47000E+01  0.25196E+01
-0.48000E+01  0.25196E+01
-0.49000E+01  0.25196E+01
-0.50000E+01  0.25196E+01
-0.51000E+01  0.25197E+01
-0.52000E+01  0.25197E+01
-0.53000E+01  0.25197E+01
-0.54000E+01  0.25197E+01
-0.55000E+01  0.25197E+01
-0.56000E+01  0.25197E+01
-0.57000E+01  0.25197E+01
-0.58000E+01  0.25197E+01
-0.59000E+01  0.25197E+01
-0.60000E+01  0.25197E+01
-0.61000E+01  0.25197E+01
-0.62000E+01  0.25197E+01
-0.63000E+01  0.25197E+01
-0.64000E+01  0.25197E+01
-0.65000E+01  0.25197E+01
-0.66000E+01  0.25197E+01
-0.67000E+01  0.25197E+01
-0.68000E+01  0.25197E+01
-0.69000E+01  0.25197E+01
-0.70000E+01  0.25197E+01
-0.71000E+01  0.25197E+01
-0.72000E+01  0.25197E+01
-0.73000E+01  0.25197E+01
-0.74000E+01  0.25197E+01
-0.75000E+01  0.25197E+01
-0.76000E+01  0.25197E+01
-0.77000E+01  0.25197E+01
-0.78000E+01  0.25197E+01
-0.79000E+01  0.25197E+01
-0.80000E+01  0.25197E+01
 zone T = "Var  2 : Implicit",
 0.00000E+00  0.38535E+01
-0.10000E+00  0.38584E+01
-0.20000E+00  0.38620E+01
-0.30000E+00  0.38627E+01
-0.40000E+00  0.38570E+01
-0.50000E+00  0.38381E+01
-0.60000E+00  0.37946E+01
-0.70000E+00  0.37140E+01
-0.80000E+00  0.35939E+01
-0.90000E+00  0.34507E+01
-0.10000E+01  0.33041E+01
-0.11000E+01  0.31503E+01
-0.12000E+01  0.29310E+01
-0.13000E+01  0.28683E+01
-0.14000E+01  0.26827E+01
-0.15000E+01  0.26846E+01
-0.16000E+01  0.27051E+01
-0.17000E+01  0.27596E+01
-0.18000E+01  0.27172E+01
-0.19000E+01  0.28003E+01
-0.20000E+01  0.28100E+01
-0.21000E+01  0.29788E+01
-0.22000E+01  0.29395E+01
-0.23000E+01  0.30950E+01
-0.24000E+01  0.27738E+01
-0.25000E+01  0.26209E+01
-0.26000E+01  0.25312E+01
-0.27000E+01  0.24749E+01
-0.28000E+01  0.24433E+01
-0.29000E+01  0.24277E+01
-0.30000E+01  0.24218E+01
-0.31000E+01  0.24239E+01
-0.32000E+01  0.24378E+01
-0.33000E+01  0.24651E+01
-0.34000E+01  0.25017E+01
-0.35000E+01  0.25402E+01
-0.36000E+01  0.25740E+01
-0.37000E+01  0.26071E+01
-0.38000E+01  0.26471E+01
-0.39000E+01  0.26966E+01
-0.40000E+01  0.27549E+01
-0.41000E+01  0.28206E+01
-0.42000E+01  0.28921E+01
-0.43000E+01  0.29679E+01
-0.44000E+01  0.30469E+01
-0.45000E+01  0.31279E+01
-0.46000E+01  0.32102E+01
-0.47000E+01  0.32928E+01
-0.48000E+01  0.33754E+01
-0.49000E+01  0.34573E+01
-0.50000E+01  0.35380E+01
-0.51000E+01  0.36173E+01
-0.52000E+01  0.36950E+01
-0.53000E+01  0.37704E+01
-0.54000E+01  0.38442E+01
-0.55000E+01  0.39151E+01
-0.56000E+01  0.39871E+01
-0.57000E+01  0.40559E+01
-0.58000E+01  0.41228E+01
-0.59000E+01  0.41924E+01
-0.60000E+01  0.42669E+01
-0.61000E+01  0.43365E+01
-0.62000E+01  0.43551E+01
-0.63000E+01  0.43821E+01
-0.64000E+01  0.44038E+01
-0.65000E+01  0.44602E+01
-0.66000E+01  0.44750E+01
-0.67000E+01  0.45140E+01
-0.68000E+01  0.45610E+01
-0.69000E+01  0.45941E+01
-0.70000E+01  0.45697E+01
-0.71000E+01  0.46609E+01
-0.72000E+01  0.46725E+01
-0.73000E+01  0.46128E+01
-0.74000E+01  0.44641E+01
-0.75000E+01  0.44304E+01
-0.76000E+01  0.45540E+01
-0.77000E+01  0.45854E+01
-0.78000E+01  0.44339E+01
-0.79000E+01  0.43702E+01
-0.80000E+01  0.42887E+01
 zone T = "Var  2 : Predicted",
 0.00000E+00  0.23527E+01
-0.10000E+00  0.23725E+01
-0.20000E+00  0.23914E+01
-0.30000E+00  0.24145E+01
-0.40000E+00  0.24361E+01
-0.50000E+00  0.24525E+01
-0.60000E+00  0.24605E+01
-0.70000E+00  0.24543E+01
-0.80000E+00  0.24256E+01
-0.90000E+00  0.22675E+01
-0.10000E+01  0.23552E+01
-0.11000E+01  0.22783E+01
-0.12000E+01  0.22577E+01
-0.13000E+01  0.21701E+01
-0.14000E+01  0.21180E+01
-0.15000E+01  0.20961E+01
-0.16000E+01  0.20795E+01
-0.17000E+01  0.20527E+01
-0.18000E+01  0.20221E+01
-0.19000E+01  0.20039E+01
-0.20000E+01  0.19948E+01
-0.21000E+01  0.19940E+01
-0.22000E+01  0.20040E+01
-0.23000E+01  0.20277E+01
-0.24000E+01  0.20639E+01
-0.25000E+01  0.21123E+01
-0.26000E+01  0.21673E+01
-0.27000E+01  0.22227E+01
-0.28000E+01  0.22779E+01
-0.29000E+01  0.23304E+01
-0.30000E+01  0.23766E+01
-0.31000E+01  0.24114E+01
-0.32000E+01  0.24281E+01
-0.33000E+01  0.24164E+01
-0.34000E+01  0.23568E+01
-0.35000E+01  0.22698E+01
-0.36000E+01  0.22193E+01
-0.37000E+01  0.21857E+01
-0.38000E+01  0.21622E+01
-0.39000E+01  0.21455E+01
-0.40000E+01  0.21336E+01
-0.41000E+01  0.21253E+01
-0.42000E+01  0.21201E+01
-0.43000E+01  0.21175E+01
-0.44000E+01  0.21174E+01
-0.45000E+01  0.21203E+01
-0.46000E+01  0.21271E+01
-0.47000E+01  0.21400E+01
-0.48000E+01  0.21646E+01
-0.49000E+01  0.22190E+01
-0.50000E+01  0.24289E+01
-0.51000E+01  0.20125E+01
-0.52000E+01  0.19239E+01
-0.53000E+01  0.19121E+01
-0.54000E+01  0.18998E+01
-0.55000E+01  0.19513E+01
-0.56000E+01  0.19690E+01
-0.57000E+01  0.19786E+01
-0.58000E+01  0.19845E+01
-0.59000E+01  0.19885E+01
-0.60000E+01  0.19914E+01
-0.61000E+01  0.19934E+01
-0.62000E+01  0.19949E+01
-0.63000E+01  0.19961E+01
-0.64000E+01  0.19969E+01
-0.65000E+01  0.19976E+01
-0.66000E+01  0.19981E+01
-0.67000E+01  0.19985E+01
-0.68000E+01  0.19988E+01
-0.69000E+01  0.19991E+01
-0.70000E+01  0.19993E+01
-0.71000E+01  0.19994E+01
-0.72000E+01  0.19995E+01
-0.73000E+01  0.19996E+01
-0.74000E+01  0.19997E+01
-0.75000E+01  0.19997E+01
-0.76000E+01  0.19997E+01
-0.77000E+01  0.19997E+01
-0.78000E+01  0.19997E+01
-0.79000E+01  0.19997E+01
-0.80000E+01  0.19997E+01
