 zone T = "ep =    1.00000000000000      ",
  0.698970004336019       -2.25928103315690     
  0.748970004336019       -2.90178351218165     
  0.798970004336019       -3.42257499878750     
  0.848970004336019       -3.55328671649748     
  0.898970004336019       -3.36497288337257     
  0.948970004336019       -3.15806832757596     
  0.998970004336019       -2.99293833003158     
   1.04897000433602       -3.63557025926935     
   1.09897000433602       -3.99404740188649     
   1.14897000433602       -3.73558119073223     
   1.19897000433602       -3.86684803627844     
   1.24897000433602       -4.34224236627302     
   1.29897000433602       -4.00178551012911     
   1.34897000433602       -4.58070677353322     
   1.39897000433602       -4.34167213621697     
   1.44897000433602       -4.87680356520232     
   1.49897000433602       -4.91414570284423     
   1.54897000433602       -4.93022514190560     
   1.59897000433602       -5.13062822576161     
   1.64897000433602       -5.34485203493905     
   1.69897000433602       -5.44108913449163     
   1.74897000433602       -5.71824461047650     
   1.79897000433602       -5.99697831952011     
   1.84897000433602       -6.05194698536436     
   1.89897000433602       -6.30068169451360     
   1.94897000433602       -6.50703040031926     
   1.99897000433602       -6.62081189357782     
   2.04897000433602       -6.85996850556777     
   2.09897000433602       -7.00083077221538     
   2.14897000433602       -7.20399438820898     
   2.19897000433602       -7.44346049080812     
   2.24897000433602       -7.62354616148634     
   2.29897000433602       -7.81201370421484     
   2.34897000433602       -8.01238610404224     
   2.39897000433602       -8.16813572700335     
   2.44897000433602       -8.37351889080885     
   2.49897000433602       -8.55963540981308     
   2.54897000433602       -8.77993512904396     
   2.59897000433602       -8.97232763099422     
   2.64897000433602       -9.15373190187550     
   2.69897000433602       -9.34610466591686     
   2.74897000433602       -9.55275913599839     
   2.79897000433602       -9.75483310639311     
   2.84897000433602       -9.95059397052800     
   2.89897000433602       -10.1546504537939     
   2.94897000433602       -10.3518180176931     
   2.99897000433602       -10.5511723019284     
   3.04897000433602       -10.7471020827309     
   3.09897000433602       -10.9429386571203     
   3.14897000433602       -11.1461098737815     
   3.19897000433602       -11.3428717714396     
   3.24897000433602       -11.5459944882941     
   3.29897000433602       -11.7427715897405     
   3.34897000433602       -11.9491545277138     
   3.39897000433602       -12.1494958289030     
   3.44897000433602       -12.3567797883185     
   3.49897000433602       -12.5654763139842     
   3.54897000433602       -12.7830507104310     
   3.59897000433602       -13.0131404550539     
   3.64897000433602       -13.2642413814363     
   3.69897000433602       -13.5575192202316     
   3.74897000433602       -13.9915401624383     
   3.79897000433602       -15.4774685154713     
   3.84897000433602       -14.1718261014349     
   3.89897000433602       -13.9387979265328     
   3.94897000433602       -13.8703487253740     
   3.99897000433602       -13.8034977641819     
   4.04897000433602       -13.7668928292337     
   4.09897000433602       -13.7839155975987     
   4.14897000433602       -13.7615521786448     
   4.19897000433602       -13.7346043353356     
 zone T = "ep =   0.794328234724281      ",
  0.698970004336019       -2.25376097685592     
  0.748970004336019       -3.00874828489683     
  0.798970004336019       -3.54702660668986     
  0.848970004336019       -3.51968469327074     
  0.898970004336019       -3.28087653385505     
  0.948970004336019       -3.07928969810619     
  0.998970004336019       -2.92571034648825     
   1.04897000433602       -3.67524126395743     
   1.09897000433602       -3.97777238559441     
   1.14897000433602       -3.63738554961013     
   1.19897000433602       -3.82413062464042     
   1.24897000433602       -4.31549996707332     
   1.29897000433602       -3.88864833470730     
   1.34897000433602       -4.55301824715441     
   1.39897000433602       -4.22049933103475     
   1.44897000433602       -4.81179460352031     
   1.49897000433602       -4.83458638040642     
   1.54897000433602       -4.80582358776343     
   1.59897000433602       -4.99620602482594     
   1.64897000433602       -5.21168669072481     
   1.69897000433602       -5.29384470880871     
   1.74897000433602       -5.58976539151057     
   1.79897000433602       -5.88442285176170     
   1.84897000433602       -5.90636837274482     
   1.89897000433602       -6.16104406656191     
   1.94897000433602       -6.37008237417658     
   1.99897000433602       -6.46431637632281     
   2.04897000433602       -6.71488207065021     
   2.09897000433602       -6.84080854301869     
   2.14897000433602       -7.04444551183771     
   2.19897000433602       -7.29286568985480     
   2.24897000433602       -7.46816579254071     
   2.29897000433602       -7.65269175027379     
   2.34897000433602       -7.85346303012505     
   2.39897000433602       -7.99833563168713     
   2.44897000433602       -8.20485361352198     
   2.49897000433602       -8.38731227400203     
   2.54897000433602       -8.61222246421159     
   2.59897000433602       -8.80282359066765     
   2.64897000433602       -8.97944792201899     
   2.69897000433602       -9.16977751445697     
   2.74897000433602       -9.37796796510805     
   2.79897000433602       -9.58033934719226     
   2.84897000433602       -9.77502380616294     
   2.89897000433602       -9.97996827999751     
   2.94897000433602       -10.1762563918242     
   2.99897000433602       -10.3753433736630     
   3.04897000433602       -10.5700430737237     
   3.09897000433602       -10.7646197552293     
   3.14897000433602       -10.9681976497992     
   3.19897000433602       -11.1636445598041     
   3.24897000433602       -11.3667012170068     
   3.29897000433602       -11.5614353563992     
   3.34897000433602       -11.7673903945474     
   3.39897000433602       -11.9645542336731     
   3.44897000433602       -12.1686529702103     
   3.49897000433602       -12.3714795933956     
   3.54897000433602       -12.5797984778786     
   3.59897000433602       -12.7940649675170     
   3.64897000433602       -13.0162107882358     
   3.69897000433602       -13.2526576873351     
   3.74897000433602       -13.5237541154297     
   3.79897000433602       -13.8606211834555     
   3.84897000433602       -14.4319825438204     
   3.89897000433602       -14.5052560313554     
   3.94897000433602       -14.1799587715139     
   3.99897000433602       -14.0113426450531     
   4.04897000433602       -13.9373607292823     
   4.09897000433602       -13.9408969222243     
   4.14897000433602       -13.9070715323987     
   4.19897000433602       -13.8689536246500     
 zone T = "ep =   0.630957344480193      ",
  0.698970004336019       -2.25904396497077     
  0.748970004336019       -3.15599610950248     
  0.798970004336019       -3.63715501711853     
  0.848970004336019       -3.44754493924882     
  0.898970004336019       -3.20022180346834     
  0.948970004336019       -3.01379997594704     
  0.998970004336019       -2.87353206248992     
   1.04897000433602       -3.75451064247695     
   1.09897000433602       -3.93740689260483     
   1.14897000433602       -3.54475224223435     
   1.19897000433602       -3.80832369297283     
   1.24897000433602       -4.28553049014444     
   1.29897000433602       -3.78509524539197     
   1.34897000433602       -4.54596236114702     
   1.39897000433602       -4.10857321330208     
   1.44897000433602       -4.75438775135589     
   1.49897000433602       -4.77549773018485     
   1.54897000433602       -4.69109159340478     
   1.59897000433602       -4.86627197995655     
   1.64897000433602       -5.08241730689190     
   1.69897000433602       -5.15125799363325     
   1.74897000433602       -5.47108730152582     
   1.79897000433602       -5.78390426415800     
   1.84897000433602       -5.76655382905520     
   1.89897000433602       -6.02598277954131     
   1.94897000433602       -6.23904544412202     
   1.99897000433602       -6.31020552167605     
   2.04897000433602       -6.57614372168324     
   2.09897000433602       -6.68337229800002     
   2.14897000433602       -6.88767154672306     
   2.19897000433602       -7.14709112561783     
   2.24897000433602       -7.31666781335875     
   2.29897000433602       -7.49580161250939     
   2.34897000433602       -7.69739944451197     
   2.39897000433602       -7.82879122266870     
   2.44897000433602       -8.03675550664393     
   2.49897000433602       -8.21460651663667     
   2.54897000433602       -8.44518270639984     
   2.59897000433602       -8.63368174749773     
   2.64897000433602       -8.80428306509458     
   2.69897000433602       -8.99203607018568     
   2.74897000433602       -9.20217038004100     
   2.79897000433602       -9.40486649203495     
   2.84897000433602       -9.59825709167214     
   2.89897000433602       -9.80433405502822     
   2.94897000433602       -9.99951176907129     
   2.99897000433602       -10.1983247248294     
   3.04897000433602       -10.3915169918606     
   3.09897000433602       -10.5846214225732     
   3.14897000433602       -10.7888680994483     
   3.19897000433602       -10.9829130453142     
   3.24897000433602       -11.1862975729477     
   3.29897000433602       -11.3790982923944     
   3.34897000433602       -11.5855691223690     
   3.39897000433602       -11.7804713344867     
   3.44897000433602       -11.9832175092685     
   3.49897000433602       -12.1829735853037     
   3.54897000433602       -12.3871149235595     
   3.59897000433602       -12.5947542878511     
   3.64897000433602       -12.8050146666026     
   3.69897000433602       -13.0207941440390     
   3.74897000433602       -13.2533321834666     
   3.79897000433602       -13.5066085233275     
   3.84897000433602       -13.8071550024843     
   3.89897000433602       -14.2648093492932     
   3.94897000433602       -15.6815884981273     
   3.99897000433602       -14.3429660215350     
   4.04897000433602       -14.1420942052898     
   4.09897000433602       -14.1028538073449     
   4.14897000433602       -14.0408586799766     
   4.19897000433602       -13.9866909434224     
 zone T = "ep =   0.501187233627272      ",
  0.698970004336019       -2.27358959897090     
  0.748970004336019       -3.34142988338936     
  0.798970004336019       -3.64193771504562     
  0.848970004336019       -3.36200305310235     
  0.898970004336019       -3.13259382611353     
  0.948970004336019       -2.96449476708783     
  0.998970004336019       -2.83703990756812     
   1.04897000433602       -3.87158671352850     
   1.09897000433602       -3.86538133030090     
   1.14897000433602       -3.46194555518459     
   1.19897000433602       -3.82507680443542     
   1.24897000433602       -4.23709931381015     
   1.29897000433602       -3.69323543947309     
   1.34897000433602       -4.55224043547135     
   1.39897000433602       -4.00792727382788     
   1.44897000433602       -4.69728170669499     
   1.49897000433602       -4.74150906127732     
   1.54897000433602       -4.58843088300061     
   1.59897000433602       -4.74168594778688     
   1.64897000433602       -4.95735007997493     
   1.69897000433602       -5.01463770775228     
   1.74897000433602       -5.36493344311199     
   1.79897000433602       -5.69722995785599     
   1.84897000433602       -5.63432397717381     
   1.89897000433602       -5.89577057110911     
   1.94897000433602       -6.11458573780261     
   1.99897000433602       -6.15924545301879     
   2.04897000433602       -6.44592012791668     
   2.09897000433602       -6.52979454538509     
   2.14897000433602       -6.73503564806538     
   2.19897000433602       -7.00784366711156     
   2.24897000433602       -7.17072155745837     
   2.29897000433602       -7.34240488415537     
   2.34897000433602       -7.54555189649392     
   2.39897000433602       -7.66033723375726     
   2.44897000433602       -7.87015709232078     
   2.49897000433602       -8.04221370148167     
   2.54897000433602       -8.27970429819536     
   2.59897000433602       -8.46580849994583     
   2.64897000433602       -8.62882794288420     
   2.69897000433602       -8.81333509929050     
   2.74897000433602       -9.02593179911979     
   2.79897000433602       -9.22895527143372     
   2.84897000433602       -9.42080777336778     
   2.89897000433602       -9.62831805629837     
   2.94897000433602       -9.82206618823394     
   2.99897000433602       -10.0205906500189     
   3.04897000433602       -10.2118835488763     
   3.09897000433602       -10.4032031749959     
   3.14897000433602       -10.6083463001720     
   3.19897000433602       -10.8007529059596     
   3.24897000433602       -11.0047266129476     
   3.29897000433602       -11.1953758115093     
   3.34897000433602       -11.4029497718274     
   3.39897000433602       -11.5957436590985     
   3.44897000433602       -11.7979592341268     
   3.49897000433602       -11.9956960511664     
   3.54897000433602       -12.1976732864609     
   3.59897000433602       -12.4021287905713     
   3.64897000433602       -12.6066167189742     
   3.69897000433602       -12.8128167480324     
   3.74897000433602       -13.0288588020580     
   3.79897000433602       -13.2550501280905     
   3.84897000433602       -13.4977020619459     
   3.89897000433602       -13.7803572825680     
   3.94897000433602       -14.1240812962216     
   3.99897000433602       -14.9175369660769     
   4.04897000433602       -14.5668107661557     
   4.09897000433602       -14.3462977945456     
   4.14897000433602       -14.2091977705006     
   4.19897000433602       -14.1213828751572     
 zone T = "ep =   0.398107170553497      ",
  0.698970004336019       -2.29552270677269     
  0.748970004336019       -3.54547171037063     
  0.798970004336019       -3.57266416291847     
  0.848970004336019       -3.28665634871221     
  0.898970004336019       -3.08367929833076     
  0.948970004336019       -2.93257436395585     
  0.998970004336019       -2.81594920609394     
   1.04897000433602       -4.00661271342557     
   1.09897000433602       -3.77366537075849     
   1.14897000433602       -3.39339853827707     
   1.19897000433602       -3.88033071547172     
   1.24897000433602       -4.16208749391579     
   1.29897000433602       -3.61533110064979     
   1.34897000433602       -4.55386489050842     
   1.39897000433602       -3.92084493783135     
   1.44897000433602       -4.63098338080154     
   1.49897000433602       -4.73753650736623     
   1.54897000433602       -4.50067330351325     
   1.59897000433602       -4.62368006036384     
   1.64897000433602       -4.83707175535797     
   1.69897000433602       -4.88544378425217     
   1.74897000433602       -5.27452176490307     
   1.79897000433602       -5.62524045312134     
   1.84897000433602       -5.51178330203963     
   1.89897000433602       -5.77021763241964     
   1.94897000433602       -5.99675946014366     
   1.99897000433602       -6.01217932860860     
   2.04897000433602       -6.32674599889730     
   2.09897000433602       -6.38154074383898     
   2.14897000433602       -6.58812770298227     
   2.19897000433602       -6.87699353913698     
   2.24897000433602       -7.03228342118630     
   2.29897000433602       -7.19357241613292     
   2.34897000433602       -7.39944498366400     
   2.39897000433602       -7.49394857623174     
   2.44897000433602       -7.70616192161506     
   2.49897000433602       -7.87094683375979     
   2.54897000433602       -8.11678864173897     
   2.59897000433602       -8.30028651681417     
   2.64897000433602       -8.45377751083348     
   2.69897000433602       -8.63420323238255     
   2.74897000433602       -8.84992310380604     
   2.79897000433602       -9.05323104066499     
   2.84897000433602       -9.24329126856987     
   2.89897000433602       -9.45261098031789     
   2.94897000433602       -9.64450274786817     
   2.99897000433602       -9.84273731722172     
   3.04897000433602       -10.0316106951477     
   3.09897000433602       -10.2207472438213     
   3.14897000433602       -10.4270313582063     
   3.19897000433602       -10.6174569139778     
   3.24897000433602       -10.8222502191342     
   3.29897000433602       -11.0103476768239     
   3.34897000433602       -11.2195443197663     
   3.39897000433602       -11.4100537543230     
   3.44897000433602       -11.6121672435927     
   3.49897000433602       -11.8082594178656     
   3.54897000433602       -12.0090881033708     
   3.59897000433602       -12.2120315562706     
   3.64897000433602       -12.4132221481585     
   3.69897000433602       -12.6143641589459     
   3.74897000433602       -12.8223025577990     
   3.79897000433602       -13.0363996510878     
   3.84897000433602       -13.2579467499555     
   3.89897000433602       -13.4938210891377     
   3.94897000433602       -13.7483543694125     
   3.99897000433602       -14.0759692499805     
   4.04897000433602       -14.6123213406515     
   4.09897000433602       -15.1658250074798     
   4.14897000433602       -14.4984373303523     
   4.19897000433602       -14.3010757676969     
 zone T = "ep =   0.316227766016838      ",
  0.698970004336019       -2.32286147047710     
  0.748970004336019       -3.70777385282892     
  0.798970004336019       -3.48433800321003     
  0.848970004336019       -3.23326737540459     
  0.898970004336019       -3.05506372475159     
  0.948970004336019       -2.91744687220519     
  0.998970004336019       -2.80897480634873     
   1.04897000433602       -4.10479428323158     
   1.09897000433602       -3.68335466711383     
   1.14897000433602       -3.34244006729350     
   1.19897000433602       -3.97911803617386     
   1.24897000433602       -4.06831250537516     
   1.29897000433602       -3.55349009522870     
   1.34897000433602       -4.52543796754053     
   1.39897000433602       -3.84975159866850     
   1.44897000433602       -4.54901920049413     
   1.49897000433602       -4.76764475919598     
   1.54897000433602       -4.43114920992644     
   1.59897000433602       -4.51402692526004     
   1.64897000433602       -4.72276736445974     
   1.69897000433602       -4.76532115281448     
   1.74897000433602       -5.20366770337722     
   1.79897000433602       -5.56667779246781     
   1.84897000433602       -5.40137552936404     
   1.89897000433602       -5.64868199971205     
   1.94897000433602       -5.88473748016088     
   1.99897000433602       -5.86973502200579     
   2.04897000433602       -6.22154944532150     
   2.09897000433602       -6.24028355415216     
   2.14897000433602       -6.44878647178395     
   2.19897000433602       -6.75646638735860     
   2.24897000433602       -6.90360695322407     
   2.29897000433602       -7.05027324290104     
   2.34897000433602       -7.26072061941286     
   2.39897000433602       -7.33074690890610     
   2.44897000433602       -7.54606054561330     
   2.49897000433602       -7.70174046045142     
   2.54897000433602       -7.95752235568078     
   2.59897000433602       -8.13839415484920     
   2.64897000433602       -8.27993543439097     
   2.69897000433602       -8.45524010194080     
   2.74897000433602       -8.67492571281193     
   2.79897000433602       -8.87839309842395     
   2.84897000433602       -9.06642624965271     
   2.89897000433602       -9.27802718154391     
   2.94897000433602       -9.46749097880821     
   2.99897000433602       -9.66547011347612     
   3.04897000433602       -9.85124243173377     
   3.09897000433602       -10.0377134166484     
   3.14897000433602       -10.2454126739752     
   3.19897000433602       -10.4334129659383     
   3.24897000433602       -10.6392599304420     
   3.29897000433602       -10.8242346644878     
   3.34897000433602       -11.0355849384846     
   3.39897000433602       -11.2234044405990     
   3.44897000433602       -11.4256657420588     
   3.49897000433602       -11.6201218820800     
   3.54897000433602       -11.8201910081877     
   3.59897000433602       -12.0223566686623     
   3.64897000433602       -12.2213912507699     
   3.69897000433602       -12.4191453191152     
   3.74897000433602       -12.6226660774437     
   3.79897000433602       -12.8303785769623     
   3.84897000433602       -13.0412064534177     
   3.89897000433602       -13.2549417103201     
   3.94897000433602       -13.4763841341791     
   3.99897000433602       -13.7217325737059     
   4.04897000433602       -14.0066891019847     
   4.09897000433602       -14.3358064809141     
   4.14897000433602       -15.0137465667233     
   4.19897000433602       -14.8074934075076     
 zone T = "ep =   0.251188643150958      ",
  0.698970004336019       -2.35368518874148     
  0.748970004336019       -3.74959413840607     
  0.798970004336019       -3.41336834230948     
  0.848970004336019       -3.20442861460112     
  0.898970004336019       -3.04541311909952     
  0.948970004336019       -2.91711802593096     
  0.998970004336019       -2.81400903218264     
   1.04897000433602       -4.10476688909465     
   1.09897000433602       -3.61049467960129     
   1.14897000433602       -3.31051565110916     
   1.19897000433602       -4.12214057799289     
   1.24897000433602       -3.97396137868853     
   1.29897000433602       -3.50923583058832     
   1.34897000433602       -4.45432097429531     
   1.39897000433602       -3.79698391024736     
   1.44897000433602       -4.45388296494616     
   1.49897000433602       -4.83161856150177     
   1.54897000433602       -4.38372193702835     
   1.59897000433602       -4.41510771453609     
   1.64897000433602       -4.61647604755785     
   1.69897000433602       -4.65614724899012     
   1.74897000433602       -5.15690980406678     
   1.79897000433602       -5.51661679218806     
   1.84897000433602       -5.30598022262850     
   1.89897000433602       -5.53034756689204     
   1.94897000433602       -5.77671846271834     
   1.99897000433602       -5.73269526410811     
   2.04897000433602       -6.13367008699175     
   2.09897000433602       -6.10793841452932     
   2.14897000433602       -6.31914275849567     
   2.19897000433602       -6.64803891842154     
   2.24897000433602       -6.78724346880535     
   2.29897000433602       -6.91322411382079     
   2.34897000433602       -7.13104336169571     
   2.39897000433602       -7.17201730581656     
   2.44897000433602       -7.39135905255568     
   2.49897000433602       -7.53566388724285     
   2.54897000433602       -7.80303530712302     
   2.59897000433602       -7.98163776301757     
   2.64897000433602       -8.10822876942844     
   2.69897000433602       -8.27712241210467     
   2.74897000433602       -8.50184947614258     
   2.79897000433602       -8.70521035032317     
   2.84897000433602       -8.89105263513098     
   2.89897000433602       -9.10552714066433     
   2.94897000433602       -9.29179425727938     
   2.99897000433602       -9.48962354901698     
   3.04897000433602       -9.67140700785850     
   3.09897000433602       -9.85464930278309     
   3.14897000433602       -10.0640806839877     
   3.19897000433602       -10.2491217142869     
   3.24897000433602       -10.4562925405709     
   3.29897000433602       -10.6374291079099     
   3.34897000433602       -10.8515708978358     
   3.39897000433602       -11.0361515724055     
   3.44897000433602       -11.2388104174010     
   3.49897000433602       -11.4315430736417     
   3.54897000433602       -11.6312126091536     
   3.59897000433602       -11.8333049349232     
   3.64897000433602       -12.0310510961867     
   3.69897000433602       -12.2266655483250     
   3.74897000433602       -12.4283838067678     
   3.79897000433602       -12.6339761936604     
   3.84897000433602       -12.8409910670516     
   3.89897000433602       -13.0467041627580     
   3.94897000433602       -13.2573059260217     
   3.99897000433602       -13.4803962780248     
   4.04897000433602       -13.7211573622782     
   4.09897000433602       -13.9730613745649     
   4.14897000433602       -14.3001725552773     
   4.19897000433602       -14.8805279682794     
 zone T = "ep =   0.199526231496888      ",
  0.698970004336019       -2.38624804758063     
  0.748970004336019       -3.68506600600867     
  0.798970004336019       -3.37094957711465     
  0.848970004336019       -3.19804618095000     
  0.898970004336019       -3.05175960365313     
  0.948970004336019       -2.92875864296650     
  0.998970004336019       -2.82845438856714     
   1.04897000433602       -4.02276287983666     
   1.09897000433602       -3.56217034329024     
   1.14897000433602       -3.29706911356542     
   1.19897000433602       -4.29562674404788     
   1.24897000433602       -3.89523473815617     
   1.29897000433602       -3.48306116916590     
   1.34897000433602       -4.35629260998637     
   1.39897000433602       -3.76442076246726     
   1.44897000433602       -4.35678075278793     
   1.49897000433602       -4.91629867762678     
   1.54897000433602       -4.36271027558048     
   1.59897000433602       -4.32976529451766     
   1.64897000433602       -4.52109417269782     
   1.69897000433602       -4.56004163956513     
   1.74897000433602       -5.13957130033437     
   1.79897000433602       -5.46540699407223     
   1.84897000433602       -5.22903179416797     
   1.89897000433602       -5.41481094293912     
   1.94897000433602       -5.67030263300992     
   1.99897000433602       -5.60202528034874     
   2.04897000433602       -6.06680540211375     
   2.09897000433602       -5.98671449981562     
   2.14897000433602       -6.20167698437734     
   2.19897000433602       -6.55294268378095     
   2.24897000433602       -6.68599086886605     
   2.29897000433602       -6.78269121607965     
   2.34897000433602       -7.01190904330262     
   2.39897000433602       -7.01922388146338     
   2.44897000433602       -7.24380864095599     
   2.49897000433602       -7.37393127883043     
   2.54897000433602       -7.65441819143840     
   2.59897000433602       -7.83178242800489     
   2.64897000433602       -7.93971953722750     
   2.69897000433602       -8.10060459303541     
   2.74897000433602       -8.33174777805577     
   2.79897000433602       -8.53450176586149     
   2.84897000433602       -8.71814514220349     
   2.89897000433602       -8.93623396312495     
   2.94897000433602       -9.11825893149865     
   2.99897000433602       -9.31616701186991     
   3.04897000433602       -9.49279592775683     
   3.09897000433602       -9.67216810299025     
   3.14897000433602       -9.88368272961081     
   3.19897000433602       -10.0651242793680     
   3.24897000433602       -10.2739121523154     
   3.29897000433602       -10.4503019943561     
   3.34897000433602       -10.6679684397634     
   3.39897000433602       -10.8485381460264     
   3.44897000433602       -11.0517675675725     
   3.49897000433602       -11.2424147785900     
   3.54897000433602       -11.4417441982354     
   3.59897000433602       -11.6440394156252     
   3.64897000433602       -11.8405959184271     
   3.69897000433602       -12.0341802601123     
   3.74897000433602       -12.2347844446771     
   3.79897000433602       -12.4395349312273     
   3.84897000433602       -12.6448606537070     
   3.89897000433602       -12.8456272373829     
   3.94897000433602       -13.0503519478337     
   3.99897000433602       -13.2613885620554     
   4.04897000433602       -13.4824620953892     
   4.09897000433602       -13.7049042517459     
   4.14897000433602       -13.9574492205961     
   4.19897000433602       -14.2647400451389     
 zone T = "ep =   0.158489319246111      ",
  0.698970004336019       -2.41905145379684     
  0.748970004336019       -3.59450947261340     
  0.798970004336019       -3.35655122415611     
  0.848970004336019       -3.21013414335994     
  0.898970004336019       -3.07046210709964     
  0.948970004336019       -2.94923346215832     
  0.998970004336019       -2.84957903457597     
   1.04897000433602       -3.92404941040198     
   1.09897000433602       -3.53895861503252     
   1.14897000433602       -3.29994500249799     
   1.19897000433602       -4.44970173914434     
   1.24897000433602       -3.84067498387873     
   1.29897000433602       -3.47416741800388     
   1.34897000433602       -4.25963204526186     
   1.39897000433602       -3.75307827112845     
   1.44897000433602       -4.27105867410235     
   1.49897000433602       -4.98283046467883     
   1.54897000433602       -4.37265896762014     
   1.59897000433602       -4.26090472703170     
   1.64897000433602       -4.44002886542367     
   1.69897000433602       -4.47927848744377     
   1.74897000433602       -5.15756193473546     
   1.79897000433602       -5.40092826596700     
   1.84897000433602       -5.17463881563744     
   1.89897000433602       -5.30282921165523     
   1.94897000433602       -5.56355539630821     
   1.99897000433602       -5.47904113046147     
   2.04897000433602       -6.02474958606480     
   2.09897000433602       -5.87919004415890     
   2.14897000433602       -6.09930057014523     
   2.19897000433602       -6.47116830465159     
   2.24897000433602       -6.60272830515858     
   2.29897000433602       -6.65828942411119     
   2.34897000433602       -6.90430220865987     
   2.39897000433602       -6.87402938900825     
   2.44897000433602       -7.10544085000305     
   2.49897000433602       -7.21791209251943     
   2.54897000433602       -7.51258786232118     
   2.59897000433602       -7.69088215807187     
   2.64897000433602       -7.77561666366170     
   2.69897000433602       -7.92651766170003     
   2.74897000433602       -8.16583568595772     
   2.79897000433602       -8.36710541268845     
   2.84897000433602       -8.54883374661256     
   2.89897000433602       -8.77145998914914     
   2.94897000433602       -8.94780751544913     
   2.99897000433602       -9.14623263557938     
   3.04897000433602       -9.31617110001549     
   3.09897000433602       -9.49097699374021     
   3.14897000433602       -9.70495443178682     
   3.19897000433602       -9.88206131826920     
   3.24897000433602       -10.0927939470640     
   3.29897000433602       -10.2633314431413     
   3.34897000433602       -10.4854236935395     
   3.39897000433602       -10.6610081378225     
   3.44897000433602       -10.8649974998399     
   3.49897000433602       -11.0530544017349     
   3.54897000433602       -11.2520607221676     
   3.59897000433602       -11.4547754178256     
   3.64897000433602       -11.6500809822641     
   3.69897000433602       -11.8414682830535     
   3.74897000433602       -12.0413340401555     
   3.79897000433602       -12.2459252586076     
   3.84897000433602       -12.4505571825479     
   3.89897000433602       -12.6478674398320     
   3.94897000433602       -12.8488295123267     
   3.99897000433602       -13.0530186497315     
   4.04897000433602       -13.2640199367803     
   4.09897000433602       -13.4716492261069     
   4.14897000433602       -13.6922313932423     
   4.19897000433602       -13.9325933820913     
 zone T = "ep =   0.125892541179417      ",
  0.698970004336019       -2.45088436471405     
  0.748970004336019       -3.52328289202021     
  0.798970004336019       -3.36583893874436     
  0.848970004336019       -3.23621555439691     
  0.898970004336019       -3.09782923217516     
  0.948970004336019       -2.97550222492859     
  0.998970004336019       -2.87480926518510     
   1.04897000433602       -3.84683177359953     
   1.09897000433602       -3.53801280219964     
   1.14897000433602       -3.31602429809213     
   1.19897000433602       -4.50332147351221     
   1.24897000433602       -3.81211360811023     
   1.29897000433602       -3.48053266983209     
   1.34897000433602       -4.18405875943346     
   1.39897000433602       -3.76286275637701     
   1.44897000433602       -4.20632729939287     
   1.49897000433602       -4.97929557205409     
   1.54897000433602       -4.41799091542027     
   1.59897000433602       -4.21090511077530     
   1.64897000433602       -4.37655241403412     
   1.69897000433602       -4.41604260049442     
   1.74897000433602       -5.21638557683866     
   1.79897000433602       -5.31625718889082     
   1.84897000433602       -5.14765399982704     
   1.89897000433602       -5.19683819433266     
   1.94897000433602       -5.45651163400944     
   1.99897000433602       -5.36556520453801     
   2.04897000433602       -6.01056783560216     
   2.09897000433602       -5.78841701870017     
   2.14897000433602       -6.01546836192048     
   2.19897000433602       -6.40041474318117     
   2.24897000433602       -6.53999481575357     
   2.29897000433602       -6.53889582175045     
   2.34897000433602       -6.80814511178707     
   2.39897000433602       -6.73832652920513     
   2.44897000433602       -6.97861518760697     
   2.49897000433602       -7.06914686118765     
   2.54897000433602       -7.37809330046023     
   2.59897000433602       -7.56130691898037     
   2.64897000433602       -7.61729019244735     
   2.69897000433602       -7.75576637242771     
   2.74897000433602       -8.00551059186633     
   2.79897000433602       -8.20382900931543     
   2.84897000433602       -8.38442533085094     
   2.89897000433602       -8.61273115865519     
   2.94897000433602       -8.78141083659445     
   2.99897000433602       -8.98113451099634     
   3.04897000433602       -9.14234621569453     
   3.09897000433602       -9.31188083719079     
   3.14897000433602       -9.52870361515903     
   3.19897000433602       -9.70066354381258     
   3.24897000433602       -9.91369406583537     
   3.29897000433602       -10.0770575646417     
   3.34897000433602       -10.3046864247349     
   3.39897000433602       -10.4740825017227     
   3.44897000433602       -10.6790644620498     
   3.49897000433602       -10.8638771488522     
   3.54897000433602       -11.0625575496135     
   3.59897000433602       -11.2659526606373     
   3.64897000433602       -11.4598792337237     
   3.69897000433602       -11.6487925942861     
   3.74897000433602       -11.8482090753019     
   3.79897000433602       -12.0533547922240     
   3.84897000433602       -12.2582559105221     
   3.89897000433602       -12.4532886821917     
   3.94897000433602       -12.6522546130556     
   3.99897000433602       -12.8534134799450     
   4.04897000433602       -13.0605507693864     
   4.09897000433602       -13.2619424806493     
   4.14897000433602       -13.4716771250503     
   4.19897000433602       -13.6888785358120     
 zone T = "ep =   0.100000000000000      ",
  0.698970004336019       -2.48083713590448     
  0.748970004336019       -3.48208924975309     
  0.798970004336019       -3.39370080945182     
  0.848970004336019       -3.27198846624215     
  0.898970004336019       -3.13049114031809     
  0.948970004336019       -3.00488035369766     
  0.998970004336019       -2.90192575186230     
   1.04897000433602       -3.80069277365527     
   1.09897000433602       -3.55511309570011     
   1.14897000433602       -3.34184252072049     
   1.19897000433602       -4.44503572774599     
   1.24897000433602       -3.80736599796812     
   1.29897000433602       -3.49927701020760     
   1.34897000433602       -4.13702136299977     
   1.39897000433602       -3.79264404366140     
   1.44897000433602       -4.16676860162985     
   1.49897000433602       -4.90232404459559     
   1.54897000433602       -4.50264529274635     
   1.59897000433602       -4.18101618889412     
   1.64897000433602       -4.33304560387855     
   1.69897000433602       -4.37202022600164     
   1.74897000433602       -5.31783878171023     
   1.79897000433602       -5.21687494249445     
   1.84897000433602       -5.15361251454044     
   1.89897000433602       -5.10083886168859     
   1.94897000433602       -5.35218941742904     
   1.99897000433602       -5.26398373616782     
   2.04897000433602       -6.02434936150031     
   2.09897000433602       -5.71804513459356     
   2.14897000433602       -5.95431545097209     
   2.19897000433602       -6.33498888325225     
   2.24897000433602       -6.49900502922968     
   2.29897000433602       -6.42287103901655     
   2.34897000433602       -6.72154890597562     
   2.39897000433602       -6.61428963634101     
   2.44897000433602       -6.86608657886580     
   2.49897000433602       -6.92937468501936     
   2.54897000433602       -7.25087754618604     
   2.59897000433602       -7.44575853547015     
   2.64897000433602       -7.46629150299553     
   2.69897000433602       -7.58932709261181     
   2.74897000433602       -7.85237893065501     
   2.79897000433602       -8.04538386005418     
   2.84897000433602       -8.22643152213992     
   2.89897000433602       -8.46181332288582     
   2.94897000433602       -8.62004087388171     
   2.99897000433602       -8.82239173150441     
   3.04897000433602       -8.97216089315433     
   3.09897000433602       -9.13579481969499     
   3.14897000433602       -9.35579485841572     
   3.19897000433602       -9.52175948443301     
   3.24897000433602       -9.73743796717717     
   3.29897000433602       -9.89207041712959     
   3.34897000433602       -10.1265949619030     
   3.39897000433602       -10.2883217918675     
   3.44897000433602       -10.4945767263541     
   3.49897000433602       -10.6752772543564     
   3.54897000433602       -10.8735872442126     
   3.59897000433602       -11.0779518071365     
   3.64897000433602       -11.2702190464903     
   3.69897000433602       -11.4561387289203     
   3.74897000433602       -11.6551926321184     
   3.79897000433602       -11.8613099133229     
   3.84897000433602       -12.0670753245987     
   3.89897000433602       -12.2599768601313     
   3.94897000433602       -12.4576965921969     
   3.99897000433602       -12.6570536603763     
   4.04897000433602       -12.8629475390731     
   4.09897000433602       -13.0605648436519     
   4.14897000433602       -13.2653312180932     
   4.19897000433602       -13.4727274280256     
 zone T = "ep =   7.943282347242814E-002 ",
  0.698970004336019       -2.50829252118538     
  0.748970004336019       -3.46917394665269     
  0.798970004336019       -3.43527598951249     
  0.848970004336019       -3.31363848371211     
  0.898970004336019       -3.16559934759408     
  0.948970004336019       -3.03517763362248     
  0.998970004336019       -2.92916397497055     
   1.04897000433602       -3.78378732383160     
   1.09897000433602       -3.58579615577265     
   1.14897000433602       -3.37405718756375     
   1.19897000433602       -4.34860142579127     
   1.24897000433602       -3.82240476472899     
   1.29897000433602       -3.52715308739589     
   1.34897000433602       -4.11825802460349     
   1.39897000433602       -3.84064685873928     
   1.44897000433602       -4.15215088923838     
   1.49897000433602       -4.80186305201016     
   1.54897000433602       -4.62970458521773     
   1.59897000433602       -4.17097488668636     
   1.64897000433602       -4.31039304816337     
   1.69897000433602       -4.34792569318035     
   1.74897000433602       -5.45058612091905     
   1.79897000433602       -5.11785994293163     
   1.84897000433602       -5.19842818501817     
   1.89897000433602       -5.01958528496197     
   1.94897000433602       -5.25619650524680     
   1.99897000433602       -5.17711909452605     
   2.04897000433602       -6.05803613633777     
   2.09897000433602       -5.67242991207396     
   2.14897000433602       -5.92078056571180     
   2.19897000433602       -6.26593361733773     
   2.24897000433602       -6.47756351754461     
   2.29897000433602       -6.30876272427524     
   2.34897000433602       -6.64015324905816     
   2.39897000433602       -6.50445454934195     
   2.44897000433602       -6.77109857119158     
   2.49897000433602       -6.80057982529040     
   2.54897000433602       -7.13006656497593     
   2.59897000433602       -7.34725230132885     
   2.64897000433602       -7.32438383998000     
   2.69897000433602       -7.42824851840062     
   2.74897000433602       -7.70829159741750     
   2.79897000433602       -7.89230824783831     
   2.84897000433602       -8.07660407903333     
   2.89897000433602       -8.32073580839268     
   2.94897000433602       -8.46459490722549     
   2.99897000433602       -8.67175180076159     
   3.04897000433602       -8.80644207419799     
   3.09897000433602       -8.96376682565128     
   3.14897000433602       -9.18713084602218     
   3.19897000433602       -9.34630106326352     
   3.24897000433602       -9.56492186026363     
   3.29897000433602       -9.70903485672401     
   3.34897000433602       -9.95211067365335     
   3.39897000433602       -10.1043706290674     
   3.44897000433602       -10.3122498863579     
   3.49897000433602       -10.4877128309713     
   3.54897000433602       -10.6855857893146     
   3.59897000433602       -10.8912817709464     
   3.64897000433602       -11.0815033070118     
   3.69897000433602       -11.2637046422450     
   3.74897000433602       -11.4623999254683     
   3.79897000433602       -11.6698363436215     
   3.84897000433602       -11.8769005076754     
   3.89897000433602       -12.0674560770943     
   3.94897000433602       -12.2640453625767     
   3.99897000433602       -12.4620831064593     
   4.04897000433602       -12.6676371011019     
   4.09897000433602       -12.8624786626842     
   4.14897000433602       -13.0642571860616     
   4.19897000433602       -13.2656922117889     
 zone T = "ep =   6.309573444801933E-002 ",
  0.698970004336019       -2.53289770085692     
  0.748970004336019       -3.47986089193751     
  0.798970004336019       -3.48627811098508     
  0.848970004336019       -3.35797592731624     
  0.898970004336019       -3.20090874599050     
  0.948970004336019       -3.06474185465262     
  0.998970004336019       -2.95523566292984     
   1.04897000433602       -3.79125288455925     
   1.09897000433602       -3.62591488217710     
   1.14897000433602       -3.40973478124678     
   1.19897000433602       -4.26725429691069     
   1.24897000433602       -3.85269690510449     
   1.29897000433602       -3.56098519481495     
   1.34897000433602       -4.12400992712314     
   1.39897000433602       -3.90500001730261     
   1.44897000433602       -4.15954485852666     
   1.49897000433602       -4.71874931015497     
   1.54897000433602       -4.80039123177015     
   1.59897000433602       -4.17901348215648     
   1.64897000433602       -4.30776188960458     
   1.69897000433602       -4.34316779383143     
   1.74897000433602       -5.57178365635942     
   1.79897000433602       -5.03439130774934     
   1.84897000433602       -5.28766081240604     
   1.89897000433602       -4.95741040211835     
   1.94897000433602       -5.17504604212984     
   1.99897000433602       -5.10786931423380     
   2.04897000433602       -6.08770888622540     
   2.09897000433602       -5.65665834637615     
   2.14897000433602       -5.92061385847206     
   2.19897000433602       -6.18450114660633     
   2.24897000433602       -6.46652351822547     
   2.29897000433602       -6.19640006274831     
   2.34897000433602       -6.55742265436727     
   2.39897000433602       -6.41182911437961     
   2.44897000433602       -6.69750032441585     
   2.49897000433602       -6.68506445196988     
   2.54897000433602       -7.01395246461574     
   2.59897000433602       -7.26900501215463     
   2.64897000433602       -7.19358928397381     
   2.69897000433602       -7.27365878198124     
   2.74897000433602       -7.57539196005666     
   2.79897000433602       -7.74489968984209     
   2.84897000433602       -7.93697908301532     
   2.89897000433602       -8.19180041712317     
   2.94897000433602       -8.31578038910470     
   2.99897000433602       -8.53120307787903     
   3.04897000433602       -8.64594225011658     
   3.09897000433602       -8.79700141956778     
   3.14897000433602       -9.02360990785082     
   3.19897000433602       -9.17538786770564     
   3.24897000433602       -9.39709332920921     
   3.29897000433602       -9.52870312457622     
   3.34897000433602       -9.78232795167397     
   3.39897000433602       -9.92296994812705     
   3.44897000433602       -10.1329223988366     
   3.49897000433602       -10.3016934281544     
   3.54897000433602       -10.4990504308839     
   3.59897000433602       -10.7065772856799     
   3.64897000433602       -10.8942590519991     
   3.69897000433602       -11.0718238035368     
   3.74897000433602       -11.2701326829813     
   3.79897000433602       -11.4792741051015     
   3.84897000433602       -11.6881632445430     
   3.89897000433602       -11.8759826613437     
   3.94897000433602       -12.0714907493745     
   3.99897000433602       -12.2684905224423     
   4.04897000433602       -12.4746294543772     
   4.09897000433602       -12.6670915857998     
   4.14897000433602       -12.8673499225367     
   4.19897000433602       -13.0655683480958     
 zone T = "ep =   5.011872336272723E-002 ",
  0.698970004336019       -2.55452254726790     
  0.748970004336019       -3.50938824193977     
  0.798970004336019       -3.54307034107683     
  0.848970004336019       -3.40247693338674     
  0.898970004336019       -3.23477846051584     
  0.948970004336019       -3.09243474702573     
  0.998970004336019       -2.97929390096507     
   1.04897000433602       -3.81802535583539     
   1.09897000433602       -3.67187735330846     
   1.14897000433602       -3.44648477515632     
   1.19897000433602       -4.21614706285342     
   1.24897000433602       -3.89391449238328     
   1.29897000433602       -3.59796411271683     
   1.34897000433602       -4.14941238371752     
   1.39897000433602       -3.98425717990878     
   1.44897000433602       -4.18479689645738     
   1.49897000433602       -4.66734667537084     
   1.54897000433602       -5.00987263456119     
   1.59897000433602       -4.20224313750105     
   1.64897000433602       -4.32283432771979     
   1.69897000433602       -4.35584089012941     
   1.74897000433602       -5.61166980748518     
   1.79897000433602       -4.97577035981530     
   1.84897000433602       -5.42474114667883     
   1.89897000433602       -4.91716851137980     
   1.94897000433602       -5.11420916291557     
   1.99897000433602       -5.05865138375945     
   2.04897000433602       -6.07641911696273     
   2.09897000433602       -5.67640116736873     
   2.14897000433602       -5.96002363466138     
   2.19897000433602       -6.08859175927099     
   2.24897000433602       -6.44704176209152     
   2.29897000433602       -6.08783317454718     
   2.34897000433602       -6.46710879240553     
   2.39897000433602       -6.34002303862888     
   2.44897000433602       -6.64986047373593     
   2.49897000433602       -6.58554971416967     
   2.54897000433602       -6.90042130940133     
   2.59897000433602       -7.21408182604499     
   2.64897000433602       -7.07625982608231     
   2.69897000433602       -7.12678453283406     
   2.74897000433602       -7.45618286721402     
   2.79897000433602       -7.60319711441721     
   2.84897000433602       -7.80993382268949     
   2.89897000433602       -8.07755452482545     
   2.94897000433602       -8.17396205697995     
   2.99897000433602       -8.40296140748590     
   3.04897000433602       -8.49125435443062     
   3.09897000433602       -8.63688761439719     
   3.14897000433602       -8.86605369204579     
   3.19897000433602       -9.01029487667637     
   3.24897000433602       -9.23490799001203     
   3.29897000433602       -9.35192835378257     
   3.34897000433602       -9.61847414062833     
   3.39897000433602       -9.74496958454737     
   3.44897000433602       -9.95756968477444     
   3.49897000433602       -10.1177635278877     
   3.54897000433602       -10.3145106151340     
   3.59897000433602       -10.5245631597990     
   3.64897000433602       -10.7090793121217     
   3.69897000433602       -10.8808364862845     
   3.74897000433602       -11.0786960591311     
   3.79897000433602       -11.2899556986813     
   3.84897000433602       -11.5012734163242     
   3.89897000433602       -11.6857053366179     
   3.94897000433602       -11.8800697761930     
   3.99897000433602       -12.0760081201562     
   4.04897000433602       -12.2832330322267     
   4.09897000433602       -12.4732248331973     
   4.14897000433602       -12.6725578821295     
   4.19897000433602       -12.8685116158591     
 zone T = "ep =   3.981071705534973E-002 ",
  0.698970004336019       -2.57321047801095     
  0.748970004336019       -3.55361502663726     
  0.798970004336019       -3.60264917472947     
  0.848970004336019       -3.44526546476625     
  0.898970004336019       -3.26611852642614     
  0.948970004336019       -3.11756527291718     
  0.998970004336019       -3.00086461637642     
   1.04897000433602       -3.85963575301099     
   1.09897000433602       -3.72071378766443     
   1.14897000433602       -3.48248697081385     
   1.19897000433602       -4.19474008017688     
   1.24897000433602       -3.94225329370719     
   1.29897000433602       -3.63579159440214     
   1.34897000433602       -4.18964158578130     
   1.39897000433602       -4.07778661309455     
   1.44897000433602       -4.22351881841575     
   1.49897000433602       -4.64789469046594     
   1.54897000433602       -5.23305781251183     
   1.59897000433602       -4.23721844534236     
   1.64897000433602       -4.35235252711410     
   1.69897000433602       -4.38305778777930     
   1.74897000433602       -5.55584084375468     
   1.79897000433602       -4.94498712389989     
   1.84897000433602       -5.60581981776068     
   1.89897000433602       -4.89965378862270     
   1.94897000433602       -5.07682176620476     
   1.99897000433602       -5.03080013445157     
   2.04897000433602       -6.00745774452528     
   2.09897000433602       -5.73748443687471     
   2.14897000433602       -6.04432711372550     
   2.19897000433602       -5.98607328644646     
   2.24897000433602       -6.39717334177114     
   2.29897000433602       -5.98740349401835     
   2.34897000433602       -6.36754502916000     
   2.39897000433602       -6.29336142448502     
   2.44897000433602       -6.63348403151430     
   2.49897000433602       -6.50529409642785     
   2.54897000433602       -6.78797448536669     
   2.59897000433602       -7.18445115821897     
   2.64897000433602       -6.97517833894126     
   2.69897000433602       -6.98898747292732     
   2.74897000433602       -7.35361986480557     
   2.79897000433602       -7.46707248416581     
   2.84897000433602       -7.69826155042239     
   2.89897000433602       -7.98068154701281     
   2.94897000433602       -8.03899854878536     
   2.99897000433602       -8.28940067495575     
   3.04897000433602       -8.34271418845547     
   3.09897000433602       -8.48503266839547     
   3.14897000433602       -8.71510038712794     
   3.19897000433602       -8.85250660692083     
   3.24897000433602       -9.07925580534096     
   3.29897000433602       -9.17968399958819     
   3.34897000433602       -9.46190018589308     
   3.39897000433602       -9.57135519490654     
   3.44897000433602       -9.78734096784974     
   3.49897000433602       -9.93650832346201     
   3.54897000433602       -10.1325404620146     
   3.59897000433602       -10.3460987599549     
   3.64897000433602       -10.5266698755772     
   3.69897000433602       -10.6911489773979     
   3.74897000433602       -10.8884770180105     
   3.79897000433602       -11.1023193950935     
   3.84897000433602       -11.3168463880348     
   3.89897000433602       -11.4970104161653     
   3.94897000433602       -11.6901052824973     
   3.99897000433602       -11.8848638037655     
   4.04897000433602       -12.0936726615884     
   4.09897000433602       -12.2807983048047     
   4.14897000433602       -12.4795861904421     
   4.19897000433602       -12.6736112527833     
 zone T = "ep =   3.162277660168379E-002 ",
  0.698970004336019       -2.58912832886850     
  0.748970004336019       -3.60911718020777     
  0.798970004336019       -3.66259459369734     
  0.848970004336019       -3.48505631191642     
  0.898970004336019       -3.29430431209825     
  0.948970004336019       -3.13980176110277     
  0.998970004336019       -3.01976393810817     
   1.04897000433602       -3.91235530734126     
   1.09897000433602       -3.77005861142809     
   1.14897000433602       -3.51645486299396     
   1.19897000433602       -4.19847832065934     
   1.24897000433602       -3.99453025849609     
   1.29897000433602       -3.67271351332106     
   1.34897000433602       -4.24039088964509     
   1.39897000433602       -4.18602088894828     
   1.44897000433602       -4.27163702727483     
   1.49897000433602       -4.65583823155799     
   1.54897000433602       -5.40030547358058     
   1.59897000433602       -4.28045619184510     
   1.64897000433602       -4.39272451867744     
   1.69897000433602       -4.42145840866954     
   1.74897000433602       -5.46596774674035     
   1.79897000433602       -4.94065636966173     
   1.84897000433602       -5.80504777147732     
   1.89897000433602       -4.90362464830468     
   1.94897000433602       -5.06333473372274     
   1.99897000433602       -5.02416031331526     
   2.04897000433602       -5.90740639117286     
   2.09897000433602       -5.84496337240997     
   2.14897000433602       -6.17377787081171     
   2.19897000433602       -5.89048372982482     
   2.24897000433602       -6.31142341981433     
   2.29897000433602       -5.90073645233024     
   2.34897000433602       -6.26424028161562     
   2.39897000433602       -6.27691512220503     
   2.44897000433602       -6.65406211087900     
   2.49897000433602       -6.44819494865407     
   2.54897000433602       -6.67704523628355     
   2.59897000433602       -7.17872171109864     
   2.64897000433602       -6.89368638947870     
   2.69897000433602       -6.86181875300288     
   2.74897000433602       -7.27123368272541     
   2.79897000433602       -7.33648349477680     
   2.84897000433602       -7.60526739296437     
   2.89897000433602       -7.90370447005328     
   2.94897000433602       -7.91014428907872     
   2.99897000433602       -8.19286344782072     
   3.04897000433602       -8.20032150534096     
   3.09897000433602       -8.34330384457544     
   3.14897000433602       -8.57106524052866     
   3.19897000433602       -8.70375613359511     
   3.24897000433602       -8.93084107034252     
   3.29897000433602       -9.01308253049922     
   3.34897000433602       -9.31403501999396     
   3.39897000433602       -9.40327300131859     
   3.44897000433602       -9.62359266524923     
   3.49897000433602       -9.75854355462068     
   3.54897000433602       -9.95374490283322     
   3.59897000433602       -10.1721978166844     
   3.64897000433602       -10.3478564582051     
   3.69897000433602       -10.5032140443366     
   3.74897000433602       -10.6999083212677     
   3.79897000433602       -10.9168440771449     
   3.84897000433602       -11.1355993690810     
   3.89897000433602       -11.3103204849331     
   3.94897000433602       -11.5019997872771     
   3.99897000433602       -11.6953426241269     
   4.04897000433602       -11.9061859035126     
   4.09897000433602       -12.0898053595872     
   4.14897000433602       -12.2881589980429     
   4.19897000433602       -12.4801538185179     
 zone T = "ep =   2.511886431509579E-002 ",
  0.698970004336019       -2.60252055202330     
  0.748970004336019       -3.67311561220361     
  0.798970004336019       -3.72101061484647     
  0.848970004336019       -3.52107298427119     
  0.898970004336019       -3.31907697452523     
  0.948970004336019       -3.15907975621278     
  0.998970004336019       -3.03601603021028     
   1.04897000433602       -3.97313709787849     
   1.09897000433602       -3.81809720568381     
   1.14897000433602       -3.54756594234350     
   1.19897000433602       -4.22246681347427     
   1.24897000433602       -4.04817109152031     
   1.29897000433602       -3.70748709419714     
   1.34897000433602       -4.29801269483377     
   1.39897000433602       -4.31059393369572     
   1.44897000433602       -4.32562978902152     
   1.49897000433602       -4.68567311417885     
   1.54897000433602       -5.43496589996046     
   1.59897000433602       -4.32878135550337     
   1.64897000433602       -4.44049342194800     
   1.69897000433602       -4.46768186437269     
   1.74897000433602       -5.39231937061780     
   1.79897000433602       -4.95907725474740     
   1.84897000433602       -5.95296777594711     
   1.89897000433602       -4.92631799596965     
   1.94897000433602       -5.07193391836486     
   1.99897000433602       -5.03706624019120     
   2.04897000433602       -5.81417200192071     
   2.09897000433602       -6.00082679520178     
   2.14897000433602       -6.33197004629582     
   2.19897000433602       -5.81394862440135     
   2.24897000433602       -6.20881033418912     
   2.29897000433602       -5.83317968287589     
   2.34897000433602       -6.16766802051268     
   2.39897000433602       -6.29635572160713     
   2.44897000433602       -6.71619759767590     
   2.49897000433602       -6.41881206706111     
   2.54897000433602       -6.57078374359416     
   2.59897000433602       -7.18767121707441     
   2.64897000433602       -6.83581660975277     
   2.69897000433602       -6.74707827859574     
   2.74897000433602       -7.21326974288896     
   2.79897000433602       -7.21187609211820     
   2.84897000433602       -7.53487816905597     
   2.89897000433602       -7.84827913668408     
   2.94897000433602       -7.78615490946540     
   2.99897000433602       -8.11522316947485     
   3.04897000433602       -8.06374282412844     
   3.09897000433602       -8.21388420605885     
   3.14897000433602       -8.43379898061613     
   3.19897000433602       -8.56607360789023     
   3.24897000433602       -8.79001547423600     
   3.29897000433602       -8.85339724554252     
   3.34897000433602       -9.17628432514169     
   3.39897000433602       -9.24205994719199     
   3.44897000433602       -9.46793041469139     
   3.49897000433602       -9.58450552007911     
   3.54897000433602       -9.77874952260305     
   3.59897000433602       -10.0040665377189     
