 zone T = "ep =    1.00000000000000      ",
  0.698970004336019       -2.58946155486286     
  0.748970004336019       -2.77757806221608     
  0.798970004336019       -2.90842557295478     
  0.848970004336019       -3.04974486724498     
  0.898970004336019       -2.89709340257428     
  0.948970004336019       -2.83773680273764     
  0.998970004336019       -2.81392792444314     
   1.04897000433602       -2.86784388002138     
   1.09897000433602       -2.91126521795333     
   1.14897000433602       -2.96112792713358     
   1.19897000433602       -3.02850304231658     
   1.24897000433602       -3.10119798632176     
   1.29897000433602       -3.17070656119244     
   1.34897000433602       -3.25624847913232     
   1.39897000433602       -3.33203253501124     
   1.44897000433602       -3.41863807250287     
   1.49897000433602       -3.47311423790072     
   1.54897000433602       -3.52769507467571     
   1.59897000433602       -3.58967317480804     
   1.64897000433602       -3.65761847208668     
   1.69897000433602       -3.69508164719870     
   1.74897000433602       -3.78086324664917     
   1.79897000433602       -3.84588012163707     
   1.84897000433602       -3.90383667528932     
   1.89897000433602       -3.96538068896918     
   1.94897000433602       -4.02731790543830     
   1.99897000433602       -4.08700535746812     
   2.04897000433602       -4.14946218540557     
   2.09897000433602       -4.20802006332882     
   2.14897000433602       -4.26859388284307     
   2.19897000433602       -4.32905132754375     
   2.24897000433602       -4.38809509101324     
   2.29897000433602       -4.44615353528066     
   2.34897000433602       -4.50431621225952     
   2.39897000433602       -4.56098922666897     
   2.44897000433602       -4.61836820825571     
   2.49897000433602       -4.67432162621302     
   2.54897000433602       -4.73070089148223     
   2.59897000433602       -4.78639692422351     
   2.64897000433602       -4.84079187484672     
   2.69897000433602       -4.89504538623908     
   2.74897000433602       -4.94956552595019     
   2.79897000433602       -5.00313730776483     
   2.84897000433602       -5.05667506825441     
   2.89897000433602       -5.10980529925779     
   2.94897000433602       -5.16233602585385     
   2.99897000433602       -5.21492993356202     
   3.04897000433602       -5.26694882455073     
   3.09897000433602       -5.31896994724650     
   3.14897000433602       -5.37072801609405     
   3.19897000433602       -5.42234482213135     
   3.24897000433602       -5.47374898357290     
   3.29897000433602       -5.52497926597830     
   3.34897000433602       -5.57619260000361     
   3.39897000433602       -5.62716888473803     
   3.44897000433602       -5.67810996558270     
   3.49897000433602       -5.72884231451042     
   3.54897000433602       -5.77957522608486     
   3.59897000433602       -5.83027990748738     
   3.64897000433602       -5.88084504246390     
   3.69897000433602       -5.93131097227473     
   3.74897000433602       -5.98177901078197     
   3.79897000433602       -6.03220252385789     
   3.84897000433602       -6.08260215458264     
   3.89897000433602       -6.13290188375890     
   3.94897000433602       -6.18320868169370     
   3.99897000433602       -6.23346633450868     
   4.04897000433602       -6.28369798843384     
   4.09897000433602       -6.33389348408989     
   4.14897000433602       -6.38409005986932     
   4.19897000433602       -6.43425034527150     
 zone T = "ep =   0.794328234724281      ",
  0.698970004336019       -2.33416940938136     
  0.748970004336019       -2.46633818573350     
  0.798970004336019       -2.55144592836842     
  0.848970004336019       -2.64041581878693     
  0.898970004336019       -2.73855770789762     
  0.948970004336019       -2.83453184180534     
  0.998970004336019       -2.79226433482926     
   1.04897000433602       -2.84670830740979     
   1.09897000433602       -2.88268683006767     
   1.14897000433602       -2.92288661578668     
   1.19897000433602       -2.98720766970327     
   1.24897000433602       -3.06230074740119     
   1.29897000433602       -3.12719023092645     
   1.34897000433602       -3.21567654503532     
   1.39897000433602       -3.28908789871081     
   1.44897000433602       -3.37814483475825     
   1.49897000433602       -3.46265608451469     
   1.54897000433602       -3.54406442861150     
   1.59897000433602       -3.60168277085049     
   1.64897000433602       -3.66401762448467     
   1.69897000433602       -3.70530460061963     
   1.74897000433602       -3.80091048740264     
   1.79897000433602       -3.86595789323106     
   1.84897000433602       -3.92454565399318     
   1.89897000433602       -3.99075844785320     
   1.94897000433602       -4.05347945367251     
   1.99897000433602       -4.11533859020756     
   2.04897000433602       -4.18049376478764     
   2.09897000433602       -4.24251675626658     
   2.14897000433602       -4.30502642851564     
   2.19897000433602       -4.36805326283436     
   2.24897000433602       -4.42988137389569     
   2.29897000433602       -4.49055620476875     
   2.34897000433602       -4.55203960664102     
   2.39897000433602       -4.61116967349291     
   2.44897000433602       -4.67141006752883     
   2.49897000433602       -4.73007342521202     
   2.54897000433602       -4.78892959430073     
   2.59897000433602       -4.84705442392642     
   2.64897000433602       -4.90377176242471     
   2.69897000433602       -4.96016793277459     
   2.74897000433602       -5.01673097950654     
   2.79897000433602       -5.07217906058919     
   2.84897000433602       -5.12744880045050     
   2.89897000433602       -5.18214979207421     
   2.94897000433602       -5.23613516747494     
   2.99897000433602       -5.29002419525868     
   3.04897000433602       -5.34323911660225     
   3.09897000433602       -5.39632225498495     
   3.14897000433602       -5.44905649113347     
   3.19897000433602       -5.50154484595399     
   3.24897000433602       -5.55373713623634     
   3.29897000433602       -5.60567217477956     
   3.34897000433602       -5.65752054057572     
   3.39897000433602       -5.70906335885634     
   3.44897000433602       -5.76051349591270     
   3.49897000433602       -5.81170132235048     
   3.54897000433602       -5.86284074911406     
   3.59897000433602       -5.91390849484816     
   3.64897000433602       -5.96479840538993     
   3.69897000433602       -6.01555460488902     
   3.74897000433602       -6.06628126639854     
   3.79897000433602       -6.11693619178823     
   3.84897000433602       -6.16754171427995     
   3.89897000433602       -6.21802550499103     
   3.94897000433602       -6.26849621062080     
   3.99897000433602       -6.31890023590178     
   4.04897000433602       -6.36926249893934     
   4.09897000433602       -6.41957449463006     
   4.14897000433602       -6.46987463649677     
   4.19897000433602       -6.52012747472098     
 zone T = "ep =   0.630957344480193      ",
  0.698970004336019       -2.18362118501310     
  0.748970004336019       -2.28901376238844     
  0.798970004336019       -2.35268018367942     
  0.848970004336019       -2.42175407730102     
  0.898970004336019       -2.49727912049608     
  0.948970004336019       -2.57033245229118     
  0.998970004336019       -2.62999066269091     
   1.04897000433602       -2.77940932831382     
   1.09897000433602       -2.82256222680787     
   1.14897000433602       -2.85491648673187     
   1.19897000433602       -2.91916505570534     
   1.24897000433602       -2.99822618835768     
   1.29897000433602       -3.06039003346311     
   1.34897000433602       -3.15640400304834     
   1.39897000433602       -3.22986760659433     
   1.44897000433602       -3.32429282084136     
   1.49897000433602       -3.40995324610253     
   1.54897000433602       -3.49202069557434     
   1.59897000433602       -3.57791931919536     
   1.64897000433602       -3.66537976740358     
   1.69897000433602       -3.70490376335917     
   1.74897000433602       -3.79710931529938     
   1.79897000433602       -3.86630650177405     
   1.84897000433602       -3.93457370714917     
   1.89897000433602       -4.00079770297112     
   1.94897000433602       -4.06549008478529     
   1.99897000433602       -4.13146622515476     
   2.04897000433602       -4.19809945876026     
   2.09897000433602       -4.26246938307439     
   2.14897000433602       -4.32733340219009     
   2.19897000433602       -4.39400558610626     
   2.24897000433602       -4.45886574474062     
   2.29897000433602       -4.52216008068628     
   2.34897000433602       -4.58668983936167     
   2.39897000433602       -4.64937689560123     
   2.44897000433602       -4.71256947691227     
   2.49897000433602       -4.77464819665350     
   2.54897000433602       -4.83676408990915     
   2.59897000433602       -4.89810941630330     
   2.64897000433602       -4.95798580625539     
   2.69897000433602       -5.01729401110110     
   2.74897000433602       -5.07673334062422     
   2.79897000433602       -5.13490893190468     
   2.84897000433602       -5.19269879836696     
   2.89897000433602       -5.24975444232888     
   2.94897000433602       -5.30591936936090     
   2.99897000433602       -5.36185497944678     
   3.04897000433602       -5.41689743493229     
   3.09897000433602       -5.47167986594207     
   3.14897000433602       -5.52595979392408     
   3.19897000433602       -5.57984664423750     
   3.24897000433602       -5.63330336361680     
   3.29897000433602       -5.68638017523205     
   3.34897000433602       -5.73926081529954     
   3.39897000433602       -5.79172845673353     
   3.44897000433602       -5.84401142141488     
   3.49897000433602       -5.89594365153335     
   3.54897000433602       -5.94775213134585     
   3.59897000433602       -5.99941872299260     
   3.64897000433602       -6.05084416031529     
   3.69897000433602       -6.10207843277209     
   3.74897000433602       -6.15323244904328     
   3.79897000433602       -6.20426929597687     
   3.84897000433602       -6.25521577222197     
   3.89897000433602       -6.30600384156354     
   3.94897000433602       -6.35674580189813     
   3.99897000433602       -6.40739194589348     
   4.04897000433602       -6.45797016830243     
   4.09897000433602       -6.50847470535105     
   4.14897000433602       -6.55894660913926     
   4.19897000433602       -6.60935255525024     
 zone T = "ep =   0.501187233627272      ",
  0.698970004336019       -2.08131337959932     
  0.748970004336019       -2.16692561927500     
  0.798970004336019       -2.21589521614976     
  0.848970004336019       -2.27302523254228     
  0.898970004336019       -2.33577657523620     
  0.948970004336019       -2.39626185694809     
  0.998970004336019       -2.44684997199380     
   1.04897000433602       -2.56937819143301     
   1.09897000433602       -2.66531364952003     
   1.14897000433602       -2.75514433278806     
   1.19897000433602       -2.82659606023254     
   1.24897000433602       -2.90707339259047     
   1.29897000433602       -2.96754337453191     
   1.34897000433602       -3.07152914842636     
   1.39897000433602       -3.14654675976806     
   1.44897000433602       -3.24937417468151     
   1.49897000433602       -3.33963410264642     
   1.54897000433602       -3.42570075977563     
   1.59897000433602       -3.51585577065392     
   1.64897000433602       -3.60629856065544     
   1.69897000433602       -3.66915310281721     
   1.74897000433602       -3.78527009646659     
   1.79897000433602       -3.85550593222512     
   1.84897000433602       -3.92125356128786     
   1.89897000433602       -3.99209236237368     
   1.94897000433602       -4.06551156502253     
   1.99897000433602       -4.13163710766031     
   2.04897000433602       -4.20086358995222     
   2.09897000433602       -4.26882751616623     
   2.14897000433602       -4.33545261520830     
   2.19897000433602       -4.40504943206186     
   2.24897000433602       -4.47151071047418     
   2.29897000433602       -4.53831844275495     
   2.34897000433602       -4.60628229377723     
   2.39897000433602       -4.67180434620917     
   2.44897000433602       -4.73873146338856     
   2.49897000433602       -4.80391537996551     
   2.54897000433602       -4.86975586778146     
   2.59897000433602       -4.93487131230467     
   2.64897000433602       -4.99843030612858     
   2.69897000433602       -5.06143787218157     
   2.74897000433602       -5.12449592224436     
   2.79897000433602       -5.18620175451802     
   2.84897000433602       -5.24739745853688     
   2.89897000433602       -5.30777509075636     
   2.94897000433602       -5.36701583856952     
   2.99897000433602       -5.42587100066570     
   3.04897000433602       -5.48362350509342     
   3.09897000433602       -5.54093109191248     
   3.14897000433602       -5.59755406868569     
   3.19897000433602       -5.65359157930178     
   3.24897000433602       -5.70902634695801     
   3.29897000433602       -5.76389332638432     
   3.34897000433602       -5.81841115220631     
   3.39897000433602       -5.87235610981869     
   3.44897000433602       -5.92597808934716     
   3.49897000433602       -5.97911693238766     
   3.54897000433602       -6.03201153412812     
   3.59897000433602       -6.08465564410448     
   3.64897000433602       -6.13695582599831     
   3.69897000433602       -6.18897439939320     
   3.74897000433602       -6.24083165907363     
   3.79897000433602       -6.29249745512163     
   3.84897000433602       -6.34400637577171     
   3.89897000433602       -6.39529594152586     
   3.94897000433602       -6.44648617764787     
   3.99897000433602       -6.49753230388389     
   4.04897000433602       -6.54846770243886     
   4.09897000433602       -6.59929064491723     
   4.14897000433602       -6.65004655732328     
   4.19897000433602       -6.70070575137936     
 zone T = "ep =   0.398107170553497      ",
  0.698970004336019       -2.00728431498627     
  0.748970004336019       -2.07551259720381     
  0.798970004336019       -2.11373748268532     
  0.848970004336019       -2.16303486298178     
  0.898970004336019       -2.21735681545541     
  0.948970004336019       -2.26934191920736     
  0.998970004336019       -2.31326282849912     
   1.04897000433602       -2.41589480204453     
   1.09897000433602       -2.49558200258436     
   1.14897000433602       -2.57278524286824     
   1.19897000433602       -2.67798674762870     
   1.24897000433602       -2.79444648516563     
   1.29897000433602       -2.85579463779887     
   1.34897000433602       -2.96361498580367     
   1.39897000433602       -3.03970407557747     
   1.44897000433602       -3.14964453089364     
   1.49897000433602       -3.24564548329285     
   1.54897000433602       -3.33732894584935     
   1.59897000433602       -3.43433654700194     
   1.64897000433602       -3.53129851300074     
   1.69897000433602       -3.59773676512989     
   1.74897000433602       -3.71980449423028     
   1.79897000433602       -3.81180590751374     
   1.84897000433602       -3.89799957601726     
   1.89897000433602       -3.97131688646987     
   1.94897000433602       -4.04355957939742     
   1.99897000433602       -4.11435264961016     
   2.04897000433602       -4.19142624614359     
   2.09897000433602       -4.25970124923349     
   2.14897000433602       -4.32905729450285     
   2.19897000433602       -4.40179468676074     
   2.24897000433602       -4.47005985734508     
   2.29897000433602       -4.53978100828884     
   2.34897000433602       -4.60901589392196     
   2.39897000433602       -4.67773529759220     
   2.44897000433602       -4.74791695781420     
   2.49897000433602       -4.81656810426976     
   2.54897000433602       -4.88582944690369     
   2.59897000433602       -4.95434704696892     
   2.64897000433602       -5.02165971638106     
   2.69897000433602       -5.08865033115639     
   2.74897000433602       -5.15583456486409     
   2.79897000433602       -5.22160153268790     
   2.84897000433602       -5.28692586879664     
   2.89897000433602       -5.35128912019493     
   2.94897000433602       -5.41446595165443     
   2.99897000433602       -5.47711091258267     
   3.04897000433602       -5.53851433443985     
   3.09897000433602       -5.59929802998347     
   3.14897000433602       -5.65920714308351     
   3.19897000433602       -5.71832767365928     
   3.24897000433602       -5.77664154360151     
   3.29897000433602       -5.83417717427709     
   3.34897000433602       -5.89117155150864     
   3.39897000433602       -5.94737817225609     
   3.44897000433602       -6.00307454740842     
   3.49897000433602       -6.05809999927273     
   3.54897000433602       -6.11271049323066     
   3.59897000433602       -6.16691036133133     
   3.64897000433602       -6.22061457634968     
   3.69897000433602       -6.27389803996365     
   3.74897000433602       -6.32689401767137     
   3.79897000433602       -6.37958342423624     
   3.84897000433602       -6.43201016052942     
   3.89897000433602       -6.48412085473067     
   3.94897000433602       -6.53604646965312     
   3.99897000433602       -6.58775004103683     
   4.04897000433602       -6.63927299632255     
   4.09897000433602       -6.69062026477448     
   4.14897000433602       -6.74184447044697     
   4.19897000433602       -6.79292133723754     
 zone T = "ep =   0.316227766016838      ",
  0.698970004336019       -1.95189908763717     
  0.748970004336019       -2.00369307951210     
  0.798970004336019       -2.03431362501656     
  0.848970004336019       -2.07856067133443     
  0.898970004336019       -2.12711533594654     
  0.948970004336019       -2.17296671813179     
  0.998970004336019       -2.21165694264760     
   1.04897000433602       -2.29742944353574     
   1.09897000433602       -2.36449947472398     
   1.14897000433602       -2.43195685061937     
   1.19897000433602       -2.52527497418403     
   1.24897000433602       -2.62562928197830     
   1.29897000433602       -2.71069714033518     
   1.34897000433602       -2.84246537239479     
   1.39897000433602       -2.91826524250735     
   1.44897000433602       -3.03043479551196     
   1.49897000433602       -3.13019633565340     
   1.54897000433602       -3.22626528462421     
   1.59897000433602       -3.32961699615704     
   1.64897000433602       -3.43407550488659     
   1.69897000433602       -3.50489163408082     
   1.74897000433602       -3.63745877748582     
   1.79897000433602       -3.73608781676520     
   1.84897000433602       -3.82730808380146     
   1.89897000433602       -3.92000698945527     
   1.94897000433602       -4.01076846477914     
   1.99897000433602       -4.08477199153647     
   2.04897000433602       -4.16176227577122     
   2.09897000433602       -4.23464178044175     
   2.14897000433602       -4.31099525701865     
   2.19897000433602       -4.38419765997903     
   2.24897000433602       -4.45506637134849     
   2.29897000433602       -4.52744570991935     
   2.34897000433602       -4.59834883364932     
   2.39897000433602       -4.66971946324181     
   2.44897000433602       -4.74109502937978     
   2.49897000433602       -4.81240789210119     
   2.54897000433602       -4.88484094671425     
   2.59897000433602       -4.95663431126166     
   2.64897000433602       -5.02709417869647     
   2.69897000433602       -5.09755718984848     
   2.74897000433602       -5.16863979659402     
   2.79897000433602       -5.23841970434430     
   2.84897000433602       -5.30790344068832     
   2.89897000433602       -5.37662870649530     
   2.94897000433602       -5.44418958406606     
   2.99897000433602       -5.51123740768034     
   3.04897000433602       -5.57695705656645     
   3.09897000433602       -5.64201067398817     
   3.14897000433602       -5.70609487327660     
   3.19897000433602       -5.76922355776511     
   3.24897000433602       -5.83138381237311     
   3.29897000433602       -5.89255996316591     
   3.34897000433602       -5.95301129120531     
   3.39897000433602       -6.01243454628539     
   3.44897000433602       -6.07114438286456     
   3.49897000433602       -6.12895637166933     
   3.54897000433602       -6.18614113740518     
   3.59897000433602       -6.24270548819975     
   3.64897000433602       -6.29857063781811     
   3.69897000433602       -6.35382160632409     
   3.74897000433602       -6.40860630541193     
   3.79897000433602       -6.46291663126835     
   3.84897000433602       -6.51680823892497     
   3.89897000433602       -6.57023709318294     
   3.94897000433602       -6.62334942363749     
   3.99897000433602       -6.67611853847960     
   4.04897000433602       -6.72859738106477     
   4.09897000433602       -6.78079998532903     
   4.14897000433602       -6.83278997052842     
   4.19897000433602       -6.88455105934641     
 zone T = "ep =   0.251188643150958      ",
  0.698970004336019       -1.90964309605315     
  0.748970004336019       -1.94543322825495     
  0.798970004336019       -1.97108316326434     
  0.848970004336019       -2.01230670473935     
  0.898970004336019       -2.05698375648706     
  0.948970004336019       -2.09838513388129     
  0.998970004336019       -2.13295543381123     
   1.04897000433602       -2.20380739676560     
   1.09897000433602       -2.26111436053663     
   1.14897000433602       -2.32084577982359     
   1.19897000433602       -2.40372585225031     
   1.24897000433602       -2.49030320754223     
   1.29897000433602       -2.56660602389649     
   1.34897000433602       -2.68365212760504     
   1.39897000433602       -2.77579974563068     
   1.44897000433602       -2.90301519459945     
   1.49897000433602       -3.00265052271884     
   1.54897000433602       -3.09972230911150     
   1.59897000433602       -3.20594716582826     
   1.64897000433602       -3.31556814558955     
   1.69897000433602       -3.38944904713966     
   1.74897000433602       -3.53333432639027     
   1.79897000433602       -3.64013339831162     
   1.84897000433602       -3.73890087399724     
   1.89897000433602       -3.83897269081030     
   1.94897000433602       -3.93590602264470     
   1.99897000433602       -4.02711122456649     
   2.04897000433602       -4.12073782350008     
   2.09897000433602       -4.19753091957938     
   2.14897000433602       -4.27468384144237     
   2.19897000433602       -4.35230929837111     
   2.24897000433602       -4.42936693647861     
   2.29897000433602       -4.50231787867042     
   2.34897000433602       -4.57554681075081     
   2.39897000433602       -4.64911817332645     
   2.44897000433602       -4.72190977675897     
   2.49897000433602       -4.79547398042818     
   2.54897000433602       -4.86891400413822     
   2.59897000433602       -4.94298531437611     
   2.64897000433602       -5.01618086774087     
   2.69897000433602       -5.08954076136022     
   2.74897000433602       -5.16353078457732     
   2.79897000433602       -5.23664844272573     
   2.84897000433602       -5.30988726448430     
   2.89897000433602       -5.38252232200579     
   2.94897000433602       -5.45424865893130     
   2.99897000433602       -5.52569098406055     
   3.04897000433602       -5.59594563170873     
   3.09897000433602       -5.66559384517661     
   3.14897000433602       -5.73431610994250     
   3.19897000433602       -5.80206347877966     
   3.24897000433602       -5.86881594697048     
   3.29897000433602       -5.93444726712118     
   3.34897000433602       -5.99924748781716     
   3.39897000433602       -6.06284647280943     
   3.44897000433602       -6.12554656031589     
   3.49897000433602       -6.18713765994884     
   3.54897000433602       -6.24789256115870     
   3.59897000433602       -6.30779966875159     
   3.64897000433602       -6.36677643562336     
   3.69897000433602       -6.42490936841341     
   3.74897000433602       -6.48235651808611     
   3.79897000433602       -6.53911172993158     
   3.84897000433602       -6.59524052757618     
   3.89897000433602       -6.65070634471225     
   3.94897000433602       -6.70567040568915     
   3.99897000433602       -6.76011711775270     
   4.04897000433602       -6.81411233316854     
   4.09897000433602       -6.86768132128413     
   4.14897000433602       -6.92090123575631     
   4.19897000433602       -6.97376660684603     
 zone T = "ep =   0.199526231496888      ",
  0.698970004336019       -1.87700729376121     
  0.748970004336019       -1.89700591197788     
  0.798970004336019       -1.91977594761828     
  0.848970004336019       -1.95946635844996     
  0.898970004336019       -2.00172468862356     
  0.948970004336019       -2.04002595575091     
  0.998970004336019       -2.07145356086549     
   1.04897000433602       -2.12895774498372     
   1.09897000433602       -2.17893148919690     
   1.14897000433602       -2.23260729852708     
   1.19897000433602       -2.30619460825169     
   1.24897000433602       -2.38125236531349     
   1.29897000433602       -2.44990193194053     
   1.34897000433602       -2.55334542233448     
   1.39897000433602       -2.63683119099134     
   1.44897000433602       -2.75128877685744     
   1.49897000433602       -2.86107079355882     
   1.54897000433602       -2.96881290362807     
   1.59897000433602       -3.07333551016217     
   1.64897000433602       -3.18374371266023     
   1.69897000433602       -3.25756461065690     
   1.74897000433602       -3.40957419086512     
   1.79897000433602       -3.52285398082689     
   1.84897000433602       -3.62910054460501     
   1.89897000433602       -3.73751513009926     
   1.94897000433602       -3.84282802630852     
   1.99897000433602       -3.94173570131190     
   2.04897000433602       -4.04222591958028     
   2.09897000433602       -4.13469620291938     
   2.14897000433602       -4.22680210316546     
   2.19897000433602       -4.30886598809522     
   2.24897000433602       -4.38738225074829     
   2.29897000433602       -4.46455365076712     
   2.34897000433602       -4.54321988425075     
   2.39897000433602       -4.61742853886016     
   2.44897000433602       -4.69221701451936     
   2.49897000433602       -4.76753747820764     
   2.54897000433602       -4.84208199686261     
   2.59897000433602       -4.91794747421871     
   2.64897000433602       -4.99186476378420     
   2.69897000433602       -5.06704622614202     
   2.74897000433602       -5.14332721199511     
   2.79897000433602       -5.21891425548416     
   2.84897000433602       -5.29468069566619     
   2.89897000433602       -5.37035035870760     
   2.94897000433602       -5.44553461106549     
   2.99897000433602       -5.52063854756777     
   3.04897000433602       -5.59490761499427     
   3.09897000433602       -5.66884453464149     
   3.14897000433602       -5.74206980433481     
   3.19897000433602       -5.81447191394860     
   3.24897000433602       -5.88599265294417     
   3.29897000433602       -5.95645651950237     
   3.34897000433602       -6.02612117393100     
   3.39897000433602       -6.09452347268641     
   3.44897000433602       -6.16197446268028     
   3.49897000433602       -6.22819069779250     
   3.54897000433602       -6.29342575577108     
   3.59897000433602       -6.35764122830095     
   3.64897000433602       -6.42072303738914     
   3.69897000433602       -6.48274418458901     
   3.74897000433602       -6.54385490152504     
   3.79897000433602       -6.60404323860734     
   3.84897000433602       -6.66336959163231     
   3.89897000433602       -6.72179525758782     
   3.94897000433602       -6.77949220749142     
   3.99897000433602       -6.83644959138266     
   4.04897000433602       -6.89274326839456     
   4.09897000433602       -6.94840759349178     
   4.14897000433602       -7.00353342370396     
   4.19897000433602       -7.05812613965644     
 zone T = "ep =   0.158489319246111      ",
  0.698970004336019       -1.85159911591866     
  0.748970004336019       -1.85584554774189     
  0.798970004336019       -1.87722813783106     
  0.848970004336019       -1.91649016009402     
  0.898970004336019       -1.95754115197956     
  0.948970004336019       -1.99392117669211     
  0.998970004336019       -2.02312705743905     
   1.04897000433602       -2.06864464737306     
   1.09897000433602       -2.11326614709511     
   1.14897000433602       -2.16231710860677     
   1.19897000433602       -2.22774513722644     
   1.24897000433602       -2.29363878319836     
   1.29897000433602       -2.35583503513862     
   1.34897000433602       -2.44707917088663     
   1.39897000433602       -2.52267148166987     
   1.44897000433602       -2.62458162057235     
   1.49897000433602       -2.72436591881586     
   1.54897000433602       -2.82389549051203     
   1.59897000433602       -2.93321493482442     
   1.64897000433602       -3.04951415190237     
   1.69897000433602       -3.11963013654968     
   1.74897000433602       -3.27445850526492     
   1.79897000433602       -3.39010048737061     
   1.84897000433602       -3.50103661656309     
   1.89897000433602       -3.61567516968167     
   1.94897000433602       -3.72870416204900     
   1.99897000433602       -3.83598265242164     
   2.04897000433602       -3.94519900321286     
   2.09897000433602       -4.04588654675691     
   2.14897000433602       -4.14538682097950     
   2.19897000433602       -4.24184777428760     
   2.24897000433602       -4.33387572753838     
   2.29897000433602       -4.41578044803048     
   2.34897000433602       -4.49647070438918     
   2.39897000433602       -4.57467173493157     
   2.44897000433602       -4.65424189037976     
   2.49897000433602       -4.73022368851646     
   2.54897000433602       -4.80641843157508     
   2.59897000433602       -4.88363407285625     
   2.64897000433602       -4.95832461542293     
   2.69897000433602       -5.03480270956005     
   2.74897000433602       -5.11151838367838     
   2.79897000433602       -5.18846303403385     
   2.84897000433602       -5.26601278904641     
   2.89897000433602       -5.34367752903506     
   2.94897000433602       -5.42095380634580     
   2.99897000433602       -5.49867009595234     
   3.04897000433602       -5.57599037355523     
   3.09897000433602       -5.65322723495562     
   3.14897000433602       -5.73018233588848     
   3.19897000433602       -5.80662635540787     
   3.24897000433602       -5.88245879302364     
   3.29897000433602       -5.95746802901150     
   3.34897000433602       -6.03188847837485     
   3.39897000433602       -6.10517006047691     
   3.44897000433602       -6.17760357554528     
   3.49897000433602       -6.24883577025957     
   3.54897000433602       -6.31908961041185     
   3.59897000433602       -6.38827653359562     
   3.64897000433602       -6.45623267089446     
   3.69897000433602       -6.52299962687918     
   3.74897000433602       -6.58869971497948     
   3.79897000433602       -6.65329059081027     
   3.84897000433602       -6.71681365320178     
   3.89897000433602       -6.77920935060482     
   3.94897000433602       -6.84064437364567     
   3.99897000433602       -6.90110183364972     
   4.04897000433602       -6.96065696249907     
   4.09897000433602       -7.01934297024787     
   4.14897000433602       -7.07725924284233     
   4.19897000433602       -7.13441659314546     
 zone T = "ep =   0.125892541179417      ",
  0.698970004336019       -1.83171045049310     
  0.748970004336019       -1.81999428918975     
  0.798970004336019       -1.84089716779328     
  0.848970004336019       -1.88058049652226     
  0.898970004336019       -1.92150675406286     
  0.948970004336019       -1.95706690669466     
  0.998970004336019       -1.98495666548542     
   1.04897000433602       -2.01960428994424     
   1.09897000433602       -2.06036039367685     
   1.14897000433602       -2.10600369946651     
   1.19897000433602       -2.16444033291065     
   1.24897000433602       -2.22346286232870     
   1.29897000433602       -2.28047582042152     
   1.34897000433602       -2.36128376752461     
   1.39897000433602       -2.43005611693346     
   1.44897000433602       -2.52059560885006     
   1.49897000433602       -2.61063819953027     
   1.54897000433602       -2.70113252769837     
   1.59897000433602       -2.80014543460597     
   1.64897000433602       -2.90773607643742     
   1.69897000433602       -2.97954184555247     
   1.74897000433602       -3.13845011541819     
   1.79897000433602       -3.25179581598738     
   1.84897000433602       -3.36325242905533     
   1.89897000433602       -3.47989795628198     
   1.94897000433602       -3.59727727866847     
   1.99897000433602       -3.71073921466480     
   2.04897000433602       -3.82764043363567     
   2.09897000433602       -3.93683183732234     
   2.14897000433602       -4.04520984503302     
   2.19897000433602       -4.15031054655128     
   2.24897000433602       -4.25012245659353     
   2.29897000433602       -4.34530440243466     
   2.34897000433602       -4.43832524454866     
   2.39897000433602       -4.52146580168661     
   2.44897000433602       -4.60351874288148     
   2.49897000433602       -4.68329197673919     
   2.54897000433602       -4.76368755076559     
   2.59897000433602       -4.84156213388804     
   2.64897000433602       -4.91758902465701     
   2.69897000433602       -4.99503317645024     
   2.74897000433602       -5.07220049359302     
   2.79897000433602       -5.14997689328894     
   2.84897000433602       -5.22764824955633     
   2.89897000433602       -5.30621116962985     
   2.94897000433602       -5.38476020397604     
   2.99897000433602       -5.46397424677852     
   3.04897000433602       -5.54292531934428     
   3.09897000433602       -5.62229089999928     
   3.14897000433602       -5.70183106575493     
   3.19897000433602       -5.78114258965650     
   3.24897000433602       -5.86029319493576     
   3.29897000433602       -5.93897244743596     
   3.34897000433602       -6.01739401913751     
   3.39897000433602       -6.09496973364302     
   3.44897000433602       -6.17196935499907     
   3.49897000433602       -6.24797449385006     
   3.54897000433602       -6.32317613000091     
   3.59897000433602       -6.39743488003351     
   3.64897000433602       -6.47053411536798     
   3.69897000433602       -6.54246720164350     
   3.74897000433602       -6.61331561533300     
   3.79897000433602       -6.68299316365040     
   3.84897000433602       -6.75149757534850     
   3.89897000433602       -6.81873032875539     
   3.94897000433602       -6.88483566566469     
   3.99897000433602       -6.94976814805544     
   4.04897000433602       -7.01358565538018     
   4.09897000433602       -7.07630399478887     
   4.14897000433602       -7.13801637345103     
   4.19897000433602       -7.19872687493572     
 zone T = "ep =   0.100000000000000      ",
  0.698970004336019       -1.81608337064622     
  0.748970004336019       -1.78781964021924     
  0.798970004336019       -1.80864809292776     
  0.848970004336019       -1.84945509585111     
  0.898970004336019       -1.89129030030956     
  0.948970004336019       -1.92711501571126     
  0.998970004336019       -1.95460719606898     
   1.04897000433602       -1.97917406567567     
   1.09897000433602       -2.01707236471509     
   1.14897000433602       -2.06033145649228     
   1.19897000433602       -2.11295116379645     
   1.24897000433602       -2.16713694194032     
   1.29897000433602       -2.22022578342194     
   1.34897000433602       -2.29255220830142     
   1.39897000433602       -2.35577369744985     
   1.44897000433602       -2.43659720522090     
   1.49897000433602       -2.51773292945003     
   1.54897000433602       -2.59986709225733     
   1.59897000433602       -2.68889733374534     
   1.64897000433602       -2.78641755312685     
   1.69897000433602       -2.84863545551603     
   1.74897000433602       -2.99930154099631     
   1.79897000433602       -3.11260239002273     
   1.84897000433602       -3.22589252889553     
   1.89897000433602       -3.34001134876632     
   1.94897000433602       -3.45721296572840     
   1.99897000433602       -3.57280066813807     
   2.04897000433602       -3.69379935261696     
   2.09897000433602       -3.80901640115474     
   2.14897000433602       -3.92492695452049     
   2.19897000433602       -4.03861343548108     
   2.24897000433602       -4.14746045272208     
   2.29897000433602       -4.25152600272981     
   2.34897000433602       -4.35268763116628     
   2.39897000433602       -4.44815168078829     
   2.44897000433602       -4.54155720483738     
   2.49897000433602       -4.62646489270359     
   2.54897000433602       -4.70969386597589     
   2.59897000433602       -4.79116343189763     
   2.64897000433602       -4.87090769189418     
   2.69897000433602       -4.94899632406975     
   2.74897000433602       -5.02720067999372     
   2.79897000433602       -5.10560447120537     
   2.84897000433602       -5.18342678496933     
   2.89897000433602       -5.26239928483425     
   2.94897000433602       -5.34076085437492     
   2.99897000433602       -5.42043525628271     
   3.04897000433602       -5.50017605459972     
   3.09897000433602       -5.58054934834434     
   3.14897000433602       -5.66126030517744     
   3.19897000433602       -5.74220479633608     
   3.24897000433602       -5.82342977892727     
   3.29897000433602       -5.90449277502911     
   3.34897000433602       -5.98575652162250     
   3.39897000433602       -6.06654967991730     
   3.44897000433602       -6.14713035426654     
   3.49897000433602       -6.22706194808673     
   3.54897000433602       -6.30650838153076     
   3.59897000433602       -6.38529302206175     
   3.64897000433602       -6.46315503272826     
   3.69897000433602       -6.54004465246400     
   3.74897000433602       -6.61600643646082     
   3.79897000433602       -6.69090294880287     
   3.84897000433602       -6.76468422468341     
   3.89897000433602       -6.83719953503416     
   3.94897000433602       -6.90855422791346     
   3.99897000433602       -6.97865852838257     
   4.04897000433602       -7.04753497851260     
   4.09897000433602       -7.11516107322025     
   4.14897000433602       -7.18160532829749     
   4.19897000433602       -7.24684664394329     
 zone T = "ep =   7.943282347242814E-002 ",
  0.698970004336019       -1.80377160364736     
  0.748970004336019       -1.75787496820324     
  0.798970004336019       -1.77865124540975     
  0.848970004336019       -1.82121497765481     
  0.898970004336019       -1.86499500178210     
  0.948970004336019       -1.90219383868714     
  0.998970004336019       -1.93024458586488     
   1.04897000433602       -1.94511649967051     
   1.09897000433602       -1.98075187833223     
   1.14897000433602       -2.02248347125236     
   1.19897000433602       -2.07042414349739     
   1.24897000433602       -2.12142852125697     
   1.29897000433602       -2.17177168033475     
   1.34897000433602       -2.23754833613381     
   1.39897000433602       -2.29653893691123     
   1.44897000433602       -2.36953850201417     
   1.49897000433602       -2.44304687479971     
   1.54897000433602       -2.51795454393923     
   1.59897000433602       -2.59803221772473     
   1.64897000433602       -2.68599764699695     
   1.69897000433602       -2.73846343602709     
   1.74897000433602       -2.87929903798777     
   1.79897000433602       -2.98280303821604     
   1.84897000433602       -3.08893771763739     
   1.89897000433602       -3.20155935714590     
   1.94897000433602       -3.31843590289714     
   1.99897000433602       -3.43182574377211     
   2.04897000433602       -3.55234425321778     
   2.09897000433602       -3.66943721209321     
   2.14897000433602       -3.78920088379917     
   2.19897000433602       -3.90865740155921     
   2.24897000433602       -4.02501283498496     
   2.29897000433602       -4.13770106287622     
   2.34897000433602       -4.24802990294175     
   2.39897000433602       -4.35255952148496     
   2.44897000433602       -4.45437424670597     
   2.49897000433602       -4.55087877236804     
   2.54897000433602       -4.64466156989733     
   2.59897000433602       -4.73137773379892     
   2.64897000433602       -4.81423135610857     
   2.69897000433602       -4.89576442024985     
   2.74897000433602       -4.97725876286175     
   2.79897000433602       -5.05627863430980     
   2.84897000433602       -5.13488358654777     
   2.89897000433602       -5.21419117041066     
   2.94897000433602       -5.29242634159868     
   2.99897000433602       -5.37213702422199     
   3.04897000433602       -5.45141031875829     
   3.09897000433602       -5.53184137487550     
   3.14897000433602       -5.61289706986953     
   3.19897000433602       -5.69439292164395     
   3.24897000433602       -5.77633884519384     
   3.29897000433602       -5.85854632994073     
   3.34897000433602       -5.94137661379922     
   3.39897000433602       -6.02405606100226     
   3.44897000433602       -6.10696359852326     
   3.49897000433602       -6.18961322731781     
   3.54897000433602       -6.27215939131059     
   3.59897000433602       -6.35442038356276     
   3.64897000433602       -6.43610497173825     
   3.69897000433602       -6.51714464382930     
   3.74897000433602       -6.59755560415159     
   3.79897000433602       -6.67716002285432     
   3.84897000433602       -6.75587400800130     
   3.89897000433602       -6.83349701989744     
   3.94897000433602       -6.91009571658052     
   3.99897000433602       -6.98553328129020     
   4.04897000433602       -7.05978776141667     
   4.09897000433602       -7.13278500704336     
   4.14897000433602       -7.20455677339772     
   4.19897000433602       -7.27503773068012     
 zone T = "ep =   6.309573444801933E-002 ",
  0.698970004336019       -1.79405276050158     
  0.748970004336019       -1.72883790746628     
  0.798970004336019       -1.74932497147457     
  0.848970004336019       -1.79425626957677     
  0.898970004336019       -1.84104761140567     
  0.948970004336019       -1.88078558464531     
  0.998970004336019       -1.91041344942535     
   1.04897000433602       -1.91552340001905     
   1.09897000433602       -1.94916619647411     
   1.14897000433602       -1.99009157948003     
   1.19897000433602       -2.03441696989787     
   1.24897000433602       -2.08349010645834     
   1.29897000433602       -2.13214925122383     
   1.34897000433602       -2.19312287738990     
   1.39897000433602       -2.24913913876556     
   1.44897000433602       -2.31620156199650     
   1.49897000433602       -2.38359554206994     
   1.54897000433602       -2.45264546297074     
   1.59897000433602       -2.52527054790565     
   1.64897000433602       -2.60483312006873     
   1.69897000433602       -2.64821769127800     
   1.74897000433602       -2.77955011813907     
   1.79897000433602       -2.87319283497502     
   1.84897000433602       -2.97034614483959     
   1.89897000433602       -3.07351335691318     
   1.94897000433602       -3.18261630863163     
   1.99897000433602       -3.29393517756865     
   2.04897000433602       -3.41289635567551     
   2.09897000433602       -3.52759063680353     
   2.14897000433602       -3.64671732138204     
   2.19897000433602       -3.76757558081008     
   2.24897000433602       -3.88770097938816     
   2.29897000433602       -4.00612031565765     
   2.34897000433602       -4.12387808760587     
   2.39897000433602       -4.23706416693858     
   2.44897000433602       -4.34811594632029     
   2.49897000433602       -4.45385205591663     
   2.54897000433602       -4.55626481841060     
   2.59897000433602       -4.65395239197659     
   2.64897000433602       -4.74669375190646     
   2.69897000433602       -4.83358346089491     
   2.74897000433602       -4.91839831301296     
   2.79897000433602       -5.00072565518274     
   2.84897000433602       -5.08227258686301     
   2.89897000433602       -5.16216559925414     
   2.94897000433602       -5.24096165123982     
   2.99897000433602       -5.32075983329709     
   3.04897000433602       -5.39966876913789     
   3.09897000433602       -5.47981140078654     
   3.14897000433602       -5.56014594138700     
   3.19897000433602       -5.64134335502003     
   3.24897000433602       -5.72323336195528     
   3.29897000433602       -5.80557567962433     
   3.34897000433602       -5.88871163936173     
   3.39897000433602       -5.97207879739505     
   3.44897000433602       -6.05606379000772     
   3.49897000433602       -6.14011196257428     
   3.54897000433602       -6.22447217145529     
   3.59897000433602       -6.30893879305858     
   3.64897000433602       -6.39321181814932     
   3.69897000433602       -6.47722066452274     
   3.74897000433602       -6.56096898667868     
   3.79897000433602       -6.64427210270899     
   3.84897000433602       -6.72702029572454     
   3.89897000433602       -6.80897707890073     
   3.94897000433602       -6.89019158863364     
   3.99897000433602       -6.97048869046203     
   4.04897000433602       -7.04980784504632     
   4.09897000433602       -7.12803217591816     
   4.14897000433602       -7.20515319567140     
   4.19897000433602       -7.28105753745243     
 zone T = "ep =   5.011872336272723E-002 ",
  0.698970004336019       -1.78636962356281     
  0.748970004336019       -1.69948934099109     
  0.798970004336019       -1.71929824151348     
  0.848970004336019       -1.76720537297204     
  0.898970004336019       -1.81811476828379     
  0.948970004336019       -1.86163372178029     
  0.998970004336019       -1.89394594455693     
   1.04897000433602       -1.88875223695104     
   1.09897000433602       -1.92043371152525     
   1.14897000433602       -1.96116934091992     
   1.19897000433602       -2.00284380492593     
   1.24897000433602       -2.05087331656443     
   1.29897000433602       -2.09878853103079     
   1.34897000433602       -2.15643967576614     
   1.39897000433602       -2.21061357303017     
   1.44897000433602       -2.27345215869682     
   1.49897000433602       -2.33627909967473     
   1.54897000433602       -2.40087005173420     
   1.59897000433602       -2.46773695408264     
   1.64897000433602       -2.54041622134573     
   1.69897000433602       -2.57594552894594     
   1.74897000433602       -2.69881035713960     
   1.79897000433602       -2.78337665632838     
   1.84897000433602       -2.87162139078379     
   1.89897000433602       -2.96510503497486     
   1.94897000433602       -3.06466558310064     
   1.99897000433602       -3.16720481739563     
   2.04897000433602       -3.27828345567424     
   2.09897000433602       -3.39000763636288     
   2.14897000433602       -3.50687181276125     
   2.19897000433602       -3.62476321219236     
   2.24897000433602       -3.74419946185510     
   2.29897000433602       -3.86403859943258     
   2.34897000433602       -3.98537440258139     
   2.39897000433602       -4.10426348641024     
   2.44897000433602       -4.22265409357790     
   2.49897000433602       -4.33702218620771     
   2.54897000433602       -4.44873735859445     
   2.59897000433602       -4.55576861977485     
   2.64897000433602       -4.65730611919432     
   2.69897000433602       -4.75468771422246     
   2.74897000433602       -4.84884894569414     
   2.79897000433602       -4.93660861485470     
   2.84897000433602       -5.02164304370602     
   2.89897000433602       -5.10472487902316     
   2.94897000433602       -5.18617761980097     
   2.99897000433602       -5.26653435022994     
   3.04897000433602       -5.34581956587107     
   3.09897000433602       -5.42584046570737     
   3.14897000433602       -5.50560135649114     
   3.19897000433602       -5.58623389090282     
   3.24897000433602       -5.66718278390654     
   3.29897000433602       -5.74891663805738     
   3.34897000433602       -5.83164672120943     
   3.39897000433602       -5.91478060015229     
   3.44897000433602       -5.99869597500431     
   3.49897000433602       -6.08301627484303     
   3.54897000433602       -6.16800543003827     
   3.59897000433602       -6.25341395080375     
   3.64897000433602       -6.33901241602730     
   3.69897000433602       -6.42472023071437     
   3.74897000433602       -6.51054616200085     
   3.79897000433602       -6.59630293947738     
   3.84897000433602       -6.68187350830903     
   3.89897000433602       -6.76702297269145     
   3.94897000433602       -6.85178621272649     
   3.99897000433602       -6.93596365394998     
   4.04897000433602       -7.01948371253705     
   4.09897000433602       -7.10219910196365     
   4.14897000433602       -7.18407258774965     
   4.19897000433602       -7.26495660280383     
 zone T = "ep =   3.981071705534973E-002 ",
  0.698970004336019       -1.78028918866666     
  0.748970004336019       -1.66871222707128     
  0.798970004336019       -1.68738580673744     
  0.848970004336019       -1.73887207658970     
  0.898970004336019       -1.79503922497840     
  0.948970004336019       -1.84367020542354     
  0.998970004336019       -1.87989021989335     
   1.04897000433602       -1.86337577604797     
   1.09897000433602       -1.89295921553378     
   1.14897000433602       -1.93404294344441     
   1.19897000433602       -1.97391926939462     
   1.24897000433602       -2.02150584520026     
   1.29897000433602       -2.06951014108689     
   1.34897000433602       -2.12504051947358     
   1.39897000433602       -2.17836475391920     
   1.44897000433602       -2.23844233660344     
   1.49897000433602       -2.29814772986212     
   1.54897000433602       -2.35957557025021     
   1.59897000433602       -2.42234379061417     
   1.64897000433602       -2.48976214747138     
   1.69897000433602       -2.51890955753821     
   1.74897000433602       -2.63480324300682     
   1.79897000433602       -2.71164787506814     
   1.84897000433602       -2.79178576075319     
   1.89897000433602       -2.87624599618054     
   1.94897000433602       -2.96637175701257     
   1.99897000433602       -3.05965984806764     
   2.04897000433602       -3.16107803382344     
   2.09897000433602       -3.26415978086245     
   2.14897000433602       -3.37338430167545     
   2.19897000433602       -3.48710506125152     
   2.24897000433602       -3.60375028364756     
   2.29897000433602       -3.72074418830746     
   2.34897000433602       -3.84118377175338     
   2.39897000433602       -3.96148414840883     
   2.44897000433602       -4.08330353075289     
   2.49897000433602       -4.20321022574091     
   2.54897000433602       -4.32219376820016     
   2.59897000433602       -4.43786009762649     
   2.64897000433602       -4.54876943398249     
   2.69897000433602       -4.65559534775945     
   2.74897000433602       -4.75867202869117     
   2.79897000433602       -4.85653147535848     
   2.84897000433602       -4.95047601819999     
   2.89897000433602       -5.03903953800657     
   2.94897000433602       -5.12412254624787     
   2.99897000433602       -5.20757284002978     
   3.04897000433602       -5.28927861905386     
   3.09897000433602       -5.36983470352865     
   3.14897000433602       -5.44981219519063     
   3.19897000433602       -5.53014631151320     
   3.24897000433602       -5.61034868733545     
   3.29897000433602       -5.69128593859409     
   3.34897000433602       -5.77288654740564     
   3.39897000433602       -5.85514772409509     
   3.44897000433602       -5.93835705395085     
   3.49897000433602       -6.02212300345269     
   3.54897000433602       -6.10671338444508     
   3.59897000433602       -6.19202901276315     
   3.64897000433602       -6.27785633155465     
   3.69897000433602       -6.36408638199401     
   3.74897000433602       -6.45078904703808     
   3.79897000433602       -6.53777454858233     
   3.84897000433602       -6.62493438959671     
   3.89897000433602       -6.71202997308875     
   3.94897000433602       -6.79909787801321     
   3.99897000433602       -6.88595025818056     
   4.04897000433602       -6.97250475400901     
   4.09897000433602       -7.05859649795036     
   4.14897000433602       -7.14418728919753     
   4.19897000433602       -7.22911034609882     
 zone T = "ep =   3.162277660168379E-002 ",
  0.698970004336019       -1.77547316647005     
  0.748970004336019       -1.63550036748513     
  0.798970004336019       -1.65257484544696     
  0.848970004336019       -1.70821981027822     
  0.898970004336019       -1.77079388842890     
  0.948970004336019       -1.82595841388808     
  0.998970004336019       -1.86745301282307     
   1.04897000433602       -1.83813974994542     
   1.09897000433602       -1.86537565638364     
   1.14897000433602       -1.90728644513106     
   1.19897000433602       -1.94610463306862     
   1.24897000433602       -1.99364203407718     
   1.29897000433602       -2.04248299110182     
   1.34897000433602       -2.09684460962768     
   1.39897000433602       -2.15018616841102     
   1.44897000433602       -2.20870929737743     
   1.49897000433602       -2.26657167245502     
   1.54897000433602       -2.32597585889689     
   1.59897000433602       -2.38613062578904     
   1.64897000433602       -2.44982238482257     
   1.69897000433602       -2.47405366743576     
   1.74897000433602       -2.58466709193463     
   1.79897000433602       -2.65539937386240     
   1.84897000433602       -2.72869097030888     
   1.89897000433602       -2.80539949930513     
   1.94897000433602       -2.88698560438810     
   1.99897000433602       -2.97146494287128     
   2.04897000433602       -3.06324117962714     
   2.09897000433602       -3.15714228415977     
   2.14897000433602       -3.25700726520419     
   2.19897000433602       -3.36169148319139     
   2.24897000433602       -3.47079164921726     
   2.29897000433602       -3.58334594944061     
   2.34897000433602       -3.70041341228690     
   2.39897000433602       -3.81790105530267     
   2.44897000433602       -3.93869570691380     
   2.49897000433602       -4.05979609122179     
   2.54897000433602       -4.18207191888907     
   2.59897000433602       -4.30321141689718     
   2.64897000433602       -4.42141449713636     
   2.69897000433602       -4.53686019071611     
   2.74897000433602       -4.64932576480960     
   2.79897000433602       -4.75670687425035     
   2.84897000433602       -4.85966931348231     
   2.89897000433602       -4.95800501479037     
   2.94897000433602       -5.05166255149850     
   2.99897000433602       -5.14063371197922     
   3.04897000433602       -5.22607646255117     
   3.09897000433602       -5.30965270492003     
   3.14897000433602       -5.39185277100918     
   3.19897000433602       -5.47269765007407     
   3.24897000433602       -5.55298990827670     
   3.29897000433602       -5.63348312347480     
   3.34897000433602       -5.71419240022549     
   3.39897000433602       -5.79546491092623     
   3.44897000433602       -5.87738781939695     
   3.49897000433602       -5.96005637833425     
   3.54897000433602       -6.04368625792422     
   3.59897000433602       -6.12817643652147     
   3.64897000433602       -6.21332213822313     
   3.69897000433602       -6.29914063203073     
   3.74897000433602       -6.38572325784642     
   3.79897000433602       -6.47286197574277     
   3.84897000433602       -6.56049782754505     
   3.89897000433602       -6.64839348002184     
   3.94897000433602       -6.73659848021211     
   3.99897000433602       -6.82492376380937     
   4.04897000433602       -6.91329058156968     
   4.09897000433602       -7.00154985916858     
   4.14897000433602       -7.08965828388666     
   4.19897000433602       -7.17743921476627     
 zone T = "ep =   2.511886431509579E-002 ",
  0.698970004336019       -1.77165622120513     
  0.748970004336019       -1.59897312481893     
  0.798970004336019       -1.61402250332841     
  0.848970004336019       -1.67435238478314     
  0.898970004336019       -1.74445300525938     
  0.948970004336019       -1.80764987812049     
  0.998970004336019       -1.85595326568375     
   1.04897000433602       -1.81192928814800     
   1.09897000433602       -1.83649837954659     
   1.14897000433602       -1.87966847306522     
   1.19897000433602       -1.91806178881098     
   1.24897000433602       -1.96580501820969     
   1.29897000433602       -2.01616448601402     
   1.34897000433602       -2.07010583972102     
   1.39897000433602       -2.12423032058450     
   1.44897000433602       -2.18218355481599     
   1.49897000433602       -2.23930361710242     
   1.54897000433602       -2.29767048700819     
   1.59897000433602       -2.35647069412734     
   1.64897000433602       -2.41778554496854     
   1.69897000433602       -2.43840197338507     
   1.74897000433602       -2.54541376387531     
   1.79897000433602       -2.61163629836765     
   1.84897000433602       -2.67952430972298     
   1.89897000433602       -2.75004382342419     
   1.94897000433602       -2.82446770607803     
   1.99897000433602       -2.90123263751725     
   2.04897000433602       -2.98421631913036     
   2.09897000433602       -3.06932017729463     
   2.14897000433602       -3.15978456625878     
   2.19897000433602       -3.25490320117151     
   2.24897000433602       -3.35475583299616     
   2.29897000433602       -3.45860630182528     
   2.34897000433602       -3.56803990649452     
   2.39897000433602       -3.68076869636434     
   2.44897000433602       -3.79779891607278     
   2.49897000433602       -3.91587940162366     
   2.54897000433602       -4.03699175311022     
   2.59897000433602       -4.15923586282253     
   2.64897000433602       -4.28077826076093     
   2.69897000433602       -4.40161580838217     
   2.74897000433602       -4.52129921151345     
   2.79897000433602       -4.63729303280927     
   2.84897000433602       -4.74967911757759     
   2.89897000433602       -4.85758891585657     
   2.94897000433602       -4.96035881139412     
   2.99897000433602       -5.05884087156403     
   3.04897000433602       -5.15257797646144     
   3.09897000433602       -5.24171158063287     
   3.14897000433602       -5.32772922164056     
   3.19897000433602       -5.41153119307832     
   3.24897000433602       -5.49389005383799     
   3.29897000433602       -5.57487353136145     
   3.34897000433602       -5.65556779730455     
   3.39897000433602       -5.73627665122985     
   3.44897000433602       -5.81719156713455     
   3.49897000433602       -5.89871091900584     
   3.54897000433602       -5.98092249957496     
   3.59897000433602       -6.06413105627468     
   3.64897000433602       -6.14810404090421     
