 zone T = "Differential Variable - IMPLICIT",
 0.00000E+00  0.40691E+01
-0.10000E+00  0.40691E+01
-0.20000E+00  0.40691E+01
-0.30000E+00  0.40691E+01
-0.40000E+00  0.40691E+01
-0.50000E+00  0.40672E+01
-0.60000E+00  0.40541E+01
-0.70000E+00  0.40388E+01
-0.80000E+00  0.40210E+01
-0.90000E+00  0.39971E+01
-0.10000E+01  0.39640E+01
-0.11000E+01  0.39207E+01
-0.12000E+01  0.38676E+01
-0.13000E+01  0.37986E+01
-0.14000E+01  0.37276E+01
-0.15000E+01  0.36500E+01
-0.16000E+01  0.35671E+01
-0.17000E+01  0.34801E+01
-0.18000E+01  0.33903E+01
-0.19000E+01  0.32989E+01
-0.20000E+01  0.32071E+01
-0.21000E+01  0.31161E+01
-0.22000E+01  0.30268E+01
-0.23000E+01  0.29399E+01
-0.24000E+01  0.28563E+01
-0.25000E+01  0.27764E+01
-0.26000E+01  0.27005E+01
-0.27000E+01  0.26289E+01
-0.28000E+01  0.25618E+01
-0.29000E+01  0.24992E+01
-0.30000E+01  0.24412E+01
-0.31000E+01  0.23878E+01
-0.32000E+01  0.23388E+01
-0.33000E+01  0.22942E+01
-0.34000E+01  0.22539E+01
-0.35000E+01  0.22176E+01
-0.36000E+01  0.21853E+01
-0.37000E+01  0.21452E+01
-0.38000E+01  0.21218E+01
-0.39000E+01  0.21017E+01
-0.40000E+01  0.20848E+01
-0.41000E+01  0.20668E+01
-0.42000E+01  0.20557E+01
-0.43000E+01  0.20514E+01
-0.44000E+01  0.20531E+01
-0.45000E+01  0.20601E+01
-0.46000E+01  0.20717E+01
-0.47000E+01  0.20870E+01
-0.48000E+01  0.21048E+01
-0.49000E+01  0.21242E+01
-0.50000E+01  0.21448E+01
-0.51000E+01  0.21648E+01
-0.52000E+01  0.21844E+01
-0.53000E+01  0.22041E+01
-0.54000E+01  0.22217E+01
-0.55000E+01  0.22373E+01
-0.56000E+01  0.22541E+01
-0.57000E+01  0.22685E+01
-0.58000E+01  0.22764E+01
-0.59000E+01  0.22878E+01
-0.60000E+01  0.23114E+01
-0.61000E+01  0.23007E+01
-0.62000E+01  0.23362E+01
-0.63000E+01  0.23244E+01
-0.64000E+01  0.23493E+01
-0.65000E+01  0.23264E+01
-0.66000E+01  0.23637E+01
-0.67000E+01  0.24133E+01
-0.68000E+01  0.24254E+01
-0.69000E+01  0.22959E+01
-0.70000E+01  0.22654E+01
-0.71000E+01  0.22781E+01
-0.72000E+01  0.24193E+01
-0.73000E+01  0.24081E+01
-0.74000E+01  0.22253E+01
-0.75000E+01  0.23738E+01
-0.76000E+01  0.25218E+01
-0.77000E+01  0.21739E+01
-0.78000E+01  0.22022E+01
-0.79000E+01  0.25628E+01
-0.80000E+01  0.26350E+01
 zone T = "Algebraic Variable - IMPLICIT",
 0.00000E+00  0.39123E+01
-0.10000E+00  0.39123E+01
-0.20000E+00  0.39123E+01
-0.30000E+00  0.39123E+01
-0.40000E+00  0.39123E+01
-0.50000E+00  0.39171E+01
-0.60000E+00  0.39433E+01
-0.70000E+00  0.39702E+01
-0.80000E+00  0.39932E+01
-0.90000E+00  0.39752E+01
-0.10000E+01  0.38266E+01
-0.11000E+01  0.38522E+01
-0.12000E+01  0.37726E+01
-0.13000E+01  0.36460E+01
-0.14000E+01  0.35986E+01
-0.15000E+01  0.35442E+01
-0.16000E+01  0.34985E+01
-0.17000E+01  0.33618E+01
-0.18000E+01  0.32615E+01
-0.19000E+01  0.32943E+01
-0.20000E+01  0.31951E+01
-0.21000E+01  0.30937E+01
-0.22000E+01  0.29517E+01
-0.23000E+01  0.27718E+01
-0.24000E+01  0.27472E+01
-0.25000E+01  0.26890E+01
-0.26000E+01  0.25985E+01
-0.27000E+01  0.24802E+01
-0.28000E+01  0.24073E+01
-0.29000E+01  0.23539E+01
-0.30000E+01  0.22641E+01
-0.31000E+01  0.22936E+01
-0.32000E+01  0.21922E+01
-0.33000E+01  0.19671E+01
-0.34000E+01  0.20126E+01
-0.35000E+01  0.20290E+01
-0.36000E+01  0.19282E+01
-0.37000E+01  0.19221E+01
-0.38000E+01  0.19230E+01
-0.39000E+01  0.19188E+01
-0.40000E+01  0.19210E+01
-0.41000E+01  0.19288E+01
-0.42000E+01  0.19206E+01
-0.43000E+01  0.19434E+01
-0.44000E+01  0.19312E+01
-0.45000E+01  0.28829E+01
-0.46000E+01  0.19969E+01
-0.47000E+01  0.21932E+01
-0.48000E+01  0.22243E+01
-0.49000E+01  0.22735E+01
-0.50000E+01  0.26223E+01
-0.51000E+01  0.20350E+01
-0.52000E+01  0.20178E+01
-0.53000E+01  0.20089E+01
-0.54000E+01  0.24426E+01
-0.55000E+01  0.24245E+01
-0.56000E+01  0.24106E+01
-0.57000E+01  0.23994E+01
-0.58000E+01  0.23898E+01
-0.59000E+01  0.20073E+01
-0.60000E+01  0.19995E+01
-0.61000E+01  0.19911E+01
-0.62000E+01  0.19846E+01
-0.63000E+01  0.19192E+01
-0.64000E+01  0.19183E+01
-0.65000E+01  0.19050E+01
-0.66000E+01  0.14014E+01
-0.67000E+01  0.13890E+01
-0.68000E+01  0.13614E+01
-0.69000E+01  0.64839E+01
-0.70000E+01  0.68306E+01
-0.71000E+01  0.54254E+01
-0.72000E+01  0.77949E+01
-0.73000E+01  0.93714E+01
-0.74000E+01  0.58008E+01
-0.75000E+01  0.95278E+01
-0.76000E+01  0.69536E+01
-0.77000E+01  0.40891E+01
-0.78000E+01 -0.39020E+01
-0.79000E+01  0.21202E+02
-0.80000E+01  0.22066E+02
