 zone T = "Differential Variable - IMEX",
 0.00000E+00  0.12382-311
 0.00000E+00  0.12382-311
 0.00000E+00  0.16499-315
 0.00000E+00  0.16499-315
 0.00000E+00 -0.29913E+01
-0.50000E+00  0.70987E+00
-0.60000E+00  0.49993E+01
-0.70000E+00  0.50686E+01
-0.80000E+00  0.50185E+01
-0.90000E+00  0.50773E+01
-0.10000E+01  0.49363E+01
-0.11000E+01  0.48990E+01
-0.12000E+01  0.48692E+01
-0.13000E+01  0.48224E+01
-0.14000E+01  0.47610E+01
-0.15000E+01  0.47039E+01
-0.16000E+01  0.46212E+01
-0.17000E+01  0.45399E+01
-0.18000E+01  0.44414E+01
-0.19000E+01  0.43373E+01
-0.20000E+01  0.42232E+01
-0.21000E+01  0.41127E+01
-0.22000E+01  0.40046E+01
-0.23000E+01  0.38710E+01
-0.24000E+01  0.37581E+01
-0.25000E+01  0.36488E+01
-0.26000E+01  0.35490E+01
-0.27000E+01  0.34908E+01
-0.28000E+01  0.34372E+01
-0.29000E+01  0.34071E+01
-0.30000E+01  0.33687E+01
-0.31000E+01  0.33353E+01
-0.32000E+01  0.32890E+01
-0.33000E+01  0.32282E+01
-0.34000E+01  0.31739E+01
-0.35000E+01  0.30979E+01
-0.36000E+01  0.30370E+01
-0.37000E+01  0.29718E+01
-0.38000E+01  0.28867E+01
-0.39000E+01  0.28363E+01
-0.40000E+01  0.27672E+01
-0.41000E+01  0.26852E+01
-0.42000E+01  0.26080E+01
-0.43000E+01  0.25304E+01
-0.44000E+01  0.24645E+01
-0.45000E+01  0.24036E+01
-0.46000E+01  0.23643E+01
-0.47000E+01  0.23114E+01
-0.48000E+01  0.22729E+01
-0.49000E+01  0.22338E+01
-0.50000E+01  0.21890E+01
-0.51000E+01  0.21622E+01
-0.52000E+01  0.21388E+01
-0.53000E+01  0.21166E+01
-0.54000E+01  0.21007E+01
-0.55000E+01  0.20836E+01
-0.56000E+01  0.20685E+01
-0.57000E+01  0.20572E+01
-0.58000E+01  0.20531E+01
-0.59000E+01  0.20423E+01
-0.60000E+01  0.20314E+01
-0.61000E+01  0.20335E+01
-0.62000E+01  0.20187E+01
-0.63000E+01  0.20246E+01
-0.64000E+01  0.20060E+01
-0.65000E+01  0.20262E+01
-0.66000E+01  0.20009E+01
-0.67000E+01  0.19479E+01
-0.68000E+01  0.19348E+01
-0.69000E+01  0.20460E+01
-0.70000E+01  0.20758E+01
-0.71000E+01  0.20651E+01
-0.72000E+01  0.19458E+01
-0.73000E+01  0.19587E+01
-0.74000E+01  0.21057E+01
-0.75000E+01  0.19903E+01
-0.76000E+01  0.18316E+01
-0.77000E+01  0.21487E+01
-0.78000E+01  0.21321E+01
-0.79000E+01  0.17052E+01
-0.80000E+01  0.15601E+01
 zone T = "Algebraic Variable - IMEX",
 0.00000E+00 -0.38112E+01
 0.00000E+00 -0.39335E+01
 0.00000E+00 -0.40583E+01
 0.00000E+00 -0.41851E+01
 0.00000E+00 -0.43133E+01
-0.50000E+00  0.86369E+01
-0.60000E+00  0.21421E+02
-0.70000E+00  0.31306E+01
-0.80000E+00  0.43602E+01
-0.90000E+00  0.47269E+01
-0.10000E+01  0.49234E+01
-0.11000E+01  0.51736E+01
-0.12000E+01  0.50568E+01
-0.13000E+01  0.52756E+01
-0.14000E+01  0.53333E+01
-0.15000E+01  0.53496E+01
-0.16000E+01  0.54588E+01
-0.17000E+01  0.53126E+01
-0.18000E+01  0.53510E+01
-0.19000E+01  0.49728E+01
-0.20000E+01  0.49813E+01
-0.21000E+01  0.44199E+01
-0.22000E+01  0.11487E+02
-0.23000E+01  0.33540E+01
-0.24000E+01  0.72585E+01
-0.25000E+01  0.38425E+01
-0.26000E+01  0.78637E+01
-0.27000E+01  0.32850E+01
-0.28000E+01  0.39195E+01
-0.29000E+01  0.40774E+01
-0.30000E+01  0.36848E+01
-0.31000E+01  0.37996E+01
-0.32000E+01  0.37973E+01
-0.33000E+01  0.41453E+01
-0.34000E+01  0.36658E+01
-0.35000E+01  0.36438E+01
-0.36000E+01  0.34666E+01
-0.37000E+01  0.34793E+01
-0.38000E+01  0.31921E+01
-0.39000E+01  0.30026E+01
-0.40000E+01  0.28540E+01
-0.41000E+01  0.26958E+01
-0.42000E+01  0.26621E+01
-0.43000E+01  0.25860E+01
-0.44000E+01  0.24597E+01
-0.45000E+01  0.24018E+01
-0.46000E+01  0.23857E+01
-0.47000E+01  0.23463E+01
-0.48000E+01  0.22724E+01
-0.49000E+01  0.22406E+01
-0.50000E+01  0.22051E+01
-0.51000E+01  0.21626E+01
-0.52000E+01  0.21380E+01
-0.53000E+01  0.21151E+01
-0.54000E+01  0.20981E+01
-0.55000E+01  0.20851E+01
-0.56000E+01  0.20663E+01
-0.57000E+01  0.20560E+01
-0.58000E+01  0.20499E+01
-0.59000E+01  0.20402E+01
-0.60000E+01  0.20319E+01
-0.61000E+01  0.20335E+01
-0.62000E+01  0.20206E+01
-0.63000E+01  0.20238E+01
-0.64000E+01  0.20110E+01
-0.65000E+01  0.20237E+01
-0.66000E+01  0.20064E+01
-0.67000E+01  0.19516E+01
-0.68000E+01  0.19382E+01
-0.69000E+01  0.20387E+01
-0.70000E+01  0.20585E+01
-0.71000E+01  0.20513E+01
-0.72000E+01  0.19494E+01
-0.73000E+01  0.19669E+01
-0.74000E+01  0.20902E+01
-0.75000E+01  0.19967E+01
-0.76000E+01  0.18328E+01
-0.77000E+01  0.21512E+01
-0.78000E+01  0.21061E+01
-0.79000E+01  0.17037E+01
-0.80000E+01  0.15707E+01
