 zone T = "ep =    1.0000000000000000      ",
   1.0000000000000000       -3.6989469468732721     
   1.0500000000000000       -3.6651907963164514     
   1.1000000000000001       -3.7233660295459874     
   1.1499999999999999       -3.7776380696454854     
   1.2000000000000000       -3.9059999882713470     
   1.2500000000000000       -4.0440215352468885     
   1.3000000000000000       -4.1715931874769350     
   1.3499999999999999       -4.3382809476539341     
   1.3999999999999999       -4.4875831420844721     
   1.4500000000000000       -4.6574095756198775     
   1.5000000000000000       -4.8399551442661828     
   1.5500000000000000       -5.0123865152395242     
   1.6000000000000001       -5.1897629181215272     
   1.6499999999999999       -5.3724021691125365     
   1.7000000000000000       -5.5470453217924467     
   1.7500000000000000       -5.7349504149895880     
   1.8000000000000000       -5.9200558495919839     
   1.8499999999999999       -6.1143703414131423     
   1.9000000000000001       -6.3035045588927181     
   1.9500000000000000       -6.4912361728598897     
   2.0000000000000000       -6.6823937976012644     
   2.0499999999999998       -6.8775923603380074     
   2.1000000000000001       -7.0724890063171246     
   2.1499999999999999       -7.2665574061922618     
   2.2000000000000002       -7.4630662489849637     
   2.2500000000000000       -7.6585194669543295     
   2.2999999999999998       -7.8548785612460623     
   2.3500000000000001       -8.0508550090406530     
   2.3999999999999999       -8.2471205526827251     
   2.4500000000000002       -8.4453092163202026     
   2.5000000000000000       -8.6422729915190128     
   2.5499999999999998       -8.8408141046266646     
   2.6000000000000001       -9.0380187489977075     
   2.6499999999999999       -9.2373406206917217     
   2.7000000000000002       -9.4351119772939782     
   2.7500000000000000       -9.6340845343004187     
   2.7999999999999998       -9.8326078183888175     
   2.8500000000000001       -10.031642811054018     
   2.8999999999999999       -10.230927775196980     
   2.9500000000000002       -10.429996669782140     
   3.0000000000000000       -10.628945335850778     
   3.0499999999999998       -10.828844673484546     
   3.1000000000000001       -11.028599945021860     
   3.1499999999999999       -11.228871041767771     
   3.2000000000000002       -11.428958737335327     
   3.2500000000000000       -11.631229367798486     
   3.2999999999999998       -11.830481057274740     
   3.3500000000000001       -12.021013911497720     
   3.3999999999999999       -12.257164254357754     
   3.4500000000000002       -12.443241254700791     
   3.5000000000000000       -12.621697053701107     
   3.5499999999999998       -12.805755841136840     
   3.6000000000000001       -13.216205646678848     
   3.6499999999999999       -13.204563764017379     
   3.7000000000000002       -13.386828432656829     
   3.7500000000000000       -13.156543691090420     
   3.7999999999999998       -13.511522454950939     
   3.8500000000000001       -12.977552434966322     
   3.8999999999999999       -13.391405435393654     
   3.9500000000000002       -13.245425851086509     
   4.0000000000000000       -14.572122448175174     
   4.0499999999999998       -13.081996508156903     
   4.0999999999999996       -13.208832048810054     
   4.1500000000000004       -12.971471133015449     
   4.2000000000000002       -13.134306190163963     
   4.2500000000000000       -12.598396540992983     
   4.2999999999999998       -12.665251701851739     
   4.3499999999999996       -12.893090169693044     
   4.4000000000000004       -12.441988746242224     
   4.4500000000000002       -13.509569688702710     
   4.5000000000000000       -13.723821631979613     
 zone T = "ep =   0.79432823472428149      ",
   1.0000000000000000       -3.0640224335961701     
   1.0500000000000000       -3.2004088064987388     
   1.1000000000000001       -3.3499448026330061     
   1.1499999999999999       -3.4691487110821040     
   1.2000000000000000       -3.6333540921809835     
   1.2500000000000000       -3.7959279624633848     
   1.3000000000000000       -3.9459498143170642     
   1.3499999999999999       -4.1241942396028080     
   1.3999999999999999       -4.2871189475737417     
   1.4500000000000000       -4.4653168072438909     
   1.5000000000000000       -4.6532715127818411     
   1.5500000000000000       -4.8319294487220317     
   1.6000000000000001       -5.0143793790178908     
   1.6499999999999999       -5.2006696146222708     
   1.7000000000000000       -5.3798954872001099     
   1.7500000000000000       -5.5701715438813224     
   1.8000000000000000       -5.7579120216772699     
   1.8499999999999999       -5.9534043552717080     
   1.9000000000000001       -6.1443150510414180     
   1.9500000000000000       -6.3339755046113400     
   2.0000000000000000       -6.5265141168773519     
   2.0499999999999998       -6.7224719070209762     
   2.1000000000000001       -6.9181555002727562     
   2.1499999999999999       -7.1130797271896995     
   2.2000000000000002       -7.3101003814571293     
   2.2500000000000000       -7.5061994014045226     
   2.2999999999999998       -7.7030609817121158     
   2.3500000000000001       -7.8995900158128016     
   2.3999999999999999       -8.0963570245527876     
   2.4500000000000002       -8.2947874543088993     
   2.5000000000000000       -8.4921515925513944     
   2.5499999999999998       -8.6908816259420369     
   2.6000000000000001       -8.8884503565711288     
   2.6499999999999999       -9.0878497673771630     
   2.7000000000000002       -9.2859062633905971     
   2.7500000000000000       -9.4849964815196035     
   2.7999999999999998       -9.6837032384286967     
   2.8500000000000001       -9.8828500820523715     
   2.8999999999999999       -10.082190841266033     
   2.9500000000000002       -10.281379419214780     
   3.0000000000000000       -10.480497217505363     
   3.0499999999999998       -10.680052656426851     
   3.1000000000000001       -10.879714842644939     
   3.1499999999999999       -11.079476394588145     
   3.2000000000000002       -11.279115036825178     
   3.2500000000000000       -11.479240064216050     
   3.2999999999999998       -11.678616534787967     
   3.3500000000000001       -11.876237188070984     
   3.3999999999999999       -12.084061505929640     
   3.4500000000000002       -12.279831935881164     
   3.5000000000000000       -12.473559415409065     
   3.5499999999999998       -12.670497579548169     
   3.6000000000000001       -12.906633809047127     
   3.6499999999999999       -13.058201358344967     
   3.7000000000000002       -13.243415469824242     
   3.7500000000000000       -13.286553480098636     
   3.7999999999999998       -13.535667318600547     
   3.8500000000000001       -13.314481171545300     
   3.8999999999999999       -13.646025356629764     
   3.9500000000000002       -13.616133276586398     
   4.0000000000000000       -14.804601313699527     
   4.0499999999999998       -13.501462622963212     
   4.0999999999999996       -13.777053270261142     
   4.1500000000000004       -13.485504471067882     
   4.2000000000000002       -13.634963286035363     
   4.2500000000000000       -13.077146431866543     
   4.2999999999999998       -13.137107036818685     
   4.3499999999999996       -13.340880053101323     
   4.4000000000000004       -12.924496278008332     
   4.4500000000000002       -14.104863325994675     
   4.5000000000000000       -13.999744492463519     
 zone T = "ep =   0.63095734448019325      ",
   1.0000000000000000       -2.9850006356291439     
   1.0500000000000000       -3.1424026777430840     
   1.1000000000000001       -3.3074064238141161     
   1.1499999999999999       -3.4399668480052634     
   1.2000000000000000       -3.6122321496526499     
   1.2500000000000000       -3.7806001337761614     
   1.3000000000000000       -3.9361531301778738     
   1.3499999999999999       -4.1170390941429105     
   1.3999999999999999       -4.2832637806936322     
   1.4500000000000000       -4.4632910053376964     
   1.5000000000000000       -4.6522370117704730     
   1.5500000000000000       -4.8321545344343262     
   1.6000000000000001       -5.0155492780679003     
   1.6499999999999999       -5.2023929412202694     
   1.7000000000000000       -5.3824845598816191     
   1.7500000000000000       -5.5729889123622067     
   1.8000000000000000       -5.7610739265380095     
   1.8499999999999999       -5.9564984232407845     
   1.9000000000000001       -6.1475568463522521     
   1.9500000000000000       -6.3374425235923528     
   2.0000000000000000       -6.5300708050421301     
   2.0499999999999998       -6.7259548791247887     
   2.1000000000000001       -6.9216015942075346     
   2.1499999999999999       -7.1165347747515879     
   2.2000000000000002       -7.3134833845598290     
   2.2500000000000000       -7.5095722541456578     
   2.2999999999999998       -7.7064002100384181     
   2.3500000000000001       -7.9029287861695350     
   2.3999999999999999       -8.0996965368619769     
   2.4500000000000002       -8.2980639824946643     
   2.5000000000000000       -8.4954271253603064     
   2.5499999999999998       -8.6941045247113564     
   2.6000000000000001       -8.8916851930420222     
   2.6499999999999999       -9.0910203803611349     
   2.7000000000000002       -9.2890847932218268     
   2.7500000000000000       -9.4881406470310221     
   2.7999999999999998       -9.6868435539476963     
   2.8500000000000001       -9.8859670266404329     
   2.8999999999999999       -10.085282422313799     
   2.9500000000000002       -10.284467297937489     
   3.0000000000000000       -10.483594445182984     
   3.0499999999999998       -10.683067615292227     
   3.1000000000000001       -10.882700632048856     
   3.1499999999999999       -11.082382128398665     
   3.2000000000000002       -11.281914199894311     
   3.2500000000000000       -11.481629564660778     
   3.2999999999999998       -11.681236861990342     
   3.3500000000000001       -11.880594347739235     
   3.3999999999999999       -12.081814558980877     
   3.4500000000000002       -12.280860600390143     
   3.5000000000000000       -12.480036621377572     
   3.5499999999999998       -12.678573403663354     
   3.6000000000000001       -12.886961053462757     
   3.6499999999999999       -13.075744959069176     
   3.7000000000000002       -13.269800493583396     
   3.7500000000000000       -13.440291111017272     
   3.7999999999999998       -13.657787513656627     
   3.8500000000000001       -13.700979204600930     
   3.8999999999999999       -13.957585855639548     
   3.9500000000000002       -14.034858111879842     
   4.0000000000000000       -14.439378465863202     
   4.0499999999999998       -14.148409796207115     
   4.0999999999999996       -14.595228667452517     
   4.1500000000000004       -14.237023277363326     
   4.2000000000000002       -14.410521725840727     
   4.2500000000000000       -13.797927062973647     
   4.2999999999999998       -13.857679757182947     
   4.3499999999999996       -14.107557230399546     
   4.4000000000000004       -13.637702500438325     
   4.4500000000000002       -14.748776629515634     
   4.5000000000000000       -15.109491730176746     
 zone T = "ep =   0.50118723362727235      ",
   1.0000000000000000       -3.1085164674788488     
   1.0500000000000000       -3.2734899226162839     
   1.1000000000000001       -3.4439393601519019     
   1.1499999999999999       -3.5803335885245970     
   1.2000000000000000       -3.7549879718367278     
   1.2500000000000000       -3.9247898602675169     
   1.3000000000000000       -4.0810204098387546     
   1.3499999999999999       -4.2622622885889259     
   1.3999999999999999       -4.4282801132536553     
   1.4500000000000000       -4.6080156157610173     
   1.5000000000000000       -4.7966672237643690     
   1.5500000000000000       -4.9759546105845605     
   1.6000000000000001       -5.1586638462648100     
   1.6499999999999999       -5.3448638540273699     
   1.7000000000000000       -5.5240444879630584     
   1.7500000000000000       -5.7139128233353578     
   1.8000000000000000       -5.9012665725510320     
   1.8499999999999999       -6.0961978224639708     
   1.9000000000000001       -6.2866267059354897     
   1.9500000000000000       -6.4758356393774754     
   2.0000000000000000       -6.6678980804455747     
   2.0499999999999998       -6.8633518123030246     
   2.1000000000000001       -7.0585747010786317     
   2.1499999999999999       -7.2530759421276372     
   2.2000000000000002       -7.4496879258985178     
   2.2500000000000000       -7.6454196067813323     
   2.2999999999999998       -7.8419387494094215     
   2.3500000000000001       -8.0381582988539808     
   2.3999999999999999       -8.2346422214500699     
   2.4500000000000002       -8.4328055548472260     
   2.5000000000000000       -8.6299348198518171     
   2.5499999999999998       -8.8284453679898434     
   2.6000000000000001       -9.0258226169621381     
   2.6499999999999999       -9.2250395544402330     
   2.7000000000000002       -9.4229394424474666     
   2.7500000000000000       -9.6218811596243068     
   2.7999999999999998       -9.8204622938381636     
   2.8500000000000001       -10.019487529816995     
   2.8999999999999999       -10.218721565691052     
   2.9500000000000002       -10.417820031323297     
   3.0000000000000000       -10.616875155183727     
   3.0499999999999998       -10.816260472302314     
   3.1000000000000001       -11.015852842647778     
   3.1499999999999999       -11.215476609494374     
   3.2000000000000002       -11.414914537246679     
   3.2500000000000000       -11.614479808877810     
   3.2999999999999998       -11.814164716909856     
   3.3500000000000001       -12.013828223317185     
   3.3999999999999999       -12.213549025161829     
   3.4500000000000002       -12.413148995282350     
   3.5000000000000000       -12.612688679216852     
   3.5499999999999998       -12.812170971411701     
   3.6000000000000001       -13.011079797039979     
   3.6499999999999999       -13.212761345436688     
   3.7000000000000002       -13.409940470591923     
   3.7500000000000000       -13.601352955958152     
   3.7999999999999998       -13.800917789375285     
   3.8500000000000001       -13.983053005565264     
   3.8999999999999999       -14.184774123971623     
   3.9500000000000002       -14.373557943861160     
   4.0000000000000000       -14.622151310275399     
   4.0499999999999998       -14.713884553337181     
   4.0999999999999996       -15.041438457191164     
   4.1500000000000004       -15.434433883246140     
   4.2000000000000002       -15.438550449440971     
   4.2500000000000000       -14.945856562899817     
   4.2999999999999998       -14.946522148442970     
   4.3499999999999996       -14.885129807170722     
   4.4000000000000004       -14.824256001695996     
   4.4500000000000002       -16.399041908157297     
   4.5000000000000000       -15.522723641046095     
 zone T = "ep =   0.39810717055349726      ",
   1.0000000000000000       -3.3837685377308966     
   1.0500000000000000       -3.5502066739481739     
   1.1000000000000001       -3.7206471074193264     
   1.1499999999999999       -3.8554059331116375     
   1.2000000000000000       -4.0284669535109172     
   1.2500000000000000       -4.1966257686409350     
   1.3000000000000000       -4.3497770144106607     
   1.3499999999999999       -4.5296657051085880     
   1.3999999999999999       -4.6923293424010346     
   1.4500000000000000       -4.8698473487732636     
   1.5000000000000000       -5.0570183797114625     
   1.5500000000000000       -5.2338382512110275     
   1.6000000000000001       -5.4141450807343219     
   1.6499999999999999       -5.5984927245525178     
   1.7000000000000000       -5.7748052882563536     
   1.7500000000000000       -5.9631050662104768     
   1.8000000000000000       -6.1484925521210858     
   1.8499999999999999       -6.3424700449261042     
   1.9000000000000001       -6.5313814701701345     
   1.9500000000000000       -6.7188211274081597     
