 zone T = "ep =    1.0000000000000000      ",
   1.0000000000000000      -0.36861475392010945     
   1.0500000000000000      -0.42644063679084387     
   1.1000000000000001      -0.47745785769015586     
   1.1499999999999999      -0.53192001446685833     
   1.2000000000000000      -0.58497801560407159     
   1.2500000000000000      -0.63044494049663835     
   1.3000000000000000      -0.67751844289241892     
   1.3499999999999999      -0.72961657970011373     
   1.3999999999999999      -0.77782802281034857     
   1.4500000000000000      -0.82581258536102453     
   1.5000000000000000      -0.87692184481000879     
   1.5500000000000000      -0.92375889269169664     
   1.6000000000000001      -0.97385786382604056     
   1.6499999999999999       -1.0217799351914725     
   1.7000000000000000       -1.0707125141476739     
   1.7500000000000000       -1.1202431798968195     
   1.8000000000000000       -1.1687099512736843     
   1.8499999999999999       -1.2179785927127045     
   1.9000000000000001       -1.2672172639358579     
   1.9500000000000000       -1.3164913321275684     
   2.0000000000000000       -1.3645532083098841     
   2.0499999999999998       -1.4150658408856416     
   2.1000000000000001       -1.4643857538015470     
   2.1499999999999999       -1.5139582102876454     
   2.2000000000000002       -1.5635372095757558     
   2.2500000000000000       -1.6130198467455852     
   2.2999999999999998       -1.6627042126569918     
   2.3500000000000001       -1.7122962257950745     
   2.3999999999999999       -1.7619980697883011     
   2.4500000000000002       -1.8117174717602380     
   2.5000000000000000       -1.8614724936207712     
   2.5499999999999998       -1.9112589188755595     
   2.6000000000000001       -1.9610348022305122     
   2.6499999999999999       -2.0108811532955708     
   2.7000000000000002       -2.0607023025496676     
   2.7500000000000000       -2.1105732569255364     
   2.7999999999999998       -2.1604120657109585     
   2.8500000000000001       -2.2102998290667770     
   2.8999999999999999       -2.2602193226409493     
   2.9500000000000002       -2.3101226509662927     
   3.0000000000000000       -2.3599298180440771     
   3.0499999999999998       -2.4099511608633475     
   3.1000000000000001       -2.4598901302286102     
   3.1499999999999999       -2.5098443377663844     
   3.2000000000000002       -2.5597820477477748     
   3.2500000000000000       -2.6097417686642603     
   3.2999999999999998       -2.6596989903399604     
   3.3500000000000001       -2.7096617729797186     
   3.3999999999999999       -2.7596246644528870     
   3.4500000000000002       -2.8095998921557248     
   3.5000000000000000       -2.8595721124314997     
   3.5499999999999998       -2.9095462410970367     
   3.6000000000000001       -2.9595241228092699     
   3.6499999999999999       -3.0095071772320003     
   3.7000000000000002       -3.0594900119563988     
   3.7500000000000000       -3.1094773749548676     
   3.7999999999999998       -3.1594639790746299     
   3.8500000000000001       -3.2094520438792071     
   3.8999999999999999       -3.2594408571793441     
   3.9500000000000002       -3.3094318740057105     
   4.0000000000000000       -3.3594116669067429     
   4.0499999999999998       -3.4094149956335937     
   4.0999999999999996       -3.4594086180932915     
   4.1500000000000004       -3.5094029627867585     
   4.2000000000000002       -3.5593965950500719     
   4.2500000000000000       -3.6093924698400284     
   4.2999999999999998       -3.6593885944903337     
   4.3499999999999996       -3.7093845200145505     
   4.4000000000000004       -3.7593809911736455     
   4.4500000000000002       -3.8093781131664533     
   4.5000000000000000       -3.8593755566940340     
 zone T = "ep =   0.79432823472428149      ",
   1.0000000000000000      -0.43774561971487458     
   1.0500000000000000      -0.48140523886927172     
   1.1000000000000001      -0.53280875190848620     
   1.1499999999999999      -0.58735269432982440     
   1.2000000000000000      -0.64367172175871923     
   1.2500000000000000      -0.69211412511149395     
   1.3000000000000000      -0.73758660455147451     
   1.3499999999999999      -0.78714973280584144     
   1.3999999999999999      -0.83893597737961345     
   1.4500000000000000      -0.88508286459967467     
   1.5000000000000000      -0.93355207303964927     
   1.5500000000000000      -0.98388655501542810     
   1.6000000000000001       -1.0309255262422681     
   1.6499999999999999       -1.0807279683550721     
   1.7000000000000000       -1.1286772266721168     
   1.7500000000000000       -1.1775358013524557     
   1.8000000000000000       -1.2266710894446027     
   1.8499999999999999       -1.2757925305715838     
   1.9000000000000001       -1.3248203714956404     
   1.9500000000000000       -1.3738091898340492     
   2.0000000000000000       -1.4223307587252625     
   2.0499999999999998       -1.4720011133606581     
   2.1000000000000001       -1.5213777456203292     
   2.1499999999999999       -1.5708106561610964     
   2.2000000000000002       -1.6202355378046960     
   2.2500000000000000       -1.6697589529572798     
   2.2999999999999998       -1.7192515974169487     
   2.3500000000000001       -1.7688560530306834     
   2.3999999999999999       -1.8184855067151549     
   2.4500000000000002       -1.8681366696769708     
   2.5000000000000000       -1.9178475507585730     
   2.5499999999999998       -1.9675883139817962     
   2.6000000000000001       -2.0173409322088958     
   2.6499999999999999       -2.0671481301089130     
   2.7000000000000002       -2.1169517742903401     
   2.7500000000000000       -2.1667819081569890     
   2.7999999999999998       -2.2166140507639591     
   2.8500000000000001       -2.2664819720979081     
   2.8999999999999999       -2.3163661959921780     
   2.9500000000000002       -2.3662541243884307     
   3.0000000000000000       -2.4161146238068807     
   3.0499999999999998       -2.4660651278935823     
   3.1000000000000001       -2.5159890430090139     
   3.1499999999999999       -2.5659245136832474     
   3.2000000000000002       -2.6158596996986221     
   3.2500000000000000       -2.6658059472062186     
   3.2999999999999998       -2.7157566830391757     
   3.3500000000000001       -2.7657129961704006     
   3.3999999999999999       -2.8156720214813258     
   3.4500000000000002       -2.8656388407425593     
   3.5000000000000000       -2.9156072286680410     
   3.5499999999999998       -2.9655785168083648     
   3.6000000000000001       -3.0155532671624781     
   3.6499999999999999       -3.0655317581425332     
   3.7000000000000002       -3.1155119171958439     
   3.7500000000000000       -3.1654951766589088     
   3.7999999999999998       -3.2154794762317267     
   3.8500000000000001       -3.2654654368762874     
   3.8999999999999999       -3.3154527537976430     
   3.9500000000000002       -3.3654417984945755     
   4.0000000000000000       -3.4154273067853533     
   4.0499999999999998       -3.4654226555507308     
   4.0999999999999996       -3.5154149066321003     
   4.1500000000000004       -3.5654079904154852     
   4.2000000000000002       -3.6154013330148955     
   4.2500000000000000       -3.6653959821111322     
   4.2999999999999998       -3.7153911441717269     
   4.3499999999999996       -3.7653865963673132     
   4.4000000000000004       -3.8153825717921381     
   4.4500000000000002       -3.8653790911437724     
   4.5000000000000000       -3.9153759970496056     
 zone T = "ep =   0.63095734448019325      ",
   1.0000000000000000      -0.50518332707249047     
   1.0500000000000000      -0.54572123729431876     
   1.1000000000000001      -0.59566816479483231     
   1.1499999999999999      -0.64870549292082669     
   1.2000000000000000      -0.70302327651212582     
   1.2500000000000000      -0.75808318796039720     
   1.3000000000000000      -0.80288779143157107     
   1.3499999999999999      -0.84900350154589188     
   1.3999999999999999      -0.89822491862325182     
   1.4500000000000000      -0.95125569560726997     
   1.5000000000000000      -0.99610199378965214     
   1.5500000000000000       -1.0445891116083199     
   1.6000000000000001       -1.0932633745688152     
   1.6499999999999999       -1.1412479306805166     
   1.7000000000000000       -1.1900339152326509     
   1.7500000000000000       -1.2391099919102886     
   1.8000000000000000       -1.2872398293596268     
   1.8499999999999999       -1.3361334286269617     
   1.9000000000000001       -1.3851804513695753     
   1.9500000000000000       -1.4340693648643714     
   2.0000000000000000       -1.4829835708775929     
   2.0499999999999998       -1.5322011020878712     
   2.1000000000000001       -1.5816180485336726     
   2.1499999999999999       -1.6307549270562389     
   2.2000000000000002       -1.6801213227359635     
   2.2500000000000000       -1.7295364172250247     
   2.2999999999999998       -1.7790100399873294     
   2.3500000000000001       -1.8285905177102617     
   2.3999999999999999       -1.8781171343118239     
   2.4500000000000002       -1.9277457919104106     
   2.5000000000000000       -1.9773795924788740     
   2.5499999999999998       -2.0270723901002441     
   2.6000000000000001       -2.0767959905680518     
   2.6499999999999999       -2.1265504586485582     
   2.7000000000000002       -2.1763227615902454     
   2.7500000000000000       -2.2261225589922606     
   2.7999999999999998       -2.2759426696045955     
   2.8500000000000001       -2.3257839590437701     
   2.8999999999999999       -2.3756439587156963     
   2.9500000000000002       -2.4255168362349648     
   3.0000000000000000       -2.4753928648316847     
   3.0499999999999998       -2.5252993524010807     
   3.1000000000000001       -2.5752088797606802     
   3.1499999999999999       -2.6251284810686020     
   3.2000000000000002       -2.6750564670227903     
   3.2500000000000000       -2.7249916589199792     
   3.2999999999999998       -2.7749343047710022     
   3.3500000000000001       -2.8248825405688227     
   3.3999999999999999       -2.8748362989430039     
   3.4500000000000002       -2.9247959579050637     
   3.5000000000000000       -2.9747591884489260     
   3.5499999999999998       -3.0247263146680927     
   3.6000000000000001       -3.0746972955207705     
   3.6499999999999999       -3.1246714893873615     
   3.7000000000000002       -3.1746484576962231     
   3.7500000000000000       -3.2246279996060712     
   3.7999999999999998       -3.2746096689978521     
   3.8500000000000001       -3.3245933000120385     
   3.8999999999999999       -3.3745786597115242     
   3.9500000000000002       -3.4245656991205538     
   4.0000000000000000       -3.4745531314933698     
   4.0499999999999998       -3.5245437036218523     
   4.0999999999999996       -3.5745345272763238     
   4.1500000000000004       -3.6245263442435163     
   4.2000000000000002       -3.6745189366648243     
   4.2500000000000000       -3.7245124598841239     
   4.2999999999999998       -3.7745066740361657     
   4.3499999999999996       -3.8245014692613362     
   4.4000000000000004       -3.8744968338044807     
   4.4500000000000002       -3.9244927242575907     
   4.5000000000000000       -3.9744890624608922     
 zone T = "ep =   0.50118723362727235      ",
   1.0000000000000000      -0.57717610832863997     
   1.0500000000000000      -0.61424401040611731     
   1.1000000000000001      -0.66033989140692073     
   1.1499999999999999      -0.71012140503485466     
   1.2000000000000000      -0.76181912097009530     
   1.2500000000000000      -0.81487444517429197     
   1.3000000000000000      -0.86940782105129755     
   1.3499999999999999      -0.91283155486562106     
   1.3999999999999999      -0.95937842692638597     
   1.4500000000000000       -1.0090043131514501     
   1.5000000000000000       -1.0598397386566039     
   1.5500000000000000       -1.1053537929690349     
   1.6000000000000001       -1.1543987482371438     
   1.6499999999999999       -1.2026594592366397     
   1.7000000000000000       -1.2510406022888145     
   1.7500000000000000       -1.2991504320432419     
   1.8000000000000000       -1.3485289160720837     
   1.8499999999999999       -1.3964516754931340     
   1.9000000000000001       -1.4451316936117153     
   1.9500000000000000       -1.4940635270279721     
   2.0000000000000000       -1.5430100511482432     
   2.0499999999999998       -1.5920153464602691     
   2.1000000000000001       -1.6412206954435167     
   2.1499999999999999       -1.6904076936688017     
   2.2000000000000002       -1.7396678629138171     
   2.2500000000000000       -1.7889482728191586     
   2.2999999999999998       -1.8383488596895454     
   2.3500000000000001       -1.8878588125266516     
   2.3999999999999999       -1.9373145763473156     
   2.4500000000000002       -1.9868822105223287     
   2.5000000000000000       -2.0364785518051800     
   2.5499999999999998       -2.0861478664435316     
   2.6000000000000001       -2.1358208539791752     
   2.6499999999999999       -2.1855184919112109     
   2.7000000000000002       -2.2352642817029880     
   2.7500000000000000       -2.2850343068706778     
   2.7999999999999998       -2.3348274351315181     
   2.8500000000000001       -2.3846456094176069     
   2.8999999999999999       -2.4344806155227117     
   2.9500000000000002       -2.4843327722182051     
   3.0000000000000000       -2.5342009792446376     
   3.0499999999999998       -2.5840811811973574     
   3.1000000000000001       -2.6339783512488331     
   3.1499999999999999       -2.6838825204349974     
   3.2000000000000002       -2.7337987998557698     
   3.2500000000000000       -2.7837240944735604     
   3.2999999999999998       -2.8336570480248371     
   3.3500000000000001       -2.8835982585221802     
   3.3999999999999999       -2.9335443304139948     
   3.4500000000000002       -2.9834971601654940     
   3.5000000000000000       -3.0334547924211215     
   3.5499999999999998       -3.0834170045375315     
   3.6000000000000001       -3.1333834533569447     
   3.6499999999999999       -3.1833535238585764     
   3.7000000000000002       -3.2333266540009120     
   3.7500000000000000       -3.2833028664791177     
   3.7999999999999998       -3.3332816896390294     
   3.8500000000000001       -3.3832626356267803     
   3.8999999999999999       -3.4332457442728006     
   3.9500000000000002       -3.4832306803973223     
   4.0000000000000000       -3.5332171594172150     
   4.0499999999999998       -3.5832052961941159     
   4.0999999999999996       -3.6331946137844073     
   4.1500000000000004       -3.6831850940806596     
   4.2000000000000002       -3.7331766059719640     
   4.2500000000000000       -3.7831690491952439     
   4.2999999999999998       -3.8331623161575066     
   4.3499999999999996       -3.8831563095509707     
   4.4000000000000004       -3.9331509504493547     
   4.4500000000000002       -3.9831461815395603     
   4.5000000000000000       -4.0331419273039808     
 zone T = "ep =   0.39810717055349726      ",
   1.0000000000000000      -0.65275266587797987     
   1.0500000000000000      -0.68259524517488246     
   1.1000000000000001      -0.72252059286200121     
   1.1499999999999999      -0.76759690287901616     
   1.2000000000000000      -0.81602948410393583     
   1.2500000000000000      -0.86696628308252754     
   1.3000000000000000      -0.92011349756019212     
   1.3499999999999999      -0.97554432680285541     
   1.3999999999999999       -1.0182652110517882     
   1.4500000000000000       -1.0649125758226310     
   1.5000000000000000       -1.1147376685766359     
   1.5500000000000000       -1.1646295210217485     
   1.6000000000000001       -1.2103028555748583     
   1.6499999999999999       -1.2597423694817238     
   1.7000000000000000       -1.3073704170465223     
   1.7500000000000000       -1.3561810634351479     
   1.8000000000000000       -1.4041317301820988     
   1.8499999999999999       -1.4534443686617982     
   1.9000000000000001       -1.5015106038248289     
   1.9500000000000000       -1.5500393952660112     
