 zone T = "ep =    1.0000000000000000      ",
   1.0000000000000000       -2.8780483267756209     
   1.0500000000000000       -3.0572375428953524     
   1.1000000000000001       -3.2398783176642967     
   1.1499999999999999       -3.4065919535074425     
   1.2000000000000000       -3.5932630790804900     
   1.2500000000000000       -3.7784649968116448     
   1.3000000000000000       -3.9557693779865932     
   1.3499999999999999       -4.1483075197386992     
   1.3999999999999999       -4.3308562476694750     
   1.4500000000000000       -4.5219248722637069     
   1.5000000000000000       -4.7184374042240798     
   1.5500000000000000       -4.9088796635384710     
   1.6000000000000001       -5.1010339392029431     
   1.6499999999999999       -5.2954507259367816     
   1.7000000000000000       -5.4847040722167337     
   1.7500000000000000       -5.6809793578044525     
   1.8000000000000000       -5.8751453963928864     
   1.8499999999999999       -6.0743993685491713     
   1.9000000000000001       -6.2702852550110491     
   1.9500000000000000       -6.4649603967522582     
   2.0000000000000000       -6.6614337694347565     
   2.0499999999999998       -6.8601998285328749     
   2.1000000000000001       -7.0585578719269657     
   2.1499999999999999       -7.2562387717634298     
   2.2000000000000002       -7.4552826676417032     
   2.2500000000000000       -7.6535132081691772     
   2.2999999999999998       -7.8522002740616275     
   2.3500000000000001       -8.0505189991818185     
   2.3999999999999999       -8.2489247717141545     
   2.4500000000000002       -8.4484709800329831     
   2.5000000000000000       -8.6471515609404168     
   2.5499999999999998       -8.8467766308452340     
   2.6000000000000001       -9.0454714114820636     
   2.6499999999999999       -9.2454772058658445     
   2.7000000000000002       -9.4444292103423155     
   2.7500000000000000       -9.6440996893752828     
   2.7999999999999998       -9.8434561858331975     
   2.8500000000000001       -10.043095647026272     
   2.8999999999999999       -10.242836620504390     
   2.9500000000000002       -10.442474290742176     
   3.0000000000000000       -10.642106959470384     
   3.0499999999999998       -10.841433035812882     
   3.1000000000000001       -11.041375472482645     
   3.1499999999999999       -11.240869330288412     
   3.2000000000000002       -11.439995535899364     
   3.2500000000000000       -11.637731288613303     
   3.2999999999999998       -11.837749667778340     
   3.3500000000000001       -12.046809039981314     
   3.3999999999999999       -12.216800978481329     
   3.4500000000000002       -12.430518354256982     
   3.5000000000000000       -12.650719028027236     
   3.5499999999999998       -12.862659151058189     
   3.6000000000000001       -12.923534945390470     
   3.6499999999999999       -13.281108073117656     
   3.7000000000000002       -13.505690301747315     
   3.7500000000000000       -13.732523927602417     
   3.7999999999999998       -14.602407252079640     
   3.8500000000000001       -13.109259134715378     
   3.8999999999999999       -13.566977513895093     
   3.9500000000000002       -13.325180171088284     
   4.0000000000000000       -14.473864391202516     
   4.0499999999999998       -13.147139309249649     
   4.0999999999999996       -13.302464352056873     
   4.1500000000000004       -13.047447239187862     
   4.2000000000000002       -13.182359773843654     
   4.2500000000000000       -12.661033870395860     
   4.2999999999999998       -12.725356017141957     
   4.3499999999999996       -12.940436899275481     
   4.4000000000000004       -12.506057357446581     
   4.4500000000000002       -13.527875235018877     
   4.5000000000000000       -13.590273338430043     
 zone T = "ep =   0.79432823472428149      ",
   1.0000000000000000       -2.9560949230525280     
   1.0500000000000000       -3.1433486953020537     
   1.1000000000000001       -3.3328613503504765     
   1.1499999999999999       -3.5006571919277643     
   1.2000000000000000       -3.6921604446950034     
   1.2500000000000000       -3.8806433224542469     
   1.3000000000000000       -4.0583296434670899     
   1.3499999999999999       -4.2542602515047649     
   1.3999999999999999       -4.4370448485370391     
   1.4500000000000000       -4.6299356567160830     
   1.5000000000000000       -4.8292375979899616     
   1.5500000000000000       -5.0204123813739834     
   1.6000000000000001       -5.2133862596396208     
   1.6499999999999999       -5.4088849372487475     
   1.7000000000000000       -5.5974914303110612     
   1.7500000000000000       -5.7947909909590720     
   1.8000000000000000       -5.9891663989426505     
   1.8499999999999999       -6.1898572373813767     
   1.9000000000000001       -6.3860389877626860     
   1.9500000000000000       -6.5804994482307455     
   2.0000000000000000       -6.7771266007264828     
   2.0499999999999998       -6.9765749981625191     
   2.1000000000000001       -7.1753889415455694     
   2.1499999999999999       -7.3732220406220232     
   2.2000000000000002       -7.5727293218208764     
   2.2500000000000000       -7.7711021872236010     
   2.2999999999999998       -7.9699927134598827     
   2.3500000000000001       -8.1683408843742438     
   2.3999999999999999       -8.3667426949619923     
   2.4500000000000002       -8.5665747941411095     
   2.5000000000000000       -8.7652355194269536     
   2.5499999999999998       -8.9650835390658674     
   2.6000000000000001       -9.1636853379859300     
   2.6499999999999999       -9.3639621760320502     
   2.7000000000000002       -9.5628365749390447     
   2.7500000000000000       -9.7626252909637010     
   2.7999999999999998       -9.9619778275552271     
   2.8500000000000001       -10.161686728665449     
   2.8999999999999999       -10.361512314326962     
   2.9500000000000002       -10.561182285227408     
   3.0000000000000000       -10.760798582285926     
   3.0499999999999998       -10.960253642303147     
   3.1000000000000001       -11.160255984720077     
   3.1499999999999999       -11.359816136179589     
   3.2000000000000002       -11.559241531872187     
   3.2500000000000000       -11.757312658860664     
   3.2999999999999998       -11.957831907097903     
   3.3500000000000001       -12.165785277146355     
   3.3999999999999999       -12.340325482832299     
   3.4500000000000002       -12.551533625498033     
   3.5000000000000000       -12.770359844976547     
   3.5499999999999998       -12.990123887310517     
   3.6000000000000001       -13.063366020974403     
   3.6499999999999999       -13.406353948693427     
   3.7000000000000002       -13.639406903611500     
   3.7500000000000000       -13.950268396408362     
   3.7999999999999998       -15.239631660470854     
   3.8500000000000001       -13.290241653825941     
   3.8999999999999999       -13.763383359777578     
   3.9500000000000002       -13.488742382938424     
   4.0000000000000000       -14.670159036346483     
   4.0499999999999998       -13.320364484070938     
   4.0999999999999996       -13.478918581866573     
   4.1500000000000004       -13.227251882157923     
   4.2000000000000002       -13.388373311751780     
   4.2500000000000000       -12.850871548690368     
   4.2999999999999998       -12.919285134839498     
   4.3499999999999996       -13.122440257104113     
   4.4000000000000004       -12.686919476301735     
   4.4500000000000002       -13.767774645743549     
   4.5000000000000000       -13.808267896311866     
 zone T = "ep =   0.63095734448019325      ",
   1.0000000000000000       -3.1443893389791810     
   1.0500000000000000       -3.3402196221924672     
   1.1000000000000001       -3.5375911648877758     
   1.1499999999999999       -3.7073681670957921     
   1.2000000000000000       -3.9050843372013806     
   1.2500000000000000       -4.0983779241669689     
   1.3000000000000000       -4.2773639091726272     
   1.3499999999999999       -4.4786072716246172     
   1.3999999999999999       -4.6625103022859520     
   1.4500000000000000       -4.8587536366802917     
   1.5000000000000000       -5.0629086875991431     
   1.5500000000000000       -5.2560024095137985     
   1.6000000000000001       -5.4509898574969338     
   1.6499999999999999       -5.6489404353756267     
   1.7000000000000000       -5.8372370045396806     
   1.7500000000000000       -6.0368407096018100     
   1.8000000000000000       -6.2321768080544553     
   1.8499999999999999       -6.4358234027328649     
   1.9000000000000001       -6.6330587833605907     
   1.9500000000000000       -6.8276595651821790     
   2.0000000000000000       -7.0250089159574980     
   2.0499999999999998       -7.2260558764937119     
   2.1000000000000001       -7.4260505479230305     
   2.1499999999999999       -7.6245098052528659     
   2.2000000000000002       -7.8251596666164565     
   2.2500000000000000       -8.0240806817612977     
   2.2999999999999998       -8.2236041189792992     
   2.3500000000000001       -8.4222475280619129     
   2.3999999999999999       -8.6208621368921428     
   2.4500000000000002       -8.8214064282719189     
   2.5000000000000000       -9.0202098271250133     
   2.5499999999999998       -9.2206218774874547     
   2.6000000000000001       -9.4191982178366622     
   2.6499999999999999       -9.6200964995376967     
   2.7000000000000002       -9.8189440735650706     
   2.7500000000000000       -10.019050103528715     
   2.7999999999999998       -10.218486565509959     
   2.8500000000000001       -10.418389034020143     
   2.8999999999999999       -10.618436790078084     
   2.9500000000000002       -10.818208628203811     
   3.0000000000000000       -11.017851775535503     
   3.0499999999999998       -11.217470212033776     
   3.1000000000000001       -11.417617666663089     
   3.1499999999999999       -11.617361445229818     
   3.2000000000000002       -11.816806561912356     
   3.2500000000000000       -12.015064277753964     
   3.2999999999999998       -12.215536872427924     
   3.3500000000000001       -12.423362401649692     
   3.3999999999999999       -12.598390564614196     
   3.4500000000000002       -12.809267088855016     
   3.5000000000000000       -13.028199085595483     
   3.5499999999999998       -13.242571769739753     
   3.6000000000000001       -13.326232774732560     
   3.6499999999999999       -13.666508301454389     
   3.7000000000000002       -13.894364245796835     
   3.7500000000000000       -14.254264711770018     
   3.7999999999999998       -15.857679757182947     
   3.8500000000000001       -13.580988228337906     
   3.8999999999999999       -14.019302982405137     
   3.9500000000000002       -13.791074333056418     
   4.0000000000000000       -14.845897926634841     
   4.0499999999999998       -13.607564844090605     
   4.0999999999999996       -13.781039313512604     
   4.1500000000000004       -13.510203375134767     
   4.2000000000000002       -13.664903290696348     
   4.2500000000000000       -13.135045834649135     
   4.2999999999999998       -13.203840381780450     
   4.3499999999999996       -13.396781914426398     
   4.4000000000000004       -12.972941019413316     
   4.4500000000000002       -14.049806625179615     
   4.5000000000000000       -14.088302431106808     
 zone T = "ep =   0.50118723362727235      ",
   1.0000000000000000       -3.4353347689136950     
   1.0500000000000000       -3.6410810961435751     
   1.1000000000000001       -3.8482358527859648     
   1.1499999999999999       -4.0217333399487067     
   1.2000000000000000       -4.2283555592590210     
   1.2500000000000000       -4.4295822121853607     
   1.3000000000000000       -4.6119346463992095     
   1.3499999999999999       -4.8227806418817458     
   1.3999999999999999       -5.0100122306169119     
   1.4500000000000000       -5.2133750856809282     
   1.5000000000000000       -5.4275796729799612     
   1.5500000000000000       -5.6259040129672737     
   1.6000000000000001       -5.8263069513709755     
   1.6499999999999999       -6.0307145326671003     
   1.7000000000000000       -6.2200096042806532     
   1.7500000000000000       -6.4258261628172280     
   1.8000000000000000       -6.6246149143470259     
   1.8499999999999999       -6.8359935655004094     
   1.9000000000000001       -7.0369117298783701     
   1.9500000000000000       -7.2330600092869366     
   2.0000000000000000       -7.4331892437377016     
   2.0499999999999998       -7.6390080746697917     
   2.1000000000000001       -7.8427766278646702     
   2.1499999999999999       -8.0436632083643111     
   2.2000000000000002       -8.2479353551299521     
   2.2500000000000000       -8.4489791768296598     
   2.2999999999999998       -8.6507914794056067     
   2.3500000000000001       -8.8508196330168900     
   2.3999999999999999       -9.0505599231230764     
   2.4500000000000002       -9.2534468939930647     
   2.5000000000000000       -9.4530995206498289     
   2.5499999999999998       -9.6554010909343972     
   2.6000000000000001       -9.8543049129769553     
   2.6499999999999999       -10.057175188157519     
   2.7000000000000002       -10.256272634503533     
   2.7500000000000000       -10.457494527054624     
   2.7999999999999998       -10.657407073095655     
   2.8500000000000001       -10.858059713867657     
   2.8999999999999999       -11.058893113935055     
   2.9500000000000002       -11.259118217871123     
   3.0000000000000000       -11.459022669203296     
   3.0499999999999998       -11.659057030328380     
   3.1000000000000001       -11.859793937419617     
   3.1499999999999999       -12.060050454996949     
   3.2000000000000002       -12.259506397809741     
   3.2500000000000000       -12.457763867266644     
   3.2999999999999998       -12.658565939225319     
   3.3500000000000001       -12.866730743370281     
   3.3999999999999999       -13.039363120023610     
   3.4500000000000002       -13.250801495259461     
   3.5000000000000000       -13.469556343901294     
   3.5499999999999998       -13.684821519530855     
   3.6000000000000001       -13.754646137963036     
   3.6499999999999999       -14.109491730176746     
   3.7000000000000002       -14.335561693036235     
   3.7500000000000000       -14.637244763232159     
   3.7999999999999998       -15.947856387532035     
   3.8500000000000001       -13.985013706330793     
   3.8999999999999999       -14.468292150507107     
   3.9500000000000002       -14.193861088948086     
   4.0000000000000000       -15.316724948256814     
   4.0499999999999998       -14.010184216833881     
   4.0999999999999996       -14.143349997437713     
   4.1500000000000004       -13.894837075981705     
   4.2000000000000002       -14.070573664146377     
   4.2500000000000000       -13.532087134461925     
   4.2999999999999998       -13.599102331737155     
   4.3499999999999996       -13.814809040597321     
   4.4000000000000004       -13.369076167137981     
   4.4500000000000002       -14.425311843485506     
   4.5000000000000000       -14.528281877821904     
 zone T = "ep =   0.39810717055349726      ",
   1.0000000000000000       -3.7907928854624662     
   1.0500000000000000       -4.0006352299068926     
   1.1000000000000001       -4.2118529605933350     
   1.1499999999999999       -4.3867297481709562     
   1.2000000000000000       -4.5977011787902278     
   1.2500000000000000       -4.8038655752871486     
   1.3000000000000000       -4.9880192026712429     
   1.3499999999999999       -5.2068006271434690     
   1.3999999999999999       -5.3962747574034093     
   1.4500000000000000       -5.6061602287826986     
   1.5000000000000000       -5.8306788113805075     
   1.5500000000000000       -6.0348692246922822     
   1.6000000000000001       -6.2414489002573523     
   1.6499999999999999       -6.4541926795971731     
   1.7000000000000000       -6.6448686450229779     
   1.7500000000000000       -6.8593618703504857     
   1.8000000000000000       -7.0632110160483981     
   1.8499999999999999       -7.2864178755133286     
   1.9000000000000001       -7.4935407964603327     
   1.9500000000000000       -7.6924525430110764     
