 zone T = "ep =    1.00000000000000      ",
   1.39794000867204       -7.39490004790148     
   1.44794000867204       -7.57967815126377     
   1.49794000867204       -7.76447955469504     
   1.54794000867204       -7.94355633179425     
   1.59794000867204       -8.10326530530809     
   1.64794000867204       -8.22075059558569     
   1.69794000867204       -8.27403530617002     
   1.74794000867204       -8.45720149970746     
   1.79794000867204       -8.63439036654368     
   1.84794000867204       -8.76450276878762     
   1.89794000867204       -8.88025772131216     
   1.94794000867204       -9.05865878935708     
   1.99794000867204       -9.16384740331062     
   2.04794000867204       -9.34168357147617     
   2.09794000867204       -9.45706368850161     
   2.14794000867204       -9.63561428960502     
   2.19794000867204       -9.77094713784896     
   2.24794000867204       -9.90711416187058     
   2.29794000867204       -10.0591844884253     
   2.34794000867204       -10.2104109262987     
   2.39794000867204       -10.3173659788923     
   2.44794000867204       -10.5072623136558     
   2.49794000867204       -10.6645784166306     
   2.54794000867204       -10.8046861119920     
   2.59794000867204       -10.9556341881666     
   2.64794000867204       -11.1010429610077     
   2.69794000867204       -11.2509517941253     
   2.74794000867204       -11.4040574230082     
   2.79794000867204       -11.5497755206769     
   2.84794000867204       -11.6999504423167     
   2.89794000867204       -11.8526702138602     
   2.94794000867204       -12.0014982423965     
   2.99794000867204       -12.1504750440085     
   3.04794000867204       -12.3006823741112     
   3.09794000867204       -12.4477530349284     
   3.14794000867204       -12.5982502882337     
   3.19794000867204       -12.7472648789264     
   3.24794000867204       -12.8985884958770     
   3.29794000867204       -13.0483102050904     
   3.34794000867204       -13.1970019596777     
   3.39794000867204       -13.3464610411579     
   3.44794000867204       -13.4970195418724     
   3.49794000867204       -13.6470612168157     
   3.54794000867204       -13.7969175722099     
   3.59794000867204       -13.9472038625532     
   3.64794000867204       -14.0969171486557     
   3.69794000867204       -14.2469566853882     
   3.74794000867204       -14.3965872527339     
   3.79794000867204       -14.5463428411418     
   3.84794000867204       -14.6964476468942     
   3.89794000867204       -14.8462009046873     
   3.94794000867204       -14.9962339173666     
   3.99794000867204       -15.1458338690948     
   4.04794000867204       -15.2959312071910     
   4.09794000867204       -15.4454776126695     
   4.14794000867204       -15.5952447801294     
   4.19794000867204       -15.7446709663395     
   4.24794000867204       -15.8940644963398     
   4.29794000867204       -16.0432895490295     
   4.34794000867204       -16.1920259266218     
   4.39794000867204       -16.3402289782696     
   4.44794000867204       -16.4878266690839     
   4.49794000867204       -16.6344935360854     
   4.54794000867204       -16.7795188756887     
   4.59794000867204       -16.9227980670084     
   4.64794000867204       -17.0628395275393     
   4.69794000867204       -17.1990358595376     
   4.74794000867204       -17.3289453046988     
   4.79794000867204       -17.4508161362632     
   4.84794000867204       -17.5610108318431     
   4.89794000867204       -17.6558560226680     
 zone T = "ep =   0.794328234724281      ",
   1.39794000867204       -7.28133207738060     
   1.44794000867204       -7.46287715902845     
   1.49794000867204       -7.64484047265658     
   1.54794000867204       -7.82176251758055     
   1.59794000867204       -7.98070613746019     
   1.64794000867204       -8.09973066901822     
   1.69794000867204       -8.15679352710997     
   1.74794000867204       -8.33736114052088     
