 zone T = "ep =    1.00000000000000      ",
   1.39794000867204       -6.67977086985617     
   1.44794000867204       -6.86379407302501     
   1.49794000867204       -7.04787974266571     
   1.54794000867204       -7.22616389216303     
   1.59794000867204       -7.38484935912269     
   1.64794000867204       -7.50108226927612     
   1.69794000867204       -7.55328147172176     
   1.74794000867204       -7.73619460601379     
   1.79794000867204       -7.91299854824184     
   1.84794000867204       -8.04225564082512     
   1.89794000867204       -8.15739575121065     
   1.94794000867204       -8.33562415941979     
   1.99794000867204       -8.43996111158919     
   2.04794000867204       -8.61777315983074     
   2.09794000867204       -8.73246188051122     
   2.14794000867204       -8.91103222475280     
   2.19794000867204       -9.04597416503182     
   2.24794000867204       -9.18175283053304     
   2.29794000867204       -9.33362762137815     
   2.34794000867204       -9.48468625341125     
   2.39794000867204       -9.59102111651992     
   2.44794000867204       -9.78120701572088     
   2.49794000867204       -9.93570644995904     
   2.54794000867204       -10.0744043746920     
   2.59794000867204       -10.2305189855142     
   2.64794000867204       -10.3847271709761     
   2.69794000867204       -10.5238201487982     
   2.74794000867204       -10.6769077426257     
   2.79794000867204       -10.8225202551706     
   2.84794000867204       -10.9731038325238     
   2.89794000867204       -11.1258481510987     
   2.94794000867204       -11.2745725809609     
   2.99794000867204       -11.4234552535281     
   3.04794000867204       -11.5735943823034     
   3.09794000867204       -11.7205652506266     
   3.14794000867204       -11.8710121160453     
   3.19794000867204       -12.0199638139413     
   3.24794000867204       -12.1712590103297     
   3.29794000867204       -12.3209379920613     
   3.34794000867204       -12.4695781945142     
   3.39794000867204       -12.6190001482818     
   3.44794000867204       -12.7695395056506     
   3.49794000867204       -12.9195593114933     
   3.54794000867204       -13.0693961689693     
   3.59794000867204       -13.2196728629138     
   3.64794000867204       -13.3693735213489     
   3.69794000867204       -13.5194110609440     
   3.74794000867204       -13.6690411160280     
   3.79794000867204       -13.8188086373594     
   3.84794000867204       -13.9689409579252     
   3.89794000867204       -14.1187326420249     
   3.94794000867204       -14.2688266070033     
   3.99794000867204       -14.4185246125382     
   4.04794000867204       -14.5687792291803     
   4.09794000867204       -14.7185154116089     
   4.14794000867204       -14.8685690641019     
   4.19794000867204       -15.0184047421367     
   4.24794000867204       -15.1683982346856     
   4.29794000867204       -15.3184490066018     
   4.34794000867204       -15.4683606558184     
   4.39794000867204       -15.6182093759035     
   4.44794000867204       -15.7681863708706     
   4.49794000867204       -15.9180562908092     
   4.54794000867204       -16.0680179579678     
   4.59794000867204       -16.2180340708662     
   4.64794000867204       -16.3678114945408     
   4.69794000867204       -16.5177264564203     
   4.74794000867204       -16.6669114852354     
   4.79794000867204       -16.8161451227377     
   4.84794000867204       -16.9654612713202     
   4.89794000867204       -17.1125698549882     
 zone T = "ep =   0.794328234724281      ",
   1.39794000867204       -6.45544928010564     
   1.44794000867204       -6.63655653815559     
   1.49794000867204       -6.81809547691470     
   1.54794000867204       -6.99449033848501     
   1.59794000867204       -7.15262220952470     
   1.64794000867204       -7.27047409981649     
   1.69794000867204       -7.32633829336409     
   1.74794000867204       -7.50683494781684     
