 zone T = "ep =    1.00000000000000      ",
   1.39794000867204       -6.57964610505483     
   1.44794000867204       -6.82969306185098     
   1.49794000867204       -7.07915515664193     
   1.54794000867204       -7.32447877257458     
   1.59794000867204       -7.55121647693288     
   1.64794000867204       -7.72213475378768     
   1.69794000867204       -7.78740368414564     
   1.74794000867204       -8.03148188855300     
   1.79794000867204       -8.27359135244443     
   1.84794000867204       -8.45860774375205     
   1.89794000867204       -8.60661402996793     
   1.94794000867204       -8.84880256679356     
   1.99794000867204       -8.99215702890769     
   2.04794000867204       -9.22907399748674     
   2.09794000867204       -9.38546939202154     
   2.14794000867204       -9.62662686477835     
   2.19794000867204       -9.80668077397375     
   2.24794000867204       -9.98938788237822     
   2.29794000867204       -10.1952900152134     
   2.34794000867204       -10.3982318747360     
   2.39794000867204       -10.5846540630191     
   2.44794000867204       -10.7933227485092     
   2.49794000867204       -10.8218591722099     
   2.54794000867204       -10.7508118229909     
   2.59794000867204       -11.1033957960004     
   2.64794000867204       -11.6084514034096     
   2.69794000867204       -10.5082311993084     
   2.74794000867204       -10.6623387015589     
   2.79794000867204       -10.8069279147203     
   2.84794000867204       -10.9574623121087     
   2.89794000867204       -11.1110184147371     
   2.94794000867204       -11.2595455502144     
   2.99794000867204       -11.4082609135845     
   3.04794000867204       -11.5585502330772     
   3.09794000867204       -11.7048510560968     
   3.14794000867204       -11.8555161001032     
   3.19794000867204       -12.0043536982797     
   3.24794000867204       -12.1561932831456     
   3.29794000867204       -12.3061025363738     
   3.34794000867204       -12.4546721521397     
   3.39794000867204       -12.6041683167674     
   3.44794000867204       -12.7556088884078     
   3.49794000867204       -12.9064438972909     
   3.54794000867204       -13.0569494169404     
   3.59794000867204       -13.2096303124655     
   3.64794000867204       -13.3574142507748     
   3.69794000867204       -13.5101683800152     
   3.74794000867204       -13.6676023220586     
   3.79794000867204       -13.8069653594784     
   3.84794000867204       -13.9741046080987     
   3.89794000867204       -14.1258989846315     
   3.94794000867204       -14.2426450638912     
   3.99794000867204       -14.3521441761444     
   4.04794000867204       -14.4129861551724     
   4.09794000867204       -14.5332619506590     
   4.14794000867204       -14.4435439774038     
   4.19794000867204       -14.5327191371550     
   4.24794000867204       -14.4797366150208     
   4.29794000867204       -14.4579448329507     
   4.34794000867204       -14.5621363181993     
   4.39794000867204       -14.4256512719859     
   4.44794000867204       -14.4306178661324     
   4.49794000867204       -14.5208537244245     
   4.54794000867204       -14.3974230642101     
   4.59794000867204       -14.4442230509601     
   4.64794000867204       -14.4809207831141     
   4.69794000867204       -14.4055431403688     
   4.74794000867204       -14.5773244707716     
   4.79794000867204       -14.3668236713817     
   4.84794000867204       -15.3565887087895     
   4.89794000867204       -14.4644300422491     
 zone T = "ep =   0.794328234724281      ",
   1.39794000867204       -6.24847739825727     
   1.44794000867204       -6.49937239201783     
   1.49794000867204       -6.74953956702275     
   1.54794000867204       -6.99545585625792     
   1.59794000867204       -7.22267931050824     
   1.64794000867204       -7.39388685588504     
   1.69794000867204       -7.45908673057370     
   1.74794000867204       -7.70352306450010     
