 zone T = "Algebraic Variable - IMPLICIT",
 0.00000E+00  0.32745E+01
-0.10000E+00  0.36620E+01
-0.20000E+00  0.36606E+01
-0.30000E+00  0.36365E+01
-0.40000E+00  0.36041E+01
-0.50000E+00  0.35680E+01
-0.60000E+00  0.35258E+01
-0.70000E+00  0.34762E+01
-0.80000E+00  0.34214E+01
-0.90000E+00  0.33474E+01
-0.10000E+01  0.32808E+01
-0.11000E+01  0.32105E+01
-0.12000E+01  0.31365E+01
-0.13000E+01  0.30617E+01
-0.14000E+01  0.29827E+01
-0.15000E+01  0.28830E+01
-0.16000E+01  0.28031E+01
-0.17000E+01  0.27244E+01
-0.18000E+01  0.26467E+01
-0.19000E+01  0.25709E+01
-0.20000E+01  0.24979E+01
-0.21000E+01  0.24270E+01
-0.22000E+01  0.23596E+01
-0.23000E+01  0.22959E+01
-0.24000E+01  0.22351E+01
-0.25000E+01  0.21786E+01
-0.26000E+01  0.21257E+01
-0.27000E+01  0.20763E+01
-0.28000E+01  0.20310E+01
-0.29000E+01  0.19719E+01
-0.30000E+01  0.19351E+01
-0.31000E+01  0.19020E+01
-0.32000E+01  0.18723E+01
-0.33000E+01  0.18352E+01
-0.34000E+01  0.18050E+01
-0.35000E+01  0.17824E+01
-0.36000E+01  0.17674E+01
-0.37000E+01  0.17597E+01
-0.38000E+01  0.17590E+01
-0.39000E+01  0.17647E+01
-0.40000E+01  0.17763E+01
-0.41000E+01  0.17931E+01
-0.42000E+01  0.18141E+01
-0.43000E+01  0.18389E+01
-0.44000E+01  0.18665E+01
-0.45000E+01  0.18965E+01
-0.46000E+01  0.19283E+01
-0.47000E+01  0.19620E+01
-0.48000E+01  0.19963E+01
-0.49000E+01  0.20325E+01
-0.50000E+01  0.20688E+01
-0.51000E+01  0.21053E+01
-0.52000E+01  0.21427E+01
-0.53000E+01  0.22067E+01
-0.54000E+01  0.23045E+01
-0.55000E+01  0.24082E+01
-0.56000E+01  0.25196E+01
-0.57000E+01  0.26391E+01
-0.58000E+01  0.27633E+01
-0.59000E+01  0.28947E+01
-0.60000E+01  0.30318E+01
-0.61000E+01  0.31743E+01
-0.62000E+01  0.33185E+01
-0.63000E+01  0.34628E+01
-0.64000E+01  0.35563E+01
-0.65000E+01  0.36917E+01
-0.66000E+01  0.38056E+01
-0.67000E+01  0.38756E+01
-0.68000E+01  0.39002E+01
-0.69000E+01  0.40093E+01
-0.70000E+01  0.40377E+01
-0.71000E+01  0.39830E+01
-0.72000E+01  0.39791E+01
-0.73000E+01  0.40099E+01
-0.74000E+01  0.40924E+01
-0.75000E+01  0.41288E+01
-0.76000E+01  0.40686E+01
-0.77000E+01  0.41291E+01
-0.78000E+01  0.39417E+01
-0.79000E+01  0.39927E+01
-0.80000E+01  0.40567E+01
 zone T = "Differential Variable - IMPLICIT",
 0.00000E+00  0.37137E+01
-0.10000E+00  0.36973E+01
-0.20000E+00  0.36805E+01
-0.30000E+00  0.36577E+01
-0.40000E+00  0.36260E+01
-0.50000E+00  0.35890E+01
-0.60000E+00  0.35446E+01
-0.70000E+00  0.34820E+01
-0.80000E+00  0.34247E+01
-0.90000E+00  0.33624E+01
-0.10000E+01  0.32942E+01
-0.11000E+01  0.32225E+01
-0.12000E+01  0.31469E+01
-0.13000E+01  0.30707E+01
-0.14000E+01  0.29704E+01
-0.15000E+01  0.28896E+01
-0.16000E+01  0.28085E+01
-0.17000E+01  0.27287E+01
-0.18000E+01  0.26502E+01
-0.19000E+01  0.25737E+01
-0.20000E+01  0.25001E+01
-0.21000E+01  0.24288E+01
-0.22000E+01  0.23610E+01
-0.23000E+01  0.22970E+01
-0.24000E+01  0.22360E+01
-0.25000E+01  0.21793E+01
-0.26000E+01  0.21263E+01
-0.27000E+01  0.20767E+01
-0.28000E+01  0.20126E+01
-0.29000E+01  0.19721E+01
-0.30000E+01  0.19353E+01
-0.31000E+01  0.19022E+01
-0.32000E+01  0.18724E+01
-0.33000E+01  0.18353E+01
-0.34000E+01  0.18051E+01
-0.35000E+01  0.17825E+01
-0.36000E+01  0.17674E+01
-0.37000E+01  0.17597E+01
-0.38000E+01  0.17590E+01
-0.39000E+01  0.17647E+01
-0.40000E+01  0.17763E+01
-0.41000E+01  0.17931E+01
-0.42000E+01  0.18142E+01
-0.43000E+01  0.18389E+01
-0.44000E+01  0.18665E+01
-0.45000E+01  0.18965E+01
-0.46000E+01  0.19283E+01
-0.47000E+01  0.19620E+01
-0.48000E+01  0.19963E+01
-0.49000E+01  0.20325E+01
-0.50000E+01  0.20688E+01
-0.51000E+01  0.21053E+01
-0.52000E+01  0.21427E+01
-0.53000E+01  0.22067E+01
-0.54000E+01  0.23045E+01
-0.55000E+01  0.24082E+01
-0.56000E+01  0.25196E+01
-0.57000E+01  0.26391E+01
-0.58000E+01  0.27633E+01
-0.59000E+01  0.28946E+01
-0.60000E+01  0.30319E+01
-0.61000E+01  0.31743E+01
-0.62000E+01  0.33192E+01
-0.63000E+01  0.34631E+01
-0.64000E+01  0.36026E+01
-0.65000E+01  0.36890E+01
-0.66000E+01  0.38092E+01
-0.67000E+01  0.38735E+01
-0.68000E+01  0.39311E+01
-0.69000E+01  0.39505E+01
-0.70000E+01  0.39905E+01
-0.71000E+01  0.40026E+01
-0.72000E+01  0.40122E+01
-0.73000E+01  0.40373E+01
-0.74000E+01  0.40430E+01
-0.75000E+01  0.40469E+01
-0.76000E+01  0.40520E+01
-0.77000E+01  0.40544E+01
-0.78000E+01  0.40574E+01
-0.79000E+01  0.40588E+01
-0.80000E+01  0.40604E+01
 zone T = "Differential Variable - IMPLICIT",
 0.00000E+00  0.35278E+01
-0.10000E+00  0.34694E+01
-0.20000E+00  0.34736E+01
-0.30000E+00  0.34961E+01
-0.40000E+00  0.34752E+01
-0.50000E+00  0.34409E+01
-0.60000E+00  0.33949E+01
-0.70000E+00  0.33362E+01
-0.80000E+00  0.32948E+01
-0.90000E+00  0.32215E+01
-0.10000E+01  0.31408E+01
-0.11000E+01  0.30540E+01
-0.12000E+01  0.29608E+01
-0.13000E+01  0.28593E+01
-0.14000E+01  0.27277E+01
-0.15000E+01  0.26543E+01
-0.16000E+01  0.25838E+01
-0.17000E+01  0.24690E+01
-0.18000E+01  0.24161E+01
-0.19000E+01  0.23504E+01
-0.20000E+01  0.22860E+01
-0.21000E+01  0.21574E+01
-0.22000E+01  0.21543E+01
-0.23000E+01  0.20643E+01
-0.24000E+01  0.20049E+01
-0.25000E+01  0.19543E+01
-0.26000E+01  0.19118E+01
-0.27000E+01  0.18688E+01
-0.28000E+01  0.18205E+01
-0.29000E+01  0.17684E+01
-0.30000E+01  0.17138E+01
-0.31000E+01  0.16577E+01
-0.32000E+01  0.16209E+01
-0.33000E+01  0.15906E+01
-0.34000E+01  0.15577E+01
-0.35000E+01  0.15367E+01
-0.36000E+01  0.15294E+01
-0.37000E+01  0.15204E+01
-0.38000E+01  0.15154E+01
-0.39000E+01  0.15280E+01
-0.40000E+01  0.15384E+01
-0.41000E+01  0.15446E+01
-0.42000E+01  0.15758E+01
-0.43000E+01  0.15989E+01
-0.44000E+01  0.16102E+01
-0.45000E+01  0.16559E+01
-0.46000E+01  0.16879E+01
-0.47000E+01  0.17134E+01
-0.48000E+01  0.17572E+01
-0.49000E+01  0.17945E+01
-0.50000E+01  0.18269E+01
-0.51000E+01  0.18713E+01
-0.52000E+01  0.19121E+01
-0.53000E+01  0.19493E+01
-0.54000E+01  0.19950E+01
-0.55000E+01  0.20373E+01
-0.56000E+01  0.20788E+01
-0.57000E+01  0.21261E+01
-0.58000E+01  0.21698E+01
-0.59000E+01  0.22696E+01
-0.60000E+01  0.23787E+01
-0.61000E+01  0.24950E+01
-0.62000E+01  0.26202E+01
-0.63000E+01  0.27530E+01
-0.64000E+01  0.28902E+01
-0.65000E+01  0.40861E+01
-0.66000E+01  0.40895E+01
-0.67000E+01  0.40698E+01
-0.68000E+01  0.40579E+01
-0.69000E+01  0.41062E+01
-0.70000E+01  0.40064E+01
-0.71000E+01  0.40261E+01
-0.72000E+01  0.39788E+01
-0.73000E+01  0.39870E+01
-0.74000E+01  0.39572E+01
-0.75000E+01  0.39374E+01
-0.76000E+01  0.39225E+01
-0.77000E+01  0.39215E+01
-0.78000E+01  0.39138E+01
-0.79000E+01  0.39061E+01
-0.80000E+01  0.38998E+01
