 zone T = "Algebraic Variable - IMPLICIT",
 0.00000E+00  0.48900E+01
-0.10000E+00  0.48602E+01
-0.20000E+00  0.48220E+01
-0.30000E+00  0.47841E+01
-0.40000E+00  0.47180E+01
-0.50000E+00  0.46354E+01
-0.60000E+00  0.45198E+01
-0.70000E+00  0.43097E+01
-0.80000E+00  0.41844E+01
-0.90000E+00  0.40992E+01
-0.10000E+01  0.40232E+01
-0.11000E+01  0.39401E+01
-0.12000E+01  0.39216E+01
-0.13000E+01  0.38746E+01
-0.14000E+01  0.38129E+01
-0.15000E+01  0.37477E+01
-0.16000E+01  0.36787E+01
-0.17000E+01  0.36085E+01
-0.18000E+01  0.35635E+01
-0.19000E+01  0.34918E+01
-0.20000E+01  0.34206E+01
-0.21000E+01  0.33499E+01
-0.22000E+01  0.32807E+01
-0.23000E+01  0.32132E+01
-0.24000E+01  0.31707E+01
-0.25000E+01  0.31066E+01
-0.26000E+01  0.30445E+01
-0.27000E+01  0.29847E+01
-0.28000E+01  0.29275E+01
-0.29000E+01  0.28920E+01
-0.30000E+01  0.28393E+01
-0.31000E+01  0.27893E+01
-0.32000E+01  0.27419E+01
-0.33000E+01  0.26973E+01
-0.34000E+01  0.26549E+01
-0.35000E+01  0.26157E+01
-0.36000E+01  0.25677E+01
-0.37000E+01  0.25252E+01
-0.38000E+01  0.24878E+01
-0.39000E+01  0.24542E+01
-0.40000E+01  0.24228E+01
-0.41000E+01  0.23910E+01
-0.42000E+01  0.23131E+01
-0.43000E+01  0.22990E+01
-0.44000E+01  0.22235E+01
-0.45000E+01  0.21835E+01
-0.46000E+01  0.21549E+01
-0.47000E+01  0.21332E+01
-0.48000E+01  0.21161E+01
-0.49000E+01  0.21023E+01
-0.50000E+01  0.20909E+01
-0.51000E+01  0.20815E+01
-0.52000E+01  0.20736E+01
-0.53000E+01  0.20670E+01
-0.54000E+01  0.20616E+01
-0.55000E+01  0.20570E+01
-0.56000E+01  0.20533E+01
-0.57000E+01  0.20502E+01
-0.58000E+01  0.20477E+01
-0.59000E+01  0.20457E+01
-0.60000E+01  0.20440E+01
-0.61000E+01  0.20427E+01
-0.62000E+01  0.20416E+01
-0.63000E+01  0.20408E+01
-0.64000E+01  0.20401E+01
-0.65000E+01  0.20395E+01
-0.66000E+01  0.20391E+01
-0.67000E+01  0.20388E+01
-0.68000E+01  0.20385E+01
-0.69000E+01  0.20382E+01
-0.70000E+01  0.20381E+01
-0.71000E+01  0.20379E+01
-0.72000E+01  0.20378E+01
-0.73000E+01  0.20377E+01
-0.74000E+01  0.20377E+01
-0.75000E+01  0.20376E+01
-0.76000E+01  0.20376E+01
-0.77000E+01  0.20375E+01
-0.78000E+01  0.20375E+01
-0.79000E+01  0.20375E+01
-0.80000E+01  0.20375E+01
 zone T = "Differential Variable - IMPLICIT",
 0.00000E+00  0.48925E+01
-0.10000E+00  0.48632E+01
-0.20000E+00  0.48265E+01
-0.30000E+00  0.47786E+01
-0.40000E+00  0.47228E+01
-0.50000E+00  0.46423E+01
-0.60000E+00  0.45300E+01
-0.70000E+00  0.43433E+01
-0.80000E+00  0.41866E+01
-0.90000E+00  0.40887E+01
-0.10000E+01  0.39973E+01
-0.11000E+01  0.39427E+01
-0.12000E+01  0.39298E+01
-0.13000E+01  0.38755E+01
-0.14000E+01  0.38118E+01
-0.15000E+01  0.37459E+01
-0.16000E+01  0.36768E+01
-0.17000E+01  0.36065E+01
-0.18000E+01  0.35618E+01
-0.19000E+01  0.34903E+01
-0.20000E+01  0.34195E+01
-0.21000E+01  0.33489E+01
-0.22000E+01  0.32800E+01
-0.23000E+01  0.32127E+01
-0.24000E+01  0.31703E+01
-0.25000E+01  0.31063E+01
-0.26000E+01  0.30443E+01
-0.27000E+01  0.29845E+01
-0.28000E+01  0.29274E+01
-0.29000E+01  0.28920E+01
-0.30000E+01  0.28392E+01
-0.31000E+01  0.27893E+01
-0.32000E+01  0.27418E+01
-0.33000E+01  0.26973E+01
-0.34000E+01  0.26549E+01
-0.35000E+01  0.26157E+01
-0.36000E+01  0.25677E+01
-0.37000E+01  0.25252E+01
-0.38000E+01  0.24878E+01
-0.39000E+01  0.24542E+01
-0.40000E+01  0.24228E+01
-0.41000E+01  0.23910E+01
-0.42000E+01  0.23131E+01
-0.43000E+01  0.22990E+01
-0.44000E+01  0.22235E+01
-0.45000E+01  0.21835E+01
-0.46000E+01  0.21549E+01
-0.47000E+01  0.21332E+01
-0.48000E+01  0.21161E+01
-0.49000E+01  0.21023E+01
-0.50000E+01  0.20909E+01
-0.51000E+01  0.20815E+01
-0.52000E+01  0.20736E+01
-0.53000E+01  0.20670E+01
-0.54000E+01  0.20616E+01
-0.55000E+01  0.20570E+01
-0.56000E+01  0.20533E+01
-0.57000E+01  0.20502E+01
-0.58000E+01  0.20477E+01
-0.59000E+01  0.20457E+01
-0.60000E+01  0.20440E+01
-0.61000E+01  0.20427E+01
-0.62000E+01  0.20416E+01
-0.63000E+01  0.20408E+01
-0.64000E+01  0.20401E+01
-0.65000E+01  0.20395E+01
-0.66000E+01  0.20391E+01
-0.67000E+01  0.20388E+01
-0.68000E+01  0.20385E+01
-0.69000E+01  0.20382E+01
-0.70000E+01  0.20381E+01
-0.71000E+01  0.20379E+01
-0.72000E+01  0.20378E+01
-0.73000E+01  0.20377E+01
-0.74000E+01  0.20377E+01
-0.75000E+01  0.20376E+01
-0.76000E+01  0.20376E+01
-0.77000E+01  0.20375E+01
-0.78000E+01  0.20375E+01
-0.79000E+01  0.20375E+01
-0.80000E+01  0.20375E+01
 zone T = "Differential Variable - IMPLICIT",
 0.00000E+00  0.45974E+01
-0.10000E+00  0.47270E+01
-0.20000E+00  0.47291E+01
-0.30000E+00  0.47020E+01
-0.40000E+00  0.46123E+01
-0.50000E+00  0.44748E+01
-0.60000E+00  0.43363E+01
-0.70000E+00  0.42583E+01
-0.80000E+00  0.41881E+01
-0.90000E+00  0.41138E+01
-0.10000E+01  0.41526E+01
-0.11000E+01  0.41189E+01
-0.12000E+01  0.40769E+01
-0.13000E+01  0.40283E+01
-0.14000E+01  0.39728E+01
-0.15000E+01  0.39415E+01
-0.16000E+01  0.38755E+01
-0.17000E+01  0.38061E+01
-0.18000E+01  0.37340E+01
-0.19000E+01  0.36617E+01
-0.20000E+01  0.36166E+01
-0.21000E+01  0.35411E+01
-0.22000E+01  0.34666E+01
-0.23000E+01  0.33931E+01
-0.24000E+01  0.33203E+01
-0.25000E+01  0.32774E+01
-0.26000E+01  0.32069E+01
-0.27000E+01  0.31396E+01
-0.28000E+01  0.30746E+01
-0.29000E+01  0.30110E+01
-0.30000E+01  0.29509E+01
-0.31000E+01  0.29168E+01
-0.32000E+01  0.28611E+01
-0.33000E+01  0.28080E+01
-0.34000E+01  0.27568E+01
-0.35000E+01  0.26895E+01
-0.36000E+01  0.26288E+01
-0.37000E+01  0.25729E+01
-0.38000E+01  0.25208E+01
-0.39000E+01  0.24705E+01
-0.40000E+01  0.24185E+01
-0.41000E+01  0.23567E+01
-0.42000E+01  0.22689E+01
-0.43000E+01  0.22100E+01
-0.44000E+01  0.21682E+01
-0.45000E+01  0.21363E+01
-0.46000E+01  0.21111E+01
-0.47000E+01  0.20908E+01
-0.48000E+01  0.20742E+01
-0.49000E+01  0.20604E+01
-0.50000E+01  0.20489E+01
-0.51000E+01  0.20392E+01
-0.52000E+01  0.20311E+01
-0.53000E+01  0.20243E+01
-0.54000E+01  0.20186E+01
-0.55000E+01  0.20139E+01
-0.56000E+01  0.20101E+01
-0.57000E+01  0.20069E+01
-0.58000E+01  0.20043E+01
-0.59000E+01  0.20022E+01
-0.60000E+01  0.20006E+01
-0.61000E+01  0.19992E+01
-0.62000E+01  0.19981E+01
-0.63000E+01  0.19972E+01
-0.64000E+01  0.19965E+01
-0.65000E+01  0.19959E+01
-0.66000E+01  0.19955E+01
-0.67000E+01  0.19951E+01
-0.68000E+01  0.19949E+01
-0.69000E+01  0.19946E+01
-0.70000E+01  0.19944E+01
-0.71000E+01  0.19943E+01
-0.72000E+01  0.19942E+01
-0.73000E+01  0.19941E+01
-0.74000E+01  0.19940E+01
-0.75000E+01  0.19940E+01
-0.76000E+01  0.19939E+01
-0.77000E+01  0.19939E+01
-0.78000E+01  0.19939E+01
-0.79000E+01  0.19938E+01
-0.80000E+01  0.19938E+01
