 what is ipred?
 what is case?
 which problem?
 Problem name: vanderPol
 Casename: ARK436[2]SA_1
 0.10000E+01 -0.92263E-01   -4.016 -0.15505E+01   -3.571 -0.21242E+01   -2.696 -0.10497E+01   -2.851
 0.79433E+00  0.64659E-01   -4.036 -0.83216E+00   -3.840 -0.19991E+01   -2.670 -0.90468E+00   -2.824
 0.63096E+00  0.22102E+00   -4.073 -0.30280E+00   -3.950 -0.18799E+01   -2.645 -0.77259E+00   -2.791
 0.50119E+00  0.39195E+00   -4.140 -0.15776E+00   -3.855 -0.17716E+01   -2.618 -0.65532E+00   -2.752
 0.39811E+00  0.61062E+00   -4.270 -0.54265E-01   -3.725 -0.16790E+01   -2.588 -0.55979E+00   -2.701
 0.31623E+00  0.15552E+01   -4.915 -0.60019E-01   -3.567 -0.16062E+01   -2.554 -0.47883E+00   -2.642
 0.25119E+00  0.34613E+00   -4.235 -0.62187E-01   -3.427 -0.15566E+01   -2.514 -0.40846E+00   -2.579
 0.19953E+00 -0.12015E+00   -3.874 -0.11590E-01   -3.327 -0.15325E+01   -2.469 -0.34915E+00   -2.511
 0.15849E+00 -0.35401E+00   -3.682  0.33564E-01   -3.239 -0.15353E+01   -2.416 -0.30290E+00   -2.441
 0.12589E+00 -0.57477E+00   -3.522 -0.44337E-01   -3.112 -0.15651E+01   -2.356 -0.27094E+00   -2.368
 0.10000E+00 -0.73940E+00   -3.398 -0.20054E+00   -2.959 -0.16214E+01   -2.290 -0.25688E+00   -2.290
 0.79433E-01 -0.87455E+00   -3.305 -0.25897E+00   -2.853 -0.17029E+01   -2.218 -0.26100E+00   -2.209
 0.63096E-01 -0.77221E+00   -3.314 -0.45592E+00   -2.694 -0.18086E+01   -2.140 -0.28265E+00   -2.124
 0.50119E-01 -0.79009E+00   -3.282 -0.78521E+00   -2.485 -0.19378E+01   -2.057 -0.32077E+00   -2.037
 0.39811E-01 -0.91684E+00   -3.232 -0.93718E+00   -2.355 -0.20922E+01   -1.968 -0.37376E+00   -1.947
 0.31623E-01 -0.10395E+01   -3.188 -0.12641E+01   -2.155 -0.22444E+01   -1.885 -0.43754E+00   -1.858
 0.25119E-01 -0.90531E+00   -3.246 -0.10941E+01   -2.173 -0.23627E+01   -1.820 -0.51031E+00   -1.769
 0.19953E-01 -0.80861E+00   -3.253 -0.11650E+01   -2.094 -0.24632E+01   -1.767 -0.58978E+00   -1.682
 0.15849E-01 -0.51333E+00   -3.363 -0.12647E+01   -2.010 -0.25605E+01   -1.720 -0.67265E+00   -1.599
 0.12589E-01 -0.48099E+00   -3.348 -0.13508E+01   -1.937 -0.26486E+01   -1.682 -0.75677E+00   -1.519
 0.10000E-01 -0.32291E+00   -3.397 -0.14454E+01   -1.868 -0.27004E+01   -1.662 -0.84046E+00   -1.443
 0.79433E-02 -0.32504E+00   -3.371 -0.15563E+01   -1.797 -0.27366E+01   -1.653 -0.92053E+00   -1.374
 0.63096E-02 -0.50473E+00   -3.274 -0.16883E+01   -1.725 -0.27522E+01   -1.656 -0.99626E+00   -1.310
 0.50119E-02 -0.46641E+00   -3.275 -0.18543E+01   -1.646 -0.27427E+01   -1.673 -0.10657E+01   -1.254
 0.39811E-02 -0.40384E+00   -3.246 -0.21693E+01   -1.510 -0.27200E+01   -1.700 -0.11273E+01   -1.205
 0.31623E-02 -0.41203E+00   -3.214 -0.21527E+01   -1.518 -0.26851E+01   -1.736 -0.11804E+01   -1.163
 0.25119E-02 -0.37089E+00   -3.233 -0.22469E+01   -1.486 -0.26256E+01   -1.783 -0.12248E+01   -1.129
 0.19953E-02 -0.29447E+00   -3.287 -0.22776E+01   -1.484 -0.25554E+01   -1.838 -0.12607E+01   -1.101
 0.15849E-02 -0.31792E+00   -3.276 -0.23899E+01   -1.456 -0.24704E+01   -1.902 -0.12890E+01   -1.079
 0.12589E-02 -0.26316E+00   -3.312 -0.23970E+01   -1.471 -0.23621E+01   -1.973 -0.13101E+01   -1.062
 0.10000E-02 -0.16847E+00   -3.376 -0.25573E+01   -1.435 -0.22476E+01   -2.048 -0.13251E+01   -1.050
 0.79433E-03 -0.10094E+00   -3.394 -0.24250E+01   -1.503 -0.21286E+01   -2.127 -0.13353E+01   -1.041
 0.63096E-03  0.13478E-01   -3.466 -0.23886E+01   -1.543 -0.20045E+01   -2.207 -0.13420E+01   -1.035
 0.50119E-03  0.14386E+00   -3.549 -0.24274E+01   -1.562 -0.18765E+01   -2.291 -0.13463E+01   -1.031
 0.39811E-03  0.31144E+00   -3.659 -0.24007E+01   -1.609 -0.17453E+01   -2.375 -0.13488E+01   -1.029
 0.31623E-03  0.38311E+00   -3.690 -0.23591E+01   -1.664 -0.16139E+01   -2.458 -0.13503E+01   -1.027
 0.25119E-03  0.49763E+00   -3.756 -0.22970E+01   -1.717 -0.14841E+01   -2.538 -0.13511E+01   -1.025
 0.19953E-03  0.57809E+00   -3.798 -0.23023E+01   -1.749 -0.13578E+01   -2.615 -0.13515E+01   -1.024
 0.15849E-03  0.68114E+00   -3.857 -0.21662E+01   -1.828 -0.12378E+01   -2.687 -0.13518E+01   -1.024
 0.12589E-03  0.77600E+00   -3.911 -0.21117E+01   -1.893 -0.11187E+01   -2.759 -0.13519E+01   -1.023
 0.10000E-03  0.86414E+00   -3.961 -0.20389E+01   -1.970 -0.10055E+01   -2.826 -0.13521E+01   -1.022
 0.79433E-04  0.10196E+01   -4.053 -0.18806E+01   -2.059 -0.89655E+00   -2.891 -0.13523E+01   -1.022
 0.63096E-04  0.10151E+01   -4.044 -0.17560E+01   -2.158 -0.79426E+00   -2.951 -0.13524E+01   -1.022
 0.50119E-04  0.98015E+00   -4.018 -0.16278E+01   -2.269 -0.70844E+00   -3.000 -0.13526E+01   -1.021
 0.39811E-04  0.78480E+00   -3.897 -0.14487E+01   -2.362 -0.63481E+00   -3.042 -0.13528E+01   -1.021
 0.31623E-04  0.69047E+00   -3.837 -0.13413E+01   -2.407 -0.58065E+00   -3.071 -0.13531E+01   -1.021
 0.25119E-04  0.63548E+00   -3.802 -0.12140E+01   -2.480 -0.53839E+00   -3.094 -0.13535E+01   -1.020
 0.19953E-04  0.59901E+00   -3.779 -0.10753E+01   -2.567 -0.52083E+00   -3.101 -0.13539E+01   -1.020
 0.15849E-04  0.57216E+00   -3.762 -0.91249E+00   -2.678 -0.54287E+00   -3.085 -0.13546E+01   -1.019
 0.12589E-04  0.55283E+00   -3.750 -0.76915E+00   -2.771 -0.64339E+00   -3.022 -0.13553E+01   -1.019
 0.10000E-04  0.53835E+00   -3.740 -0.58857E+00   -2.891 -0.72771E+00   -2.969 -0.13559E+01   -1.018
 0.79433E-05  0.52747E+00   -3.733 -0.48503E+00   -2.952 -0.77583E+00   -2.939 -0.13564E+01   -1.018
 0.63096E-05  0.51886E+00   -3.728 -0.37513E+00   -3.019 -0.80791E+00   -2.919 -0.13567E+01   -1.018
 0.50119E-05  0.51217E+00   -3.723 -0.22473E+00   -3.113 -0.83071E+00   -2.904 -0.13570E+01   -1.018
 0.39811E-05  0.50724E+00   -3.720 -0.21516E+00   -3.107 -0.84752E+00   -2.894 -0.13573E+01   -1.018
 0.31623E-05  0.50333E+00   -3.718 -0.73602E-01   -3.191 -0.86017E+00   -2.886 -0.13574E+01   -1.017
 0.25119E-05  0.49978E+00   -3.715  0.43021E-01   -3.261 -0.86981E+00   -2.880 -0.13576E+01   -1.017
 0.19953E-05  0.49731E+00   -3.714  0.63407E-01   -3.274 -0.87724E+00   -2.875 -0.13577E+01   -1.017
 0.15849E-05  0.49555E+00   -3.713  0.80499E-01   -3.283 -0.88301E+00   -2.871 -0.13578E+01   -1.017
 0.12589E-05  0.49396E+00   -3.712  0.67168E-01   -3.273 -0.88751E+00   -2.868 -0.13579E+01   -1.017
 0.10000E-05  0.49244E+00   -3.711  0.15259E+00   -3.327 -0.89103E+00   -2.866 -0.13579E+01   -1.017
 0.79433E-06  0.49195E+00   -3.710  0.11652E+00   -3.301 -0.89380E+00   -2.864 -0.13580E+01   -1.017
 0.63096E-06  0.49105E+00   -3.710  0.35056E-01   -3.249 -0.89598E+00   -2.863 -0.13580E+01   -1.017
 0.50119E-06  0.49065E+00   -3.709  0.30897E-01   -3.245 -0.89771E+00   -2.862 -0.13580E+01   -1.017
 0.39811E-06  0.48971E+00   -3.709  0.86161E-01   -3.278 -0.89907E+00   -2.861 -0.13581E+01   -1.017
 0.31623E-06  0.48964E+00   -3.709 -0.21882E-01   -3.211 -0.90014E+00   -2.860 -0.13581E+01   -1.017
 0.25119E-06  0.48905E+00   -3.708 -0.60492E-01   -3.187 -0.90100E+00   -2.860 -0.13581E+01   -1.017
 0.19953E-06  0.48916E+00   -3.708 -0.84482E-01   -3.172 -0.90167E+00   -2.859 -0.13581E+01   -1.017
 0.15849E-06  0.48893E+00   -3.708 -0.10064E+00   -3.162 -0.90221E+00   -2.859 -0.13581E+01   -1.017
 0.12589E-06  0.48856E+00   -3.708 -0.11243E+00   -3.154 -0.90263E+00   -2.859 -0.13581E+01   -1.017
 0.10000E-06  0.48875E+00   -3.708 -0.12100E+00   -3.149 -0.90297E+00   -2.858 -0.13581E+01   -1.017
 0.79433E-07  0.48842E+00   -3.708 -0.12863E+00   -3.144 -0.90324E+00   -2.858 -0.13581E+01   -1.017
 0.63096E-07  0.48853E+00   -3.708 -0.13371E+00   -3.141 -0.90345E+00   -2.858 -0.13581E+01   -1.017
 0.50119E-07  0.48831E+00   -3.708 -0.13827E+00   -3.138 -0.90362E+00   -2.858 -0.13581E+01   -1.017
 0.39811E-07  0.48841E+00   -3.708 -0.13990E+00   -3.137 -0.90375E+00   -2.858 -0.13581E+01   -1.017
 0.31623E-07  0.48825E+00   -3.708 -0.14230E+00   -3.135 -0.90386E+00   -2.858 -0.13581E+01   -1.017
 0.25119E-07  0.48824E+00   -3.708 -0.14448E+00   -3.134 -0.90394E+00   -2.858 -0.13581E+01   -1.017
 0.19953E-07  0.48824E+00   -3.708 -0.14853E+00   -3.131 -0.90401E+00   -2.858 -0.13581E+01   -1.017
 0.15849E-07  0.48803E+00   -3.708 -0.14956E+00   -3.131 -0.90406E+00   -2.858 -0.13581E+01   -1.017
 0.12589E-07  0.48834E+00   -3.708 -0.15029E+00   -3.130 -0.90410E+00   -2.858 -0.13581E+01   -1.017
 0.10000E-07  0.48799E+00   -3.708 -0.14818E+00   -3.131 -0.90414E+00   -2.858 -0.13581E+01   -1.017
 average iterations per step   2.9743349855037424     
 error of initial guess is 
           2  3.15222891846003012E-004   3.0000000000000000        2.9578236313390640     
           3  9.34925241229828292E-004   3.0000000000000000        2.9907321511513230     
           4  3.97203168695782927E-004   3.0000000000000000        2.9659682588159941     
           5  5.51855888852206540E-004   3.0000000000000000        2.9763088519430498     
           6  6.55917280393758018E-004   3.0000000000000000        2.9808420342692803     
