 zone T = "ep =    1.0000000000000000      ",
   1.0000000000000000       0.59646367790282251     
   1.0500000000000000        1.1855279182561684     
   1.1000000000000001       0.72547226441859625     
   1.1499999999999999        1.0077773818918998     
   1.2000000000000000       0.72737910303122444     
   1.2500000000000000       0.67160998942155947     
   1.3000000000000000       0.79402735231480404     
   1.3499999999999999       0.51858747635463476     
   1.3999999999999999       0.47987168068926916     
   1.4500000000000000       0.71968782387524710     
   1.5000000000000000       0.67465695397939929     
   1.5500000000000000       0.60976230352919369     
   1.6000000000000001       0.69104207820784946     
   1.6499999999999999       0.66298420504211364     
   1.7000000000000000       0.68042390349242254     
   1.7500000000000000       0.67852164536301440     
   1.8000000000000000       0.68395648984903568     
   1.8499999999999999       0.68455437784170248     
   1.9000000000000001       0.68596350980364340     
   1.9500000000000000       0.68686990983647567     
   2.0000000000000000       0.68741758070362535     
   2.0499999999999998       0.68777116449922104     
   2.1000000000000001       0.68799581473148852     
   2.1499999999999999       0.68813655397656504     
   2.2000000000000002       0.68822353350058108     
   2.2500000000000000       0.68827679193298674     
   2.2999999999999998       0.68830921097727904     
   2.3500000000000001       0.68832887982053303     
   2.3999999999999999       0.68834075818094709     
   2.4500000000000002       0.68834793002767236     
   2.5000000000000000       0.68835225283664880     
   2.5499999999999998       0.68835486013781022     
   2.6000000000000001       0.68835643486300691     
   2.6499999999999999       0.68835738576110728     
   2.7000000000000002       0.68835796156140439     
   2.7500000000000000       0.68835831093657940     
   2.7999999999999998       0.68835852320406488     
   2.8500000000000001       0.68835865259285245     
   2.8999999999999999       0.68835873155866367     
   2.9500000000000002       0.68835877988924521     
   3.0000000000000000       0.68835880953271411     
   3.0499999999999998       0.68835882776229362     
   3.1000000000000001       0.68835883898783068     
   3.1499999999999999       0.68835884591583529     
   3.2000000000000002       0.68835885019933141     
   3.2500000000000000       0.68835885285394716     
   3.2999999999999998       0.68835885450043610     
   3.3500000000000001       0.68835885552402942     
   3.3999999999999999       0.68835885616087433     
   3.4500000000000002       0.68835885655778617     
   3.5000000000000000       0.68835885680541309     
   3.5499999999999998       0.68835885696005350     
   3.6000000000000001       0.68835885705672051     
   3.6499999999999999       0.68835885711724454     
   3.7000000000000002       0.68835885715518264     
   3.7500000000000000       0.68835885717889900     
   3.7999999999999998       0.68835885719379786     
   3.8500000000000001       0.68835885720314782     
   3.8999999999999999       0.68835885720908196     
   3.9500000000000002       0.68835885721275036     
   4.0000000000000000       0.68835885721511758     
   4.0499999999999998       0.68835885721647572     
   4.0999999999999996       0.68835885721745604     
   4.1500000000000004       0.68835885721795975     
   4.2000000000000002       0.68835885721829870     
   4.2500000000000000       0.68835885721864587     
   4.2999999999999998       0.68835885721862033     
   4.3499999999999996       0.68835885721869183     
   4.4000000000000004       0.68835885721893053     
   4.4500000000000002       0.68835885721906331     
   4.5000000000000000       0.68835885721874712     
 zone T = "ep =   0.79432823472428149      ",
   1.0000000000000000       0.62018394372929031     
   1.0500000000000000        2.9906885701186336     
   1.1000000000000001       0.44195909991758786     
   1.1499999999999999        1.4417218016799984     
   1.2000000000000000        1.8198436631785178     
   1.2500000000000000       0.79433511543877100     
   1.3000000000000000       0.86653925956972921     
   1.3499999999999999       0.93661701499324823     
   1.3999999999999999       0.62240328883714446     
   1.4500000000000000       0.78625318750214368     
   1.5000000000000000       0.89912457965344661     
   1.5500000000000000       0.83495942747955898     
   1.6000000000000001       0.82615242289655622     
   1.6499999999999999       0.86696935494418303     
   1.7000000000000000       0.84532383645642251     
   1.7500000000000000       0.85969517390502292     
   1.8000000000000000       0.85642082576105427     
   1.8499999999999999       0.85975932813814904     
   1.9000000000000001       0.86038264911017326     
   1.9500000000000000       0.86100382382383767     
   2.0000000000000000       0.86150654530803850     
   2.0499999999999998       0.86182500076427293     
   2.1000000000000001       0.86202533924529412     
   2.1499999999999999       0.86215175337273897     
   2.2000000000000002       0.86223023002754029     
   2.2500000000000000       0.86227827448848138     
   2.2999999999999998       0.86230744043737850     
   2.3500000000000001       0.86232506805211351     
   2.3999999999999999       0.86233561847508389     
   2.4500000000000002       0.86234193302162621     
   2.5000000000000000       0.86234569276271511     
   2.5499999999999998       0.86234793148134070     
   2.6000000000000001       0.86234926607394480     
   2.6499999999999999       0.86235005873434400     
   2.7000000000000002       0.86235053146796758     
   2.7500000000000000       0.86235081391680879     
   2.7999999999999998       0.86235098260739140     
   2.8500000000000001       0.86235108389262805     
   2.8999999999999999       0.86235114466325569     
   2.9500000000000002       0.86235118128322630     
   3.0000000000000000       0.86235120340148375     
   3.0499999999999998       0.86235121681595595     
   3.1000000000000001       0.86235122495428485     
   3.1499999999999999       0.86235122990856306     
   3.2000000000000002       0.86235123293162719     
   3.2500000000000000       0.86235123478438092     
   3.2999999999999998       0.86235123591938545     
   3.3500000000000001       0.86235123661822499     
   3.3999999999999999       0.86235123704847549     
   3.4500000000000002       0.86235123731425056     
   3.5000000000000000       0.86235123747863662     
   3.5499999999999998       0.86235123758052434     
   3.6000000000000001       0.86235123764374699     
   3.6499999999999999       0.86235123768308353     
   3.7000000000000002       0.86235123770758892     
   3.7500000000000000       0.86235123772284827     
   3.7999999999999998       0.86235123773236766     
   3.8500000000000001       0.86235123773832056     
   3.8999999999999999       0.86235123774207867     
   3.9500000000000002       0.86235123774439360     
   4.0000000000000000       0.86235123774587041     
   4.0499999999999998       0.86235123774674882     
   4.0999999999999996       0.86235123774736200     
   4.1500000000000004       0.86235123774766986     
   4.2000000000000002       0.86235123774789835     
   4.2500000000000000       0.86235123774807954     
   4.2999999999999998       0.86235123774811806     
   4.3499999999999996       0.86235123774816280     
   4.4000000000000004       0.86235123774826428     
   4.4500000000000002       0.86235123774830469     
   4.5000000000000000       0.86235123774821387     
 zone T = "ep =   0.63095734448019325      ",
   1.0000000000000000        3.1859473861825753     
   1.0500000000000000       0.12612244428001207     
   1.1000000000000001      -4.87622884068778101E-002
   1.1499999999999999        2.3160758979788429     
   1.2000000000000000       0.86988620474581313     
   1.2500000000000000        1.0333108163685323     
   1.3000000000000000        1.0510281661197962     
   1.3499999999999999        1.0702256918744142     
   1.3999999999999999        1.0838590925749083     
   1.4500000000000000       0.87135667989311694     
