 zone T = "ep =   0.316227766016838      ",
   1.07918124604762      -6.758405070943371E-002
   1.12918124604762      -0.102811228337738     
   1.17918124604762      -0.136542472852067     
   1.22918124604762      -0.169662307413615     
   1.27918124604762      -0.207820842569914     
   1.32918124604762      -0.250181676352181     
   1.37918124604762      -0.291021880997617     
   1.42918124604762      -0.339722721261000     
   1.47918124604762      -0.385988797299412     
   1.52918124604762      -0.437950224042331     
   1.57918124604762      -0.489526722547334     
   1.62918124604762      -0.541623281626616     
   1.67918124604762      -0.595255449745562     
   1.72918124604763      -0.649927934512316     
   1.77918124604762      -0.704680933459046     
   1.82918124604762      -0.760475296582745     
   1.87918124604762      -0.815819148678453     
   1.92918124604762      -0.870575061783154     
   1.97918124604762      -0.925479831605595     
   2.02918124604762      -0.980393619350715     
   2.07918124604762       -1.03460455199727     
   2.12918124604762       -1.08942746407724     
   2.17918124604762       -1.14321562851879     
   2.22918124604762       -1.19699394028634     
   2.27918124604762       -1.25044833849478     
   2.32918124604762       -1.30363150455545     
   2.37918124604762       -1.35630709846235     
   2.42918124604762       -1.40903957847561     
   2.47918124604762       -1.46143357169319     
   2.52918124604762       -1.51364565323259     
   2.57918124604762       -1.56556764078585     
   2.62918124604762       -1.61723943837062     
   2.67918124604762       -1.66897436047857     
   2.72918124604762       -1.72040714619109     
   2.77918124604762       -1.77168274282725     
   2.82918124604762       -1.82288041017658     
   2.87918124604762       -1.87388892129513     
   2.92918124604762       -1.92486177989656     
   2.97918124604762       -1.97566400237618     
   3.02918124604762       -2.02644206027639     
   3.07918124604762       -2.07707228929941     
   3.12918124604762       -2.12773662582741     
   3.17918124604762       -2.17826311193315     
   3.22918124604762       -2.22876252022125     
   3.27918124604762       -2.27915845797354     
   3.32918124604762       -2.32957726956925     
   3.37918124604762       -2.37990046587547     
   3.42918124604762       -2.43022698542789     
   3.47918124604762       -2.48050721152435     
   3.52918124604762       -2.53075150948632     
   3.57918124604763       -2.58097330265883     
   3.62918124604762       -2.63116792899919     
   3.67918124604762       -2.68133845305241     
   3.72918124604763       -2.73149832538117     
   3.77918124604762       -2.78163744088872     
   3.82918124604762       -2.83176065174923     
   3.87918124604762       -2.88186581045263     
   3.92918124604762       -2.93196577775033     
   3.97918124604762       -2.98205834011926     
   4.02918124604763       -3.03213749177468     
   4.07918124604763       -3.08217595532982     
   4.12918124604762       -3.13226488563509     
   4.17918124604762       -3.18232278953761     
   4.22918124604762       -3.23237156427134     
   4.27918124604763       -3.28241763483863     
   4.32918124604763       -3.33245825290949     
   4.37918124604762       -3.38249338711219     
   4.42918124604762       -3.43252464039892     
   4.47918124604762       -3.48255181859818     
   4.52918124604763       -3.53257679104800     
   4.57918124604763       -3.58259955528506     
 zone T = "ep =   0.251188643150958      ",
   1.07918124604762      -3.982771542989062E-003
   1.12918124604762      -3.582169807160778E-002
   1.17918124604762      -6.580371143499644E-002
   1.22918124604762      -9.480378771494093E-002
   1.27918124604762      -0.128088113920768     
   1.32918124604762      -0.165401089842573     
   1.37918124604762      -0.201821667596883     
   1.42918124604762      -0.245594593724447     
   1.47918124604762      -0.288156866313645     
   1.52918124604762      -0.336315233928588     
   1.57918124604762      -0.385003122512776     
   1.62918124604762      -0.434973104170853     
   1.67918124604762      -0.486925565811956     
   1.72918124604763      -0.540329298564028     
   1.77918124604762      -0.594312016499035     
   1.82918124604762      -0.649520656922661     
   1.87918124604762      -0.704691158162916     
   1.92918124604762      -0.759613248476359     
   1.97918124604762      -0.814802947192227     
   2.02918124604762      -0.870077817028311     
   2.07918124604762      -0.924838445732056     
   2.12918124604762      -0.980071154670208     
   2.17918124604762       -1.03446737540952     
   2.22918124604762       -1.08880355899105     
   2.27918124604762       -1.14282200816549     
   2.32918124604762       -1.19655236398886     
   2.37918124604762       -1.24980740571972     
   2.42918124604762       -1.30302388635778     
   2.47918124604762       -1.35589389255823     
   2.52918124604762       -1.40854229873099     
   2.57918124604762       -1.46088707079362     
   2.62918124604762       -1.51296335840074     
   2.67918124604762       -1.56501968189169     
   2.72918124604762       -1.61677551727550     
   2.77918124604762       -1.66834884328646     
   2.82918124604762       -1.71980615493785     
   2.87918124604762       -1.77106485602033     
   2.92918124604762       -1.82224941671150     
   2.97918124604762       -1.87325820612134     
   3.02918124604762       -1.92420963785153     
   3.07918124604762       -1.97501058169036     
   3.12918124604762       -2.02580669133347     
   3.17918124604762       -2.07646640628957     
   3.22918124604762       -2.12707920986739     
   3.27918124604762       -2.17758783518930     
   3.32918124604762       -2.22809357637677     
   3.37918124604762       -2.27850569036791     
   3.42918124604762       -2.32890363231400     
   3.47918124604762       -2.37925022649531     
   3.52918124604762       -2.42955516833522     
   3.57918124604763       -2.47983037321363     
   3.62918124604762       -2.53007345811196     
   3.67918124604762       -2.58028795690406     
   3.72918124604763       -2.63048544251985     
   3.77918124604762       -2.68065890600690     
   3.82918124604762       -2.73081297516792     
   3.87918124604762       -2.78094670102621     
   3.92918124604762       -2.83107083062657     
   3.97918124604762       -2.88118421896666     
   4.02918124604763       -2.93128268409868     
   4.07918124604763       -2.98134530238842     
   4.12918124604762       -3.03144399721940     
   4.17918124604762       -3.08151522370831     
   4.22918124604762       -3.13157649494026     
   4.27918124604763       -3.18163315250040     
   4.32918124604763       -3.23168330927986     
   4.37918124604762       -3.28172718102519     
   4.42918124604762       -3.33176623951254     
   4.47918124604762       -3.38180052381584     
   4.52918124604763       -3.43183167102674     
   4.57918124604763       -3.48185983159520     
 zone T = "ep =   0.199526231496888      ",
   1.07918124604762       5.417767632070854E-002
   1.12918124604762       2.426336385313983E-002
   1.17918124604762      -3.371236812306291E-003
   1.22918124604762      -2.941623541052753E-002
   1.27918124604762      -5.865196620962354E-002
   1.32918124604762      -9.124874893477691E-002
   1.37918124604762      -0.123055376418408     
   1.42918124604762      -0.161417560396213     
   1.47918124604762      -0.199347721316189     
   1.52918124604762      -0.242669543883740     
   1.57918124604762      -0.287285591157368     
   1.62918124604762      -0.333897718940242     
   1.67918124604762      -0.383015998327940     
   1.72918124604763      -0.434122622539238     
   1.77918124604762      -0.486430988508804     
   1.82918124604762      -0.540324185056256     
   1.87918124604762      -0.594708683804370     
   1.92918124604762      -0.649299222576049     
   1.97918124604762      -0.704398635456430     
   2.02918124604762      -0.759768763702336     
   2.07918124604762      -0.814879034988653     
   2.12918124604762      -0.870421831236927     
   2.17918124604762      -0.925351067264326     
   2.22918124604762      -0.980221853482817     
   2.27918124604762       -1.03481055737358     
   2.32918124604762       -1.08911850237539     
   2.37918124604762       -1.14299054976218     
   2.42918124604762       -1.19675149637483     
   2.47918124604762       -1.25016143140811     
   2.52918124604762       -1.30331501651214     
   2.57918124604762       -1.35614964749692     
   2.62918124604762       -1.40869464927585     
   2.67918124604762       -1.46114374728700     
   2.72918124604762       -1.51328602883554     
   2.77918124604762       -1.56521667460412     
   2.82918124604762       -1.61699153590090     
   2.87918124604762       -1.66855193802643     
   2.92918124604762       -1.71999846604016     
   2.97918124604762       -1.77125755340173     
   3.02918124604762       -1.82242474953084     
   3.07918124604762       -1.87343266403314     
   3.12918124604762       -1.92439734193651     
   3.17918124604762       -1.97522117878185     
   3.22918124604762       -2.02597646653430     
   3.27918124604762       -2.07662222542097     
   3.32918124604762       -2.12723939068272     
   3.37918124604762       -2.17776062451986     
   3.42918124604762       -2.22824958223350     
   3.47918124604762       -2.27867975064799     
   3.52918124604762       -2.32906057610551     
   3.57918124604763       -2.37940301432256     
   3.62918124604762       -2.42970683183594     
   3.67918124604762       -2.47997619281547     
   3.72918124604763       -2.53022132901461     
   3.77918124604762       -2.58043799695759     
   3.82918124604762       -2.63063081655382     
   3.87918124604762       -2.68079999441784     
   3.92918124604762       -2.73095467005468     
   3.97918124604762       -2.78109471554278     
   4.02918124604763       -2.83121757907231     
   4.07918124604763       -2.88130771136300     
   4.12918124604762       -2.93142118412152     
   4.17918124604762       -2.98150942054275     
   4.22918124604762       -3.03158637483204     
   4.27918124604763       -3.08165655857748     
   4.32918124604763       -3.13171886018373     
   4.37918124604762       -3.18177375508552     
   4.42918124604762       -3.23182265537783     
   4.47918124604762       -3.28186583737711     
   4.52918124604763       -3.33190478485304     
   4.57918124604763       -3.38193981006438     
 zone T = "ep =   0.158489319246111      ",
   1.07918124604762       0.109901291145731     
   1.12918124604762       8.071669217751871E-002
   1.17918124604762       5.389551980217947E-002
   1.22918124604762       2.917197834053213E-002
   1.27918124604762       2.434733037061866E-003
   1.32918124604762      -2.666583811157494E-002
   1.37918124604762      -5.456820677765275E-002
   1.42918124604762      -8.787087386370575E-002
   1.47918124604762      -0.120909069583442     
   1.52918124604762      -0.158834664982744     
   1.57918124604762      -0.198448704083210     
   1.62918124604762      -0.240535123942490     
   1.67918124604762      -0.285576484598842     
   1.72918124604763      -0.333159372566547     
   1.77918124604762      -0.382623871952409     
   1.82918124604762      -0.434178881762606     
   1.87918124604762      -0.486870979562505     
   1.92918124604762      -0.540352903628264     
   1.97918124604762      -0.594737523681647     
   2.02918124604762      -0.649720376448655     
   2.07918124604762      -0.704796897947853     
   2.12918124604762      -0.760400438668185     
   2.17918124604762      -0.815666781025662     
   2.22918124604762      -0.870954219335942     
   2.27918124604762      -0.926046788755293     
   2.32918124604762      -0.980908096396072     
   2.37918124604762       -1.03539490266443     
   2.42918124604762       -1.08973311477103     
   2.47918124604762       -1.14372851505800     
   2.52918124604762       -1.19744523974736     
   2.57918124604762       -1.25083146936215     
   2.62918124604762       -1.30390831310882     
   2.67918124604762       -1.35682363846934     
   2.72918124604762       -1.40941996738363     
   2.77918124604762       -1.46177325678205     
   2.82918124604762       -1.51393030881176     
   2.87918124604762       -1.56585117868793     
   2.92918124604762       -1.61761748240672     
   2.97918124604762       -1.66917812766366     
   3.02918124604762       -1.72061087119715     
   3.07918124604762       -1.77186912829961     
   3.12918124604762       -1.82304596954312     
   3.17918124604762       -1.87407121046850     
   3.22918124604762       -1.92500404582780     
   3.27918124604762       -1.97581691732045     
   3.32918124604762       -2.02657512680518     
   3.37918124604762       -2.07723037638381     
   3.42918124604762       -2.12783425042668     
   3.47918124604762       -2.17836912283850     
   3.52918124604762       -2.22884463952292     
   3.57918124604763       -2.27927136947714     
   3.62918124604762       -2.32965112328730     
   3.67918124604762       -2.37998887966601     
   3.72918124604763       -2.43029409269723     
   3.77918124604762       -2.48056497259805     
   3.82918124604762       -2.53080636990423     
   3.87918124604762       -2.58101962245408     
   3.92918124604762       -2.63121278969516     
   3.97918124604762       -2.68138672542510     
   4.02918124604763       -2.73154032814862     
   4.07918124604763       -2.78166245097528     
   4.12918124604762       -2.83179672875723     
   4.17918124604762       -2.88190656433305     
   4.22918124604762       -2.93200319421356     
   4.27918124604763       -2.98209056461555     
   4.32918124604763       -3.03216826170431     
   4.37918124604762       -3.08223704102671     
   4.42918124604762       -3.13229833391604     
   4.47918124604762       -3.18235266424094     
   4.52918124604763       -3.23240144750172     
   4.57918124604763       -3.28244517178933     
 zone T = "ep =   0.125892541179417      ",
   1.07918124604762       0.165133985675224     
   1.12918124604762       0.136327577120406     
   1.17918124604762       0.109293608311329     
   1.22918124604762       8.442449655348686E-002
   1.27918124604762       5.843659896182670E-002
   1.32918124604762       3.106484942154117E-002
   1.37918124604762       5.547082984904870E-003
   1.42918124604762      -2.397290812640683E-002
   1.47918124604762      -5.282169928730704E-002
   1.52918124604762      -8.564555360192613E-002
   1.57918124604762      -0.120013805062187     
   1.62918124604762      -0.156884416967966     
   1.67918124604762      -0.196861975447255     
   1.72918124604763      -0.239750817935207     
   1.77918124604762      -0.285103386394162     
   1.82918124604762      -0.333086773224898     
   1.87918124604762      -0.382908798109393     
   1.92918124604762      -0.434207358420978     
   1.97918124604762      -0.486955085346344     
   2.02918124604762      -0.540787374229667     
   2.07918124604762      -0.595196909559785     
   2.12918124604762      -0.650392008552727     
   2.17918124604762      -0.705617743617345     
   2.22918124604762      -0.761053744423366     
   2.27918124604762      -0.816463641821139     
   2.32918124604762      -0.871759547905834     
   2.37918124604762      -0.926787471878746     
   2.42918124604762      -0.981681119170124     
   2.47918124604762       -1.03626814397024     
   2.52918124604762       -1.09057841136445     
   2.57918124604762       -1.14456021136446     
   2.62918124604762       -1.19822189019437     
   2.67918124604762       -1.25167120715476     
   2.72918124604762       -1.30478835101967     
   2.77918124604762       -1.35763192406826     
   2.82918124604762       -1.41024006443921     
   2.87918124604762       -1.46258623926512     
   2.92918124604762       -1.51473682017157     
   2.97918124604762       -1.56665786303737     
   3.02918124604762       -1.61841344155856     
   3.07918124604762       -1.66997325995223     
   3.12918124604762       -1.72141304259236     
   3.17918124604762       -1.77268423431133     
   3.22918124604762       -1.82383644615817     
   3.27918124604762       -1.87485302554044     
   3.32918124604762       -1.92578776207084     
   3.37918124604762       -1.97660761033901     
   3.42918124604762       -2.02735536641877     
   3.47918124604762       -2.07802077989596     
   3.52918124604762       -2.12861413164841     
   3.57918124604763       -2.17914614711828     
   3.62918124604762       -2.22962063557552     
   3.67918124604762       -2.28004359557131     
   3.72918124604763       -2.33042423899980     
   3.77918124604762       -2.38076299991121     
   3.82918124604762       -2.43106520717983     
   3.87918124604762       -2.48133334577241     
   3.92918124604762       -2.53157488944143     
   3.97918124604762       -2.58179167494755     
   4.02918124604763       -2.63198392395264     
   4.07918124604763       -2.68214407216600     
   4.12918124604762       -2.73230631753088     
   4.17918124604762       -2.78244346121086     
   4.22918124604762       -2.83256477531966     
   4.27918124604763       -2.88267388976389     
   4.32918124604763       -2.93277103739906     
   4.37918124604762       -2.98285728677142     
   4.42918124604762       -3.03293417078443     
   4.47918124604762       -3.08300248207043     
   4.52918124604763       -3.13306365293508     
   4.57918124604763       -3.18311836939048     
 zone T = "ep =   0.100000000000000      ",
   1.07918124604762       0.220136873109744     
   1.12918124604762       0.192328857806171     
   1.17918124604762       0.164972995727740     
   1.22918124604762       0.139294220423124     
   1.27918124604762       0.112824842858904     
   1.32918124604762       8.554340550930092E-002
   1.37918124604762       6.061351851112603E-002
   1.42918124604762       3.301503917471664E-002
   1.47918124604762       6.790095386557352E-003
   1.52918124604762      -2.219554392022174E-002
   1.57918124604762      -5.206072758631478E-002
   1.62918124604762      -8.391450204955077E-002
   1.67918124604762      -0.118543068374781     
   1.72918124604763      -0.156042069099488     
   1.77918124604762      -0.196264891653067     
   1.82918124604762      -0.239488487515913     
   1.87918124604762      -0.285155930500366     
   1.92918124604762      -0.332984012896639     
   1.97918124604762      -0.382896384494312     
   2.02918124604762      -0.434510851131621     
   2.07918124604762      -0.487320493426683     
   2.12918124604762      -0.541352339718298     
   2.17918124604762      -0.595908794785150     
   2.22918124604762      -0.651007029410558     
   2.27918124604762      -0.706364809317185     
   2.32918124604762      -0.761826524751065     
   2.37918124604762      -0.817203255512112     
   2.42918124604762      -0.872535799666844     
   2.47918124604762      -0.927648449311402     
   2.52918124604762      -0.982528533642534     
   2.57918124604762       -1.03711110560763     
   2.62918124604762       -1.09138413525008     
   2.67918124604762       -1.14541661093315     
   2.72918124604762       -1.19911091590377     
   2.77918124604762       -1.25250764779767     
   2.82918124604762       -1.30563485187185     
   2.87918124604762       -1.35847373311365     
   2.92918124604762       -1.41107738408465     
   2.97918124604762       -1.46342388880677     
   3.02918124604762       -1.51556635495669     
   3.07918124604762       -1.56748668768974     
   3.12918124604762       -1.61924749061361     
   3.17918124604762       -1.67081694389768     
   3.22918124604762       -1.72223776896591     
   3.27918124604762       -1.77350210593162     
   3.32918124604762       -1.82465552071639     
   3.37918124604762       -1.87567715460250     
   3.42918124604762       -1.92660368412049     
   3.47918124604762       -1.97743104645528     
   3.52918124604762       -2.02817055471428     
   3.57918124604763       -2.07883358031244     
   3.62918124604762       -2.12942595068940     
   3.67918124604762       -2.17995490687877     
   3.72918124604763       -2.23042990830218     
   3.77918124604762       -2.28085348295998     
   3.82918124604762       -2.33123169176416     
   3.87918124604762       -2.38156823052102     
   3.92918124604762       -2.43187043431846     
   3.97918124604762       -2.48214116856179     
   4.02918124604763       -2.53238191684852     
   4.07918124604763       -2.58258807392290     
   4.12918124604762       -2.63278685748287     
   4.17918124604762       -2.68295841532129     
   4.22918124604762       -2.73311069241015     
   4.27918124604763       -2.78324722992726     
   4.32918124604763       -2.83336889021370     
   4.37918124604762       -2.88347710311976     
   4.42918124604762       -2.93357358920911     
   4.47918124604762       -2.98365944470833     
   4.52918124604763       -3.03373620333521     
   4.57918124604763       -3.08380478119005     
 zone T = "ep =   7.943282347242814E-002 ",
   1.07918124604762       0.273674624998964     
   1.12918124604762       0.248041560301668     
   1.17918124604762       0.221126947765446     
   1.22918124604762       0.195042301500397     
   1.27918124604762       0.167903984746317     
   1.32918124604762       0.139886413455204     
   1.37918124604762       0.114216041812084     
   1.42918124604762       8.678553188599142E-002
   1.47918124604762       6.130889584521307E-002
   1.52918124604762       3.427107342121828E-002
   1.57918124604762       7.278677210901176E-003
   1.62918124604762      -2.077773902488471E-002
   1.67918124604762      -5.078709639069587E-002
   1.72918124604763      -8.309880571174096E-002
   1.77918124604762      -0.117882132901256     
   1.82918124604762      -0.155629672320678     
   1.87918124604762      -0.196103348790945     
   1.92918124604762      -0.239220200143198     
   1.97918124604762      -0.284986617969935     
   2.02918124604762      -0.333094768691765     
   2.07918124604762      -0.383091363791299     
   2.12918124604762      -0.434894875212070     
   2.17918124604762      -0.487850407196661     
   2.22918124604762      -0.541840363241497     
   2.27918124604762      -0.596523254476485     
   2.32918124604762      -0.651663433798826     
   2.37918124604762      -0.707014880793800     
   2.42918124604762      -0.762519390024213     
   2.47918124604762      -0.817971745860825     
   2.52918124604762      -0.873303774950579     
   2.57918124604762      -0.928420657256276     
   2.62918124604762      -0.983278481901664     
   2.67918124604762       -1.03790361755010     
   2.72918124604762       -1.09220448560732     
   2.77918124604762       -1.14619975190977     
   2.82918124604762       -1.19990345091667     
   2.87918124604762       -1.25329785840933     
   2.92918124604762       -1.30642252570927     
   2.97918124604762       -1.35926218522302     
   3.02918124604762       -1.41186000139522     
   3.07918124604762       -1.46420609133646     
   3.12918124604762       -1.51635259501456     
   3.17918124604762       -1.56828018847762     
   3.22918124604762       -1.62002647202645     
   3.27918124604762       -1.67159052731559     
   3.32918124604762       -1.72301210687372     
   3.37918124604762       -1.77428008646279     
   3.42918124604762       -1.82542705860007     
   3.47918124604762       -1.87645422793479     
   3.52918124604762       -1.92737427262046     
   3.57918124604763       -1.97819962975145     
   3.62918124604762       -2.02893821234250     
   3.67918124604762       -2.07959873488248     
   3.72918124604763       -2.13019134603726     
   3.77918124604762       -2.18072063060865     
   3.82918124604762       -2.23119364101876     
   3.87918124604762       -2.28161539443140     
   3.92918124604762       -2.33199349209512     
   3.97918124604762       -2.38233191895453     
   4.02918124604763       -2.43263342523034     
   4.07918124604763       -2.48289593038076     
   4.12918124604762       -2.53314161891924     
   4.17918124604762       -2.58335643794500     
   4.22918124604762       -2.63354753657498     
   4.27918124604763       -2.68371857806900     
   4.32918124604763       -2.73387107240518     
   4.37918124604762       -2.78400687674187     
   4.42918124604762       -2.83412799185884     
   4.47918124604762       -2.88423586797310     
   4.52918124604763       -2.93433222685641     
   4.57918124604763       -2.98441825866153     
 zone T = "ep =   6.309573444801933E-002 ",
   1.07918124604762       0.323794119864511     
   1.12918124604762       0.301421921600160     
   1.17918124604762       0.276162569253976     
   1.22918124604762       0.250868937594287     
   1.27918124604762       0.223927681622114     
   1.32918124604762       0.195466081143999     
   1.37918124604762       0.168761283513666     
   1.42918124604762       0.140561812846449     
   1.47918124604762       0.114418768389730     
   1.52918124604762       8.752381196562076E-002
   1.57918124604762       6.145189618826642E-002
   1.62918124604762       3.529966668222810E-002
   1.67918124604762       8.260480787499904E-003
   1.72918124604763      -2.010647225698417E-002
   1.77918124604762      -5.017485978986330E-002
   1.82918124604762      -8.263856993468315E-002
   1.87918124604762      -0.117591804304149     
   1.92918124604762      -0.155235819223768     
   1.97918124604762      -0.195789061517377     
   2.02918124604762      -0.239140757764980     
   2.07918124604762      -0.284994529692781     
   2.12918124604762      -0.333276310749303     
   2.17918124604762      -0.383414062213328     
   2.22918124604762      -0.435214989512333     
   2.27918124604762      -0.488293765607786     
   2.32918124604762      -0.542339733588499     
   2.37918124604762      -0.597038818877505     
   2.42918124604762      -0.652229078457879     
   2.47918124604762      -0.707651977028564     
   2.52918124604762      -0.763168067632717     
   2.57918124604762      -0.818633190336787     
   2.62918124604762      -0.873955971393428     
   2.67918124604762      -0.929110804562898     
   2.72918124604762      -0.983994100805722     
   2.77918124604762       -1.03859462512739     
   2.82918124604762       -1.09290519825918     
   2.87918124604762       -1.14690059469153     
   2.92918124604762       -1.20060377219910     
   2.97918124604762       -1.25399972728721     
   3.02918124604762       -1.30712063754221     
   3.07918124604762       -1.35996038426591     
   3.12918124604762       -1.41256156114113     
   3.17918124604762       -1.46491329340252     
   3.22918124604762       -1.51704878162979     
   3.27918124604762       -1.56897219604295     
   3.32918124604762       -1.62071898590661     
   3.37918124604762       -1.67228568828606     
   3.42918124604762       -1.72370222100955     
   3.47918124604762       -1.77497428443500     
   3.52918124604762       -1.82611614587412     
   3.57918124604763       -1.87714163057549     
   3.62918124604762       -1.92806081682657     
   3.67918124604762       -1.97888411240745     
   3.72918124604763       -2.02962274587316     
   3.77918124604762       -2.08028339296446     
   3.82918124604762       -2.13087435998579     
   3.87918124604762       -2.18140213586595     
   3.92918124604762       -2.23187496075456     
   3.97918124604762       -2.28229807197644     
   4.02918124604763       -2.33267555109106     
   4.07918124604763       -2.38300757097128     
   4.12918124604762       -2.43331281263314     
   4.17918124604762       -2.48358190030386     
   4.22918124604762       -2.53382163646454     
   4.27918124604763       -2.58403600909345     
   4.32918124604763       -2.63422722884149     
   4.37918124604762       -2.68439766605979     
   4.42918124604762       -2.73454970452467     
   4.47918124604762       -2.78468521626299     
   4.52918124604763       -2.83480620359350     
   4.57918124604763       -2.88491418829863     
 zone T = "ep =   5.011872336272723E-002 ",
   1.07918124604762       0.368681318515813     
   1.12918124604762       0.350128207058296     
   1.17918124604762       0.327667184646069     
   1.22918124604762       0.304537259777408     
   1.27918124604762       0.279203440228895     
   1.32918124604762       0.251464738947676     
   1.37918124604762       0.224532647092177     
   1.42918124604762       0.195786524195608     
   1.47918124604762       0.168609185151541     
   1.52918124604762       0.140870132416232     
   1.57918124604762       0.114234180619296     
   1.62918124604762       8.815350727873275E-002
   1.67918124604762       6.209292262460903E-002
   1.72918124604763       3.573661535684374E-002
   1.77918124604762       8.715652290227938E-003
   1.82918124604762      -1.971576755564475E-002
   1.87918124604762      -4.987105985875285E-002
   1.92918124604762      -8.220532682403205E-002
   1.97918124604762      -0.117196373695013     
   2.02918124604762      -0.155018005712874     
   2.07918124604762      -0.195640562807824     
   2.12918124604762      -0.239139685705276     
   2.17918124604762      -0.285120823979365     
   2.22918124604762      -0.333422259162338     
   2.27918124604762      -0.383678028040381     
   2.32918124604762      -0.435544640583501     
   2.37918124604762      -0.488657070821144     
   2.42918124604762      -0.542760206668772     
   2.47918124604762      -0.597529765103357     
   2.52918124604762      -0.652742746156130     
   2.57918124604762      -0.708186823892813     
   2.62918124604762      -0.763705280506208     
   2.67918124604762      -0.819206538496861     
   2.72918124604762      -0.874554425781471     
   2.77918124604762      -0.929695294481011     
   2.82918124604762      -0.984589498807962     
   2.87918124604762       -1.03919280874786     
   2.92918124604762       -1.09350503100573     
   2.97918124604762       -1.14750308718933     
   3.02918124604762       -1.20120450491712     
   3.07918124604762       -1.25460127443913     
   3.12918124604762       -1.30772530108820     
   3.17918124604762       -1.36056968759555     
   3.22918124604762       -1.41316267539734     
   3.27918124604762       -1.46551129712911     
   3.32918124604762       -1.51764721296093     
   3.37918124604762       -1.56957261344985     
   3.42918124604762       -1.62131548396223     
   3.47918124604762       -1.67288522789885     
   3.52918124604762       -1.72429773749021     
   3.57918124604763       -1.77556839596038     
   3.62918124604762       -1.82670948000270     
   3.67918124604762       -1.87773326209953     
   3.72918124604763       -1.92865237428419     
   3.77918124604762       -1.97947565547921     
   3.82918124604762       -2.03021292031667     
   3.87918124604762       -2.08087230632644     
   3.92918124604762       -2.13146303961349     
   3.97918124604762       -2.18199177768549     
   4.02918124604763       -2.23246404925042     
   4.07918124604763       -2.28288214206931     
   4.12918124604762       -2.33326244433306     
   4.17918124604762       -2.38359947373088     
   4.22918124604762       -2.43390007845338     
   4.27918124604763       -2.48416877455855     
   4.32918124604763       -2.53440856053753     
   4.37918124604762       -2.58462242796646     
   4.42918124604762       -2.63481326067632     
   4.47918124604762       -2.68498343983135     
   4.52918124604763       -2.73513535087290     
   4.57918124604763       -2.78527092051194     
 zone T = "ep =   3.981071705534973E-002 ",
   1.07918124604762       0.407200526217474     
   1.12918124604762       0.392440494228195     
   1.17918124604762       0.373478618671159     
   1.22918124604762       0.353508808783540     
   1.27918124604762       0.331062550737630     
   1.32918124604762       0.305482691350834     
   1.37918124604762       0.279772047528434     
   1.42918124604762       0.251647554950454     
   1.47918124604762       0.224196890645858     
   1.52918124604762       0.195802095188675     
   1.57918124604762       0.168184719330878     
   1.62918124604762       0.141161634949028     
   1.67918124604762       0.114554354105700     
   1.72918124604763       8.833006014204667E-002
   1.77918124604762       6.233101247574546E-002
   1.82918124604762       3.597094975453022E-002
   1.87918124604762       8.929637768277624E-003
   1.92918124604762      -1.933952355937337E-002
   1.97918124604762      -4.948257475632601E-002
   2.02918124604762      -8.193100253917444E-002
   2.07918124604762      -0.116956276797797     
   2.12918124604762      -0.154886876705816     
   2.17918124604762      -0.195610788645861     
   2.22918124604762      -0.239133399389846     
   2.27918124604762      -0.285220705632802     
   2.32918124604762      -0.333590039546851     
   2.37918124604762      -0.383889975864278     
   2.42918124604762      -0.435818523689504     
   2.47918124604762      -0.489001450211392     
   2.52918124604762      -0.543136890942072     
   2.57918124604762      -0.597935523073697     
   2.62918124604762      -0.653161256612174     
   2.67918124604762      -0.708641752879201     
   2.72918124604762      -0.764186533152927     
   2.77918124604762      -0.819683118485577     
   2.82918124604762      -0.875043924017083     
   2.87918124604762      -0.930190516072638     
   2.92918124604762      -0.985088775985862     
   2.97918124604762       -1.03969622240370     
   3.02918124604762       -1.09400870984063     
   3.07918124604762       -1.14800855323552     
   3.12918124604762       -1.20171322987792     
   3.17918124604762       -1.25511415036351     
   3.22918124604762       -1.30823234552142     
   3.27918124604762       -1.36107461027297     
   3.32918124604762       -1.41366810021173     
   3.37918124604762       -1.46601831957189     
   3.42918124604762       -1.51815125825502     
   3.47918124604762       -1.57007897855756     
   3.52918124604762       -1.62181870861504     
   3.57918124604763       -1.67338730472849     
   3.62918124604762       -1.72479913472309     
   3.67918124604762       -1.77606839264616     
   3.72918124604763       -1.82720933030658     
   3.77918124604762       -1.87823301089159     
   3.82918124604762       -1.92915097876036     
   3.87918124604762       -1.97997319966233     
   3.92918124604762       -2.03071020359314     
   3.97918124604762       -2.08137025830794     
   4.02918124604763       -2.13196049400232     
   4.07918124604763       -2.18248527794291     
   4.12918124604762       -2.23295968014822     
   4.17918124604762       -2.28338159001041     
   4.22918124604762       -2.33375825790039     
   4.27918124604763       -2.38409493938030     
   4.32918124604763       -2.43439554138080     
   4.37918124604762       -2.48466380906538     
   4.42918124604762       -2.53490326154014     
   4.47918124604762       -2.58511689824525     
   4.52918124604763       -2.63530760462304     
   4.57918124604763       -2.68547780376910     
 zone T = "ep =   3.162277660168379E-002 ",
   1.07918124604762       0.439026527812758     
   1.12918124604762       0.427632116476235     
   1.17918124604762       0.412312291434637     
   1.22918124604762       0.395898946014916     
   1.27918124604762       0.377055949405512     
   1.32918124604762       0.354759703729450     
   1.37918124604762       0.331685866570564     
   1.42918124604762       0.305679486329363     
   1.47918124604762       0.279400257837677     
   1.52918124604762       0.251508524270573     
   1.57918124604762       0.223643774773830     
   1.62918124604762       0.195855942443854     
   1.67918124604762       0.168257552111119     
   1.72918124604763       0.141115164629097     
   1.77918124604762       0.114578650768744     
   1.82918124604762       8.837802433324207E-002
   1.87918124604762       6.239683486529955E-002
   1.92918124604762       3.621912567122745E-002
   1.97918124604762       9.231549880642526E-003
   2.02918124604762      -1.909415577192305E-002
   2.07918124604762      -4.923024462200774E-002
   2.12918124604762      -8.174218514698056E-002
   2.17918124604762      -0.116832548934066     
   2.22918124604762      -0.154773510390225     
   2.27918124604762      -0.195582344352288     
   2.32918124604762      -0.239164936547021     
   2.37918124604762      -0.285297631564556     
   2.42918124604762      -0.333728619976856     
   2.47918124604762      -0.384097350306621     
   2.52918124604762      -0.436064895686479     
   2.57918124604762      -0.489283293314564     
   2.62918124604762      -0.543440287789586     
   2.67918124604762      -0.598276867408719     
   2.72918124604762      -0.653531199148992     
   2.77918124604762      -0.709015283335552     
   2.82918124604762      -0.764575664151061     
   2.87918124604762      -0.820081217622449     
   2.92918124604762      -0.875448769454479     
   2.97918124604762      -0.930601353137881     
   3.02918124604762      -0.985502019380714     
   3.07918124604762       -1.04011249381328     
   3.12918124604762       -1.09442874639395     
   3.17918124604762       -1.14843269741750     
   3.22918124604762       -1.20213359796038     
   3.27918124604762       -1.25553336538082     
   3.32918124604762       -1.30865228553413     
   3.37918124604762       -1.36149598984429     
   3.42918124604762       -1.41408732721712     
   3.47918124604762       -1.46643940184641     
   3.52918124604762       -1.51856994240153     
   3.57918124604763       -1.57049676572313     
   3.62918124604762       -1.62223593483939     
   3.67918124604762       -1.67380339633762     
   3.72918124604763       -1.72521505229371     
   3.77918124604762       -1.77648416447731     
   3.82918124604762       -1.82762414693516     
   3.87918124604762       -1.87864693532911     
   3.92918124604762       -1.92956463283408     
   3.97918124604762       -1.98038730705606     
   4.02918124604763       -2.03112386318723     
   4.07918124604763       -2.08178078547048     
   4.12918124604762       -2.13237262503561     
   4.17918124604762       -2.18290031923306     
   4.22918124604762       -2.23337185559283     
   4.27918124604763       -2.28379345313774     
   4.32918124604763       -2.33417008006905     
   4.37918124604762       -2.38450639337021     
   4.42918124604762       -2.43480670406226     
   4.47918124604762       -2.48507476304936     
   4.52918124604763       -2.53531409089292     
   4.57918124604763       -2.58552771930484     
 zone T = "ep =   2.511886431509579E-002 ",
   1.07918124604762       0.464497971651782     
   1.12918124604762       0.455858372066855     
   1.17918124604762       0.443869166018082     
   1.22918124604762       0.430887319046689     
   1.27918124604762       0.415740539613785     
   1.32918124604762       0.397252348303901     
   1.37918124604762       0.377707831486054     
   1.42918124604762       0.355012681669577     
   1.47918124604762       0.331358494085355     
   1.52918124604762       0.305486330863087     
   1.57918124604762       0.278811031276598     
   1.62918124604762       0.251424872485211     
   1.67918124604762       0.223560336175493     
   1.72918124604763       0.195658990806270     
   1.77918124604762       0.168118977692287     
   1.82918124604762       0.141001239029673     
   1.87918124604762       0.114492857367647     
   1.92918124604762       8.847306366665335E-002
   1.97918124604762       6.256726053373141E-002
   2.02918124604762       3.637338563648815E-002
   2.07918124604762       9.426712832174706E-003
   2.12918124604762      -1.892033814586904E-002
   2.17918124604762      -4.908270173033355E-002
   2.22918124604762      -8.158118993415155E-002
   2.27918124604762      -0.116727205276691     
   2.32918124604762      -0.154709957042521     
   2.37918124604762      -0.195554908431541     
   2.42918124604762      -0.239191450208427     
   2.47918124604762      -0.285386686874953     
   2.52918124604762      -0.333858570192061     
   2.57918124604762      -0.384266083421053     
   2.62918124604762      -0.436261422576510     
   2.67918124604762      -0.489519363153710     
   2.72918124604762      -0.543707509450179     
   2.77918124604762      -0.598554888048508     
   2.82918124604762      -0.653827907364736     
   2.87918124604762      -0.709324429570104     
   2.92918124604762      -0.764894512277277     
   2.97918124604762      -0.820408273433339     
   3.02918124604762      -0.875780545114363     
   3.07918124604762      -0.930937681787993     
   3.12918124604762      -0.985842971346223     
   3.17918124604762       -1.04045791211920     
   3.22918124604762       -1.09477227382392     
   3.27918124604762       -1.14877607226277     
   3.32918124604762       -1.20247807260476     
   3.37918124604762       -1.25587932650262     
   3.42918124604762       -1.30899685674167     
   3.47918124604762       -1.36184216627552     
   3.52918124604762       -1.41443175910033     
   3.57918124604763       -1.46678319635367     
   3.62918124604762       -1.51891332092271     
   3.67918124604762       -1.57083925678682     
   3.72918124604763       -1.62257826454370     
   3.77918124604762       -1.67414557360024     
   3.82918124604762       -1.72555644117440     
   3.87918124604762       -1.77682480787066     
   3.92918124604762       -1.82796452641752     
   3.97918124604762       -1.87898761353561     
   4.02918124604763       -1.92990491017142     
   4.07918124604763       -1.98072509198913     
   4.12918124604762       -2.03146285127765     
   4.17918124604762       -2.08212199239910     
   4.22918124604762       -2.13271155943532     
   4.27918124604763       -2.18323897136429     
   4.32918124604763       -2.23371043964640     
   4.37918124604762       -2.28413171709835     
   4.42918124604762       -2.33450808660299     
   4.47918124604762       -2.38484420937643     
   4.52918124604763       -2.43514439771341     
   4.57918124604763       -2.48541242744766     
 zone T = "ep =   1.995262314968880E-002 ",
   1.07918124604762       0.484365900138073     
   1.12918124604762       0.477842115195795     
   1.17918124604762       0.468624320684897     
   1.22918124604762       0.458637072281379     
   1.27918124604762       0.446840200621812     
   1.32918124604762       0.432102726800682     
   1.37918124604762       0.416331222480885     
   1.42918124604762       0.397509392195150     
   1.47918124604762       0.377427776975569     
   1.52918124604762       0.354810493777257     
   1.57918124604762       0.330784459054422     
   1.62918124604762       0.305337258029375     
   1.67918124604762       0.278647109212111     
   1.72918124604763       0.251150054060598     
   1.77918124604762       0.223325807682289     
   1.82918124604762       0.195437777678368     
   1.87918124604762       0.167918680037875     
   1.92918124604762       0.140962083371630     
   1.97918124604762       0.114529943583005     
   2.02918124604762       8.851293941646311E-002
   2.07918124604762       6.266578623517650E-002
   2.12918124604762       3.647977800148327E-002
   2.17918124604762       9.538304354146146E-003
   2.22918124604762      -1.877069096822471E-002
   2.27918124604762      -4.895743628210617E-002
   2.32918124604762      -8.147323770217604E-002
   2.37918124604762      -0.116637493381350     
   2.42918124604762      -0.154658735599865     
   2.47918124604762      -0.195553711129970     
   2.52918124604762      -0.239226553471823     
   2.57918124604762      -0.285458985460202     
   2.62918124604762      -0.333960884981200     
   2.67918124604762      -0.384408037349803     
   2.72918124604762      -0.436436215886169     
   2.77918124604762      -0.489710674312418     
   2.82918124604762      -0.543920493788230     
   2.87918124604762      -0.598783737837760     
   2.92918124604762      -0.654069533143622     
   2.97918124604762      -0.709576747645802     
   3.02918124604762      -0.765154033739712     
   3.07918124604762      -0.820674147459982     
   3.12918124604762      -0.876052235886745     
   3.17918124604762      -0.931214567570311     
   3.22918124604762      -0.986119783063781     
   3.27918124604762       -1.04073564791018     
   3.32918124604762       -1.09505164524283     
   3.37918124604762       -1.14905716954714     
   3.42918124604762       -1.20275852751350     
   3.47918124604762       -1.25616132440990     
   3.52918124604762       -1.30927771730356     
   3.57918124604763       -1.36212267245375     
   3.62918124604762       -1.41471202746653     
   3.67918124604762       -1.46706282084963     
   3.72918124604763       -1.51919283578972     
   3.77918124604762       -1.57111864760664     
   3.82918124604762       -1.62285702231407     
   3.87918124604762       -1.67442372055781     
   3.92918124604762       -1.72583434605729     
   3.97918124604762       -1.77710290550015     
   4.02918124604763       -1.82824227004352     
   4.07918124604763       -1.87926336864940     
   4.12918124604762       -1.93018156471477     
   4.17918124604762       -1.98100343753203     
   4.22918124604762       -2.03173938616462     
   4.27918124604763       -2.08239827153564     
   4.32918124604763       -2.13298775227295     
   4.37918124604762       -2.18351488339757     
   4.42918124604762       -2.23398612215215     
   4.47918124604762       -2.28440722454792     
   4.52918124604763       -2.33478347458435     
   4.57918124604763       -2.38511955281930     
 zone T = "ep =   1.584893192461113E-002 ",
   1.07918124604762       0.499557173447802     
   1.12918124604762       0.494569803062107     
   1.17918124604762       0.487510205143529     
   1.22918124604762       0.479966046513489     
   1.27918124604762       0.470965814264280     
   1.32918124604762       0.459533859467350     
   1.37918124604762       0.447275693644622     
   1.42918124604762       0.432277101298369     
   1.47918124604762       0.416051237604447     
   1.52918124604762       0.397295334721285     
   1.57918124604762       0.376878177974391     
   1.62918124604762       0.354632084766104     
   1.67918124604762       0.330585415548461     
   1.72918124604763       0.305034362134876     
   1.77918124604762       0.278371634542519     
   1.82918124604762       0.250876985865417     
   1.87918124604762       0.223061957622649     
   1.92918124604762       0.195307872433568     
   1.97918124604762       0.167852710938161     
   2.02918124604762       0.140900810817066     
   2.07918124604762       0.114528226533533     
   2.12918124604762       8.853162443173833E-002
   2.17918124604762       6.270723595532204E-002
   2.22918124604762       3.657562841589645E-002
   2.27918124604762       9.635195161299379E-003
   2.32918124604762      -1.866748245807485E-002
   2.37918124604762      -4.885144437453821E-002
   2.42918124604762      -8.138553086318379E-002
   2.47918124604762      -0.116581926465543     
   2.52918124604762      -0.154628264834966     
   2.57918124604762      -0.195552907126733     
   2.62918124604762      -0.239252657409557     
   2.67918124604762      -0.285521646102494     
   2.72918124604762      -0.334055767147848     
   2.77918124604762      -0.384522792320198     
   2.82918124604762      -0.436574700729132     
   2.87918124604762      -0.489867868937467     
   2.92918124604762      -0.544093304588868     
   2.97918124604762      -0.598969761569610     
   3.02918124604762      -0.654265307412435     
   3.07918124604762      -0.709780878775146     
   3.12918124604762      -0.765365462675547     
   3.17918124604762      -0.820891829217863     
   3.22918124604762      -0.876271661014222     
   3.27918124604762      -0.931436102589384     
   3.32918124604762      -0.986343660383344     
   3.37918124604762       -1.04096167846592     
   3.42918124604762       -1.09527780552797     
   3.47918124604762       -1.14928498356711     
   3.52918124604762       -1.20298580084431     
   3.57918124604763       -1.25638856443486     
   3.62918124604762       -1.30950493934057     
   3.67918124604762       -1.36234950466800     
   3.72918124604763       -1.41493884214093     
   3.77918124604762       -1.46728957502382     
   3.82918124604762       -1.51941911027402     
   3.87918124604762       -1.57134444210506     
   3.92918124604762       -1.62308261254572     
   3.97918124604762       -1.67464943793128     
   4.02918124604763       -1.72605975893163     
   4.07918124604763       -1.77732673199081     
   4.12918124604762       -1.82846676798535     
   4.17918124604762       -1.87948915527402     
   4.22918124604762       -1.93040590380977     
   4.27918124604763       -1.98122754556521     
   4.32918124604763       -2.03196339709484     
   4.37918124604762       -2.08262203478065     
   4.42918124604762       -2.13321130974331     
   4.47918124604762       -2.18373827953455     
   4.52918124604763       -2.23420940241329     
   4.57918124604763       -2.28463044949193     
 zone T = "ep =   1.258925411794167E-002 ",
   1.07918124604762       0.511003937281745     
   1.12918124604762       0.507075751314994     
   1.17918124604762       0.501627910472191     
   1.22918124604762       0.495989018881407     
   1.27918124604762       0.489197843987072     
   1.32918124604762       0.480461528991379     
   1.37918124604762       0.471186867295149     
   1.42918124604762       0.459560412118825     
   1.47918124604762       0.446940644420066     
   1.52918124604762       0.432026222587504     
   1.57918124604762       0.415509007584648     
   1.62918124604762       0.397095270285565     
   1.67918124604762       0.376661075964465     
   1.72918124604763       0.354323368961416     
   1.77918124604762       0.330299772605075     
   1.82918124604762       0.304746811160612     
   1.87918124604762       0.278085878757375     
   1.92918124604762       0.250700817402542     
   1.97918124604762       0.222934451266154     
   2.02918124604762       0.195178976330055     
   2.07918124604762       0.167773668897031     
   2.12918124604762       0.140841361793367     
   2.17918124604762       0.114495097266843     
   2.22918124604762       8.855708977290566E-002
   2.27918124604762       6.274807682272515E-002
   2.32918124604762       3.663890943646391E-002
   2.37918124604762       9.718624531280969E-003
   2.42918124604762      -1.858295819156941E-002
   2.47918124604762      -4.877968667604169E-002
   2.52918124604762      -8.132357005869414E-002
   2.57918124604762      -0.116537128281736     
   2.62918124604762      -0.154601863807628     
   2.67918124604762      -0.195555780727582     
   2.72918124604762      -0.239283563428101     
   2.77918124604762      -0.285572364480512     
   2.82918124604762      -0.334130258631767     
   2.87918124604762      -0.384617418655232     
   2.92918124604762      -0.436686929445132     
   2.97918124604762      -0.489995422790814     
   3.02918124604762      -0.544232947418794     
   3.07918124604762      -0.599119788343605     
   3.12918124604762      -0.654424281891300     
   3.17918124604762      -0.709947412767812     
   3.22918124604762      -0.765535581625373     
   3.27918124604762      -0.821065364061641     
   3.32918124604762      -0.876448417777971     
   3.37918124604762      -0.931615624587996     
   3.42918124604762      -0.986524140697155     
   3.47918124604762       -1.04114408879736     
   3.52918124604762       -1.09546029190718     
   3.57918124604763       -1.14946781056763     
   3.62918124604762       -1.20316888109623     
   3.67918124604762       -1.25657153286547     
   3.72918124604763       -1.30968802622192     
   3.77918124604762       -1.36253263194670     
   3.82918124604762       -1.41512164997757     
   3.87918124604762       -1.46747203741687     
   3.92918124604762       -1.51960142379243     
   3.97918124604762       -1.57152685233120     
   4.02918124604763       -1.62326477319095     
   4.07918124604763       -1.67483033888021     
   4.12918124604762       -1.72624116368358     
   4.17918124604762       -1.77750912069082     
   4.22918124604762       -1.82864799819089     
   4.27918124604763       -1.87967017878763     
   4.32918124604763       -1.93058682592934     
   4.37918124604762       -1.98140824906359     
   4.42918124604762       -2.03214391592342     
   4.47918124604762       -2.08280240506193     
   4.52918124604763       -2.13339156860436     
   4.57918124604763       -2.18391847600171     
 zone T = "ep =   1.000000000000000E-002 ",
   1.07918124604762       0.519544569769659     
   1.12918124604762       0.516313597913173     
   1.17918124604762       0.512043914327849     
   1.22918124604762       0.507847585610374     
   1.27918124604762       0.502737537997272     
   1.32918124604762       0.496086966867978     
   1.37918124604762       0.489191280245525     
   1.42918124604762       0.480318549499256     
   1.47918124604762       0.470762286309335     
   1.52918124604762       0.459250868806352     
   1.57918124604762       0.446382808710786     
   1.62918124604762       0.431798288258306     
   1.67918124604762       0.415273514079805     
   1.72918124604763       0.396783050841487     
   1.77918124604762       0.376374243340114     
   1.82918124604762       0.354036908035861     
   1.87918124604762       0.330014365902083     
   1.92918124604762       0.304554695746793     
   1.97918124604762       0.277931284893567     
   2.02918124604762       0.250538929861875     
   2.07918124604762       0.222810358144779     
   2.12918124604762       0.195067549297251     
   2.17918124604762       0.167683329197153     
   2.22918124604762       0.140803825849893     
   2.27918124604762       0.114476089541537     
   2.32918124604762       8.856641374198913E-002
   2.37918124604762       6.278665550178590E-002
   2.42918124604762       3.669189248735745E-002
   2.47918124604762       9.774638812896546E-003
   2.52918124604762      -1.852189454558856E-002
   2.57918124604762      -4.872160119360131E-002
   2.62918124604762      -8.127199141761095E-002
   2.67918124604762      -0.116503953910968     
   2.72918124604762      -0.154588725648518     
   2.77918124604762      -0.195558386543371     
   2.82918124604762      -0.239307007199417     
   2.87918124604762      -0.285615000606241     
   2.92918124604762      -0.334190795048304     
   2.97918124604762      -0.384694307709293     
   3.02918124604762      -0.436777550372395     
   3.07918124604762      -0.490098126601607     
   3.12918124604762      -0.544346175462799     
   3.17918124604762      -0.599241968344927     
   3.22918124604762      -0.654551864469089     
   3.27918124604762      -0.710079806176541     
   3.32918124604762      -0.765672228833336     
   3.37918124604762      -0.821205559765916     
   3.42918124604762      -0.876590476583031     
   3.47918124604762      -0.931760049500475     
   3.52918124604762      -0.986669303289792     
   3.57918124604763       -1.04129003265241     
   3.62918124604762       -1.09560682207767     
   3.67918124604762       -1.14961454398407     
   3.72918124604763       -1.20331591821889     
   3.77918124604762       -1.25671875265547     
   3.82918124604762       -1.30983510236196     
   3.87918124604762       -1.36267950826799     
   3.92918124604762       -1.41526845299431     
   3.97918124604762       -1.46761893910243     
   4.02918124604763       -1.51974813922490     
   4.07918124604763       -1.57167257987444     
   4.12918124604762       -1.62341088617885     
   4.17918124604762       -1.67497720821130     
   4.22918124604762       -1.72638710831293     
   4.27918124604763       -1.77765488411038     
   4.32918124604763       -1.82879366200176     
   4.37918124604762       -1.87981565076641     
   4.42918124604762       -1.93073213297504     
   4.47918124604762       -1.98155342014643     
   4.52918124604763       -2.03228898112157     
   4.57918124604763       -2.08294740396353     
 zone T = "ep =   7.943282347242814E-003 ",
   1.07918124604762       0.525880942628338     
   1.12918124604762       0.523093110022745     
   1.17918124604762       0.519679269704326     
   1.22918124604762       0.516555112815349     
   1.27918124604762       0.512693850417402     
   1.32918124604762       0.507604324800367     
   1.37918124604762       0.502526334702599     
   1.42918124604762       0.495787949827695     
   1.47918124604762       0.488668959598958     
   1.52918124604762       0.479942335261402     
   1.57918124604762       0.470172922762173     
   1.62918124604762       0.458987298235735     
   1.67918124604762       0.446122499676740     
   1.72918124604763       0.431475733263112     
   1.77918124604762       0.414981851295301     
   1.82918124604762       0.396497771994068     
   1.87918124604762       0.376094151181181     
   1.92918124604762       0.353841863979371     
   1.97918124604762       0.329851918324533     
   2.02918124604762       0.304383198225393     
   2.07918124604762       0.277788882095442     
   2.12918124604762       0.250402732893042     
   2.17918124604762       0.222687896539566     
   2.22918124604762       0.194987747255584     
   2.27918124604762       0.167618173783221     
   2.32918124604762       0.140764613653630     
   2.37918124604762       0.114466635841512     
   2.42918124604762       8.857646856885450E-002
   2.47918124604762       6.280856163981698E-002
   2.52918124604762       3.672897037247708E-002
   2.57918124604762       9.820393810540225E-003
   2.62918124604762      -1.847102503925495E-002
   2.67918124604762      -4.867717730873198E-002
   2.72918124604762      -8.123726708380298E-002
   2.77918124604762      -0.116477559535001     
   2.82918124604762      -0.154577097353641     
   2.87918124604762      -0.195562077993973     
   2.92918124604762      -0.239326461092851     
   2.97918124604762      -0.285649985609863     
   3.02918124604762      -0.334239800167921     
   3.07918124604762      -0.384756230508368     
   3.12918124604762      -0.436851093840431     
   3.17918124604762      -0.490181807259417     
   3.22918124604762      -0.544436895258898     
   3.27918124604762      -0.599338877841605     
   3.32918124604762      -0.654654144028002     
   3.37918124604762      -0.710186547249401     
   3.42918124604762      -0.765781811201225     
   3.47918124604762      -0.821318091051998     
   3.52918124604762      -0.876704467453564     
   3.57918124604763      -0.931875339215708     
   3.62918124604762      -0.986785583494116     
   3.67918124604762       -1.04140688031251     
   3.72918124604763       -1.09572421440466     
   3.77918124604762       -1.14973230799087     
   3.82918124604762       -1.20343373856418     
   3.87918124604762       -1.25683653731372     
   3.92918124604762       -1.30995291299504     
   3.97918124604762       -1.36279745114103     
   4.02918124604763       -1.41538628469393     
   4.07918124604763       -1.46773601631073     
   4.12918124604762       -1.51986552513398     
   4.17918124604762       -1.57179055680315     
   4.22918124604762       -1.62352813163688     
   4.27918124604763       -1.67509430050195     
   4.32918124604763       -1.72650410882171     
   4.37918124604762       -1.77777171888189     
   4.42918124604762       -1.82891035136124     
   4.47918124604762       -1.87993221725468     
   4.52918124604763       -1.93084860047695     
   4.57918124604763       -1.98166982032440     
 zone T = "ep =   6.309573444801929E-003 ",
   1.07918124604762       0.530572267669887     
   1.12918124604762       0.528061732488313     
   1.17918124604762       0.525271483656600     
   1.22918124604762       0.522935806117239     
   1.27918124604762       0.519989247899880     
   1.32918124604762       0.516046020867452     
   1.37918124604762       0.512318676155095     
   1.42918124604762       0.507179222727549     
   1.47918124604762       0.501915768854493     
   1.52918124604762       0.495348675429267     
   1.57918124604762       0.488041784816795     
   1.62918124604762       0.479639340316437     
   1.67918124604762       0.469882286835478     
   1.72918124604763       0.458646445438874     
   1.77918124604762       0.445818433946638     
   1.82918124604762       0.431184909859690     
   1.87918124604762       0.414702314863178     
   1.92918124604762       0.396300473107652     
   1.97918124604762       0.375929334609662     
   2.02918124604762       0.353670357592204     
   2.07918124604762       0.329705821880810     
   2.12918124604762       0.304240517870310     
   2.17918124604762       0.277655008727527     
   2.22918124604762       0.250302339657960     
   2.27918124604762       0.222596537247122     
   2.32918124604762       0.194916235836253     
   2.37918124604762       0.167571513722333     
   2.42918124604762       0.140735929582925     
   2.47918124604762       0.114451546135064     
   2.52918124604762       8.858018940430813E-002
   2.57918124604762       6.282723999437420E-002
   2.62918124604762       3.676068334620986E-002
   2.67918124604762       9.855448649728323E-003
   2.72918124604762      -1.843578478188400E-002
   2.77918124604762      -4.864164407628567E-002
   2.82918124604762      -8.120848183564544E-002
   2.87918124604762      -0.116457743178568     
   2.92918124604762      -0.154568358027519     
   2.97918124604762      -0.195565741779816     
   3.02918124604762      -0.239342486301298     
   3.07918124604762      -0.285678291901430     
   3.12918124604762      -0.334279803675671     
   3.17918124604762      -0.384806912193706     
   3.22918124604762      -0.436909974383349     
   3.27918124604762      -0.490248026379161     
   3.32918124604762      -0.544509537702778     
   3.37918124604762      -0.599416928470364     
   3.42918124604762      -0.654736044077528     
   3.47918124604762      -0.710272090799328     
   3.52918124604762      -0.765869594177359     
   3.57918124604763      -0.821407768159511     
   3.62918124604762      -0.876795614681845     
   3.67918124604762      -0.931967476199668     
   3.72918124604763      -0.986878567781778     
   3.77918124604762       -1.04150047780160     
   3.82918124604762       -1.09581810085737     
   3.87918124604762       -1.14982634886500     
   3.92918124604762       -1.20352793274177     
   3.97918124604762       -1.25693092976005     
   4.02918124604763       -1.31004728487034     
   4.07918124604763       -1.36289127710850     
   4.12918124604762       -1.41548037920547     
   4.17918124604762       -1.46783058821433     
   4.22918124604762       -1.51995952994645     
   4.27918124604763       -1.57188444059876     
   4.32918124604763       -1.62362193785353     
   4.37918124604762       -1.67518796787361     
   4.42918124604762       -1.72659765119587     
   4.47918124604762       -1.77786515271118     
   4.52918124604763       -1.82900369482677     
   4.57918124604763       -1.88002549513242     
 zone T = "ep =   5.011872336272725E-003 ",
   1.07918124604762       0.534048712261043     
   1.12918124604762       0.531714025755089     
   1.17918124604762       0.529381410880961     
   1.22918124604762       0.527622801725835     
   1.27918124604762       0.525342260375838     
   1.32918124604762       0.522232987917830     
   1.37918124604762       0.519492480566798     
   1.42918124604762       0.515526315969134     
   1.47918124604762       0.511636228774251     
   1.52918124604762       0.506685762680958     
   1.57918124604762       0.501251116713549     
   1.62918124604762       0.495006637983100     
   1.67918124604762       0.487718526716716     
   1.72918124604763       0.479274806210439     
   1.77918124604762       0.469559403210150     
   1.82918124604762       0.458342787065084     
   1.87918124604762       0.445531987623115     
   1.92918124604762       0.430980558886115     
   1.97918124604762       0.414532733898395     
   2.02918124604762       0.396128787504003     
   2.07918124604762       0.375783231860182     
   2.12918124604762       0.353528513243981     
   2.17918124604762       0.329571553265837     
   2.22918124604762       0.304134164545540     
   2.27918124604762       0.277553963823136     
   2.32918124604762       0.250215573457073     
   2.37918124604762       0.222528526908410     
   2.42918124604762       0.194861675064743     
   2.47918124604762       0.167527843230281     
   2.52918124604762       0.140709453870235     
   2.57918124604762       0.114440768986937     
   2.62918124604762       8.858523718163686E-002
   2.67918124604762       6.284104571444700E-002
   2.72918124604762       3.678146154823747E-002
   2.77918124604762       9.883634191742569E-003
   2.82918124604762      -1.840662731762903E-002
   2.87918124604762      -4.861426657145868E-002
   2.92918124604762      -8.118590722610694E-002
   2.97918124604762      -0.116442487488655     
   3.02918124604762      -0.154561769709378     
   3.07918124604762      -0.195568961961770     
   3.12918124604762      -0.239355975938025     
   3.17918124604762      -0.285701864552098     
   3.22918124604762      -0.334311850503539     
   3.27918124604762      -0.384846883751464     
   3.32918124604762      -0.436957106984628     
   3.37918124604762      -0.490301367755875     
   3.42918124604762      -0.544567657584333     
   3.47918124604762      -0.599479420287627     
   3.52918124604762      -0.654801578563269     
   3.57918124604763      -0.710340173148843     
   3.62918124604762      -0.765939693903369     
   3.67918124604762      -0.821479339282309     
   3.72918124604763      -0.876868399791428     
   3.77918124604762      -0.932041172728545     
   3.82918124604762      -0.986952825814124     
   3.87918124604762       -1.04157511336449     
   3.92918124604762       -1.09589304987594     
   3.97918124604762       -1.14990159670644     
   4.02918124604763       -1.20360327031691     
   4.07918124604763       -1.25700591676247     
   4.12918124604762       -1.31012253393838     
   4.17918124604762       -1.36296693435235     
   4.22918124604762       -1.41555561450237     
   4.27918124604763       -1.46790574047690     
   4.32918124604763       -1.52003462590372     
   4.37918124604762       -1.57195942689514     
   4.42918124604762       -1.62369682159250     
   4.47918124604762       -1.67526275941015     
   4.52918124604763       -1.72667236317489     
   4.57918124604763       -1.77793980366003     
 zone T = "ep =   3.981071705534973E-003 ",
   1.07918124604762       0.536633069287284     
   1.12918124604762       0.534415296506347     
   1.17918124604762       0.532421211585191     
   1.22918124604762       0.531084714606385     
   1.27918124604762       0.529289158777073     
   1.32918124604762       0.526784816474858     
   1.37918124604762       0.524759206845916     
   1.42918124604762       0.521644546165514     
   1.47918124604762       0.518754320453571     
   1.52918124604762       0.514988177121100     
   1.57918124604762       0.510937485351252     
   1.62918124604762       0.506307608366742     
   1.67918124604762       0.500895821542271     
   1.72918124604763       0.494616259551884     
   1.77918124604762       0.487373293733644     
   1.82918124604762       0.478953322646041     
   1.87918124604762       0.469259898352775     
   1.92918124604762       0.458126085404478     
   1.97918124604762       0.445352886520934     
   2.02918124604762       0.430804298377450     
   2.07918124604762       0.414384126092237     
   2.12918124604762       0.395987346736844     
   2.17918124604762       0.375650886136136     
   2.22918124604762       0.353422123202204     
   2.27918124604762       0.329469653044248     
   2.32918124604762       0.304043580662272     
   2.37918124604762       0.277477776175560     
   2.42918124604762       0.250148681192266     
   2.47918124604762       0.222468753210806     
   2.52918124604762       0.194815134134102     
   2.57918124604762       0.167494261626631     
   2.62918124604762       0.140690318121496     
   2.67918124604762       0.114431345954951     
   2.72918124604762       8.858540230665433E-002
   2.77918124604762       6.285237840545162E-002
   2.82918124604762       3.679906068737237E-002
   2.87918124604762       9.905363795037488E-003
   2.92918124604762      -1.838363509177892E-002
   2.97918124604762      -4.859285094412777E-002
   3.02918124604762      -8.116819265899329E-002
   3.07918124604762      -0.116430550083111     
   3.12918124604762      -0.154557087470440     
   3.17918124604762      -0.195572333404335     
   3.22918124604762      -0.239366844277517     
   3.27918124604762      -0.285720301323233     
   3.32918124604762      -0.334337532593463     
   3.37918124604762      -0.384879157025885     
   3.42918124604762      -0.436994814546278     
   3.47918124604762      -0.490344065492389     
   3.52918124604762      -0.544614138141817     
   3.57918124604763      -0.599529105549750     
   3.62918124604762      -0.654853864063218     
   3.67918124604762      -0.710394456242789     
   3.72918124604763      -0.765995614652067     
   3.77918124604762      -0.821536525116239     
   3.82918124604762      -0.876926463413351     
   3.87918124604762      -0.932099875192437     
   3.92918124604762      -0.987012039009942     
   3.97918124604762       -1.04163476306645     
   4.02918124604763       -1.09595292367036     
   4.07918124604763       -1.14996131204822     
   4.12918124604762       -1.20366327368333     
   4.17918124604762       -1.25706629878920     
   4.22918124604762       -1.31018262807846     
   4.27918124604763       -1.36302699123026     
   4.32918124604763       -1.41561564447386     
   4.37918124604762       -1.46796569383851     
   4.42918124604762       -1.52009450239012     
   4.47918124604762       -1.57201923041868     
   4.52918124604763       -1.62375655912743     
   4.57918124604763       -1.67532244351522     
 zone T = "ep =   3.162277660168379E-003 ",
   1.07918124604762       0.538563506102574     
   1.12918124604762       0.536429359515794     
   1.17918124604762       0.534687531087781     
   1.22918124604762       0.533660597407899     
   1.27918124604762       0.532219657714280     
   1.32918124604762       0.530154628201579     
   1.37918124604762       0.528645708491846     
   1.42918124604762       0.526146485334094     
   1.47918124604762       0.523978487421630     
   1.52918124604762       0.521069971277927     
   1.57918124604762       0.518025771303944     
   1.62918124604762       0.514577956601647     
   1.67918124604762       0.510552570185247     
   1.72918124604763       0.505891746812086     
   1.77918124604762       0.500527420829202     
   1.82918124604762       0.494274751664621     
   1.87918124604762       0.487057208464373     
   1.92918124604762       0.478720743741519     
   1.97918124604762       0.469067353982653     
   2.02918124604762       0.457940616732892     
   2.07918124604762       0.445197530762668     
   2.12918124604762       0.430659525133280     
   2.17918124604762       0.414251167113924     
   2.22918124604762       0.395880675350270     
   2.27918124604762       0.375550044624810     
   2.32918124604762       0.353332222010325     
   2.37918124604762       0.329392366418917     
   2.42918124604762       0.303973461812102     
   2.47918124604762       0.277412245879294     
   2.52918124604762       0.250092771491342     
   2.57918124604762       0.222422274818316     
   2.62918124604762       0.194779860566276     
   2.67918124604762       0.167466851164815     
   2.72918124604762       0.140671745163297     
   2.77918124604762       0.114424216475193     
   2.82918124604762       8.858653689642758E-002
   2.87918124604762       6.286083980731927E-002
   2.92918124604762       3.681293819504844E-002
   2.97918124604762       9.922385159934023E-003
   3.02918124604762      -1.836550747152959E-002
   3.07918124604762      -4.857594219313129E-002
   3.12918124604762      -8.115453507217077E-002
   3.17918124604762      -0.116421695952058     
   3.22918124604762      -0.154553448480683     
   3.27918124604762      -0.195574735856172     
   3.32918124604762      -0.239375618534281     
   3.37918124604762      -0.285735322851279     
   3.42918124604762      -0.334358107426768     
   3.47918124604762      -0.384905012823936     
   3.52918124604762      -0.437024976003826     
   3.57918124604763      -0.490377982293344     
   3.62918124604762      -0.544651201389109     
   3.67918124604762      -0.599568693602850     
   3.72918124604763      -0.654895544341323     
   3.77918124604762      -0.710437797245493     
   3.82918124604762      -0.766040189372176     
   3.87918124604762      -0.821582038650577     
   3.92918124604762      -0.876972723980602     
   3.97918124604762      -0.932146748907579     
   4.02918124604763      -0.987059299076512     
   4.07918124604763       -1.04168206214929     
   4.12918124604762       -1.09600056909145     
   4.17918124604762       -1.15000934354903     
   4.22918124604762       -1.20371114737266     
   4.27918124604763       -1.25711419098996     
   4.32918124604763       -1.31023053230801     
   4.37918124604762       -1.36307485748416     
   4.42918124604762       -1.41566346412776     
   4.47918124604762       -1.46801346368260     
   4.52918124604763       -1.52014222329212     
   4.57918124604763       -1.57206690892428     
 zone T = "ep =   2.511886431509579E-003 ",
   1.07918124604762       0.540013910715125     
   1.12918124604762       0.537944349732537     
   1.17918124604762       0.536391689940211     
   1.22918124604762       0.535592872104899     
   1.27918124604762       0.534412882998138     
   1.32918124604762       0.532668152673975     
   1.37918124604762       0.531533483064761     
   1.42918124604762       0.529479439976516     
   1.47918124604762       0.527832286785433     
   1.52918124604762       0.525542176990882     
   1.57918124604762       0.523224406188545     
   1.62918124604762       0.520632033942132     
   1.67918124604762       0.517614568639160     
   1.72918124604763       0.514138539744696     
   1.77918124604762       0.510162074304636     
   1.82918124604762       0.505530220886243     
   1.87918124604762       0.500193649851032     
   1.92918124604762       0.494024927327707     
   1.97918124604762       0.486849188158841     
   2.02918124604762       0.478522991472345     
   2.07918124604762       0.468901810222827     
   2.12918124604762       0.457788660360162     
   2.17918124604762       0.445060147496363     
   2.22918124604762       0.430549694849644     
   2.27918124604762       0.414149433967067     
   2.32918124604762       0.395791062490695     
   2.37918124604762       0.375473241239975     
   2.42918124604762       0.353262471100586     
   2.47918124604762       0.329326566314465     
   2.52918124604762       0.303915346348183     
   2.57918124604762       0.277361097858279     
   2.62918124604762       0.250049871693819     
   2.67918124604762       0.222384726798668     
   2.72918124604762       0.194748886645664     
   2.77918124604762       0.167445407933670     
   2.82918124604762       0.140657896186629     
   2.87918124604762       0.114418093623198     
   2.92918124604762       8.858737004855526E-002
   2.97918124604762       6.286737541225949E-002
   3.02918124604762       3.682387101654665E-002
   3.07918124604762       9.935847610401876E-003
   3.12918124604762      -1.835143297801594E-002
   3.17918124604762      -4.856301473695053E-002
   3.22918124604762      -8.114372238095410E-002
   3.27918124604762      -0.116414403496713     
   3.32918124604762      -0.154550645245145     
   3.37918124604762      -0.195576922745252     
   3.42918124604762      -0.239382703051308     
   3.47918124604762      -0.285747405820669     
   3.52918124604762      -0.334374592313642     
   3.57918124604763      -0.384925528928576     
   3.62918124604762      -0.437049022784915     
   3.67918124604762      -0.490404995611297     
   3.72918124604763      -0.544680734500762     
   3.77918124604762      -0.599600289121892     
   3.82918124604762      -0.654928749616252     
   3.87918124604762      -0.710472270395074     
   3.92918124604762      -0.766075680738179     
   3.97918124604762      -0.821618357339023     
   4.02918124604763      -0.877009621023252     
   4.07918124604763      -0.932183894288586     
   4.12918124604762      -0.987096881761819     
   4.17918124604762       -1.04172007373990     
   4.22918124604762       -1.09603855517015     
   4.27918124604763       -1.15004741631725     
   4.32918124604763       -1.20374928236454     
   4.37918124604762       -1.25715233410650     
   4.42918124604762       -1.31026866521005     
   4.47918124604762       -1.36311296882508     
   4.52918124604763       -1.41570154793064     
   4.57918124604763       -1.46805152012596     
 zone T = "ep =   1.995262314968879E-003 ",
   1.07918124604762       0.541110561430048     
   1.12918124604762       0.539093889992684     
   1.17918124604762       0.537683897720989     
   1.22918124604762       0.537054233510043     
   1.27918124604762       0.536067690878505     
   1.32918124604762       0.534557865070676     
   1.37918124604762       0.533695713865571     
   1.42918124604762       0.531965066913020     
   1.47918124604762       0.530694586962320     
   1.52918124604762       0.528850823306724     
   1.57918124604762       0.527056631788600     
   1.62918124604762       0.525080742967008     
   1.67918124604762       0.522790537723667     
   1.72918124604763       0.520171761946842     
   1.77918124604762       0.517204110608600     
   1.82918124604762       0.513758385855004     
   1.87918124604762       0.509811195495216     
   1.92918124604762       0.505263471799232     
   1.97918124604762       0.499969868985560     
   2.02918124604762       0.493813643685888     
   2.07918124604762       0.486671636133667     
   2.12918124604762       0.478361308254956     
   2.17918124604762       0.468756950357754     
   2.22918124604762       0.457672698184890     
   2.27918124604762       0.444954556003272     
   2.32918124604762       0.430457915308141     
   2.37918124604762       0.414071620394800     
   2.42918124604762       0.395721382865855     
   2.47918124604762       0.375408285319034     
   2.52918124604762       0.353204926682078     
   2.57918124604762       0.329275117322123     
   2.62918124604762       0.303870533099296     
   2.67918124604762       0.277319931322496     
   2.72918124604762       0.250013210742545     
   2.77918124604762       0.222355202380768     
   2.82918124604762       0.194725089258497     
   2.87918124604762       0.167427978452854     
   2.92918124604762       0.140646845562922     
   2.97918124604762       0.114413077421526     
   3.02918124604762       8.858796559351981E-002
   3.07918124604762       6.287253155199050E-002
   3.12918124604762       3.683228775360498E-002
   3.17918124604762       9.946121254375499E-003
   3.22918124604762      -1.834026394626583E-002
   3.27918124604762      -4.855250426765780E-002
   3.32918124604762      -8.113518717872074E-002
   3.37918124604762      -0.116408823530139     
   3.42918124604762      -0.154548494875655     
   3.47918124604762      -0.195578765457286     
   3.52918124604762      -0.239388428248276     
   3.57918124604763      -0.285756971190605     
   3.62918124604762      -0.334387742056477     
   3.67918124604762      -0.384941867807573     
   3.72918124604763      -0.437068182062776     
   3.77918124604762      -0.490426555258952     
   3.82918124604762      -0.544704254994336     
   3.87918124604762      -0.599625407988568     
   3.92918124604762      -0.654955176557413     
   3.97918124604762      -0.710499767363908     
   4.02918124604763      -0.766103974779748     
   4.07918124604763      -0.821647123708014     
   4.12918124604762      -0.877038947621937     
   4.17918124604762      -0.932213726699773     
   4.22918124604762      -0.987126828311578     
   4.27918124604763       -1.04175018991912     
   4.32918124604763       -1.09606879691886     
   4.37918124604762       -1.15007772176563     
   4.42918124604762       -1.20377962177285     
   4.47918124604762       -1.25718268665394     
   4.52918124604763       -1.31029901703661     
   4.57918124604763       -1.36314331308095     
 zone T = "ep =   1.584893192461114E-003 ",
   1.07918124604762       0.541945054222838     
   1.12918124604762       0.539973145159014     
   1.17918124604762       0.538671324612668     
   1.22918124604762       0.538167984535621     
   1.27918124604762       0.537325940634980     
   1.32918124604762       0.535989630901500     
   1.37918124604762       0.535327371499834     
   1.42918124604762       0.533833194424970     
   1.47918124604762       0.532836708968991     
   1.52918124604762       0.531316587147641     
   1.57918124604762       0.529900908877402     
   1.62918124604762       0.528369765248136     
   1.67918124604762       0.526603625129973     
   1.72918124604763       0.524602545909091     
   1.77918124604762       0.522362689732593     
   1.82918124604762       0.519775062977157     
   1.87918124604762       0.516837656810719     
   1.92918124604762       0.513476068576763     
   1.97918124604762       0.509572562487633     
   2.02918124604762       0.505038823969613     
   2.07918124604762       0.499779960353314     
   2.12918124604762       0.493641192519245     
   2.17918124604762       0.486517637433497     
   2.22918124604762       0.478237274846501     
   2.27918124604762       0.468645135123644     
   2.32918124604762       0.457576264129332     
   2.37918124604762       0.444873426734760     
   2.42918124604762       0.430386373028335     
   2.47918124604762       0.414006191994266     
   2.52918124604762       0.395664096359808     
   2.57918124604762       0.375357428693713     
   2.62918124604762       0.353160429930861     
   2.67918124604762       0.329233783507316     
   2.72918124604762       0.303832667066957     
   2.77918124604762       0.277287505765920     
   2.82918124604762       0.249984806210356     
   2.87918124604762       0.222331408124769     
   2.92918124604762       0.194706148229176     
   2.97918124604762       0.167414004673698     
   3.02918124604762       0.140638015457829     
   3.07918124604762       0.114409068995422     
   3.12918124604762       8.858821017993479E-002
   3.17918124604762       6.287626595972325E-002
   3.22918124604762       3.683897524415314E-002
   3.27918124604762       9.954505143805800E-003
   3.32918124604762      -1.833142561869918E-002
   3.37918124604762      -4.854432425084029E-002
   3.42918124604762      -8.112845919912152E-002
   3.47918124604762      -0.116404467111296     
   3.52918124604762      -0.154546855748169     
   3.57918124604763      -0.195580192219790     
   3.62918124604762      -0.239393010318574     
   3.67918124604762      -0.285764593365001     
   3.72918124604763      -0.334398224010272     
   3.77918124604762      -0.384954917349411     
   3.82918124604762      -0.437083439934847     
   3.87918124604762      -0.490443688731454     
   3.92918124604762      -0.544722968739968     
   3.97918124604762      -0.599645439935954     
   4.02918124604763      -0.654976238346269     
   4.07918124604763      -0.710521536085111     
   4.12918124604762      -0.766126454514794     
   4.17918124604762      -0.821670217400996     
   4.22918124604762      -0.877062305731818     
   4.27918124604763      -0.932237353871477     
   4.32918124604763      -0.987150659252571     
   4.37918124604762       -1.04177415155874     
   4.42918124604762       -1.09609284622679     
   4.47918124604762       -1.15010182684907     
   4.52918124604763       -1.20380375958201     
   4.57918124604763       -1.25720684236284     
 zone T = "ep =   1.258925411794167E-003 ",
   1.07918124604762       0.542583970138514     
   1.12918124604762       0.540650404987795     
   1.17918124604762       0.539431024384760     
   1.22918124604762       0.539022723476455     
   1.27918124604762       0.538289419452384     
   1.32918124604762       0.537082294885657     
   1.37918124604762       0.536567887132237     
   1.42918124604762       0.535247993044894     
   1.47918124604762       0.534452344803318     
   1.52918124604762       0.533168527383465     
   1.57918124604762       0.532028122758351     
   1.62918124604762       0.530819328712369     
   1.67918124604762       0.529431988594589     
   1.72918124604763       0.527876479109535     
   1.77918124604762       0.526161003689868     
   1.82918124604762       0.524191605884396     
   1.87918124604762       0.521982608072209     
   1.92918124604762       0.519479026720323     
   1.97918124604762       0.516585723046811     
   2.02918124604762       0.513239089379936     
   2.07918124604762       0.509370949150773     
   2.12918124604762       0.504855718620318     
   2.17918124604762       0.499616405943953     
   2.22918124604762       0.493508334307808     
   2.27918124604762       0.486398334163742     
   2.32918124604762       0.478134560594999     
   2.37918124604762       0.468558858475513     
   2.42918124604762       0.457500901159353     
   2.47918124604762       0.444805589549379     
   2.52918124604762       0.430327742257440     
   2.57918124604762       0.413954889115329     
   2.62918124604762       0.395619689720639     
   2.67918124604762       0.375316616164939     
   2.72918124604762       0.353123066761887     
   2.77918124604762       0.329201200435317     
   2.82918124604762       0.303803227231006     
   2.87918124604762       0.277261453770409     
   2.92918124604762       0.249962215029801     
   2.97918124604762       0.222312398190343     
   3.02918124604762       0.194691060429642     
   3.07918124604762       0.167402887396405     
   3.12918124604762       0.140630802956924     
   3.17918124604762       0.114405569047802     
   3.22918124604762       8.858841148221090E-002
   3.27918124604762       6.287943596574938E-002
   3.32918124604762       3.684426489861672E-002
   3.37918124604762       9.961025102542482E-003
   3.42918124604762      -1.832444178375923E-002
   3.47918124604762      -4.853788340992622E-002
   3.52918124604762      -8.112316523134837E-002
   3.57918124604763      -0.116400968370873     
   3.62918124604762      -0.154545574859038     
   3.67918124604762      -0.195581338418774     
   3.72918124604763      -0.239396673165065     
   3.77918124604762      -0.285770698396852     
   3.82918124604762      -0.334406575188283     
   3.87918124604762      -0.384965283628407     
   3.92918124604762      -0.437095578108084     
   3.97918124604762      -0.490457354419611     
   4.02918124604763      -0.544737882397364     
   4.07918124604763      -0.599661289878965     
   4.12918124604762      -0.654992966544959     
   4.17918124604762      -0.710539010416458     
   4.22918124604762      -0.766144353921041     
   4.27918124604763      -0.821688501714137     
   4.32918124604763      -0.877080887614942     
   4.37918124604762      -0.932256146313528     
   4.42918124604762      -0.987169604145388     
   4.47918124604762       -1.04179320426497     
   4.52918124604763       -1.09611197302851     
   4.57918124604763       -1.15012100376726     
 zone T = "ep =   1.000000000000000E-003 ",
   1.07918124604762       0.543075931951184     
   1.12918124604762       0.541175191014773     
   1.17918124604762       0.540018954941886     
   1.22918124604762       0.539682679308541     
   1.27918124604762       0.539031783087208     
   1.32918124604762       0.537921620709263     
   1.37918124604762       0.537517531399318     
   1.42918124604762       0.536327190780202     
   1.47918124604762       0.535680029820219     
   1.52918124604762       0.534570183534428     
   1.57918124604762       0.533631530584005     
   1.62918124604762       0.532658014382617     
   1.67918124604762       0.531546118576427     
   1.72918124604763       0.530313528041845     
   1.77918124604762       0.528977035989818     
   1.82918124604762       0.527453543841125     
   1.87918124604762       0.525769313711297     
   1.92918124604762       0.523883827385083     
   1.97918124604762       0.521719164914707     
   2.02918124604762       0.519231163410531     
   2.07918124604762       0.516373598414072     
   2.12918124604762       0.513046147253708     
   2.17918124604762       0.509198267843728     
   2.22918124604762       0.504714188513963     
   2.27918124604762       0.499489333446316     
   2.32918124604762       0.493398687873065     
   2.37918124604762       0.486305948439407     
   2.42918124604762       0.478054105530343     
   2.47918124604762       0.468487080979657     
   2.52918124604762       0.457439321322025     
   2.57918124604762       0.444752310090603     
   2.62918124604762       0.430282173033670     
   2.67918124604762       0.413913753350424     
   2.72918124604762       0.395582587249049     
   2.77918124604762       0.375284423921496     
   2.82918124604762       0.353093960688767     
   2.87918124604762       0.329175060874977     
   2.92918124604762       0.303779820971844     
   2.97918124604762       0.277240667055324     
   3.02918124604762       0.249944235921454     
   3.07918124604762       0.222297285192877     
   3.12918124604762       0.194678902919683     
   3.17918124604762       0.167393779440004     
   3.22918124604762       0.140625082522341     
   3.27918124604762       0.114402972478956     
   3.32918124604762       8.858855489919633E-002
   3.37918124604762       6.288183447214959E-002
   3.42918124604762       3.684843880009963E-002
   3.47918124604762       9.966159342272072E-003
   3.52918124604762      -1.831893270980143E-002
   3.57918124604763      -4.853272943430878E-002
   3.62918124604762      -8.111897290999805E-002
   3.67918124604762      -0.116398195174897     
   3.72918124604763      -0.154544571962779     
   3.77918124604762      -0.195582285666688     
   3.82918124604762      -0.239399598812510     
   3.87918124604762      -0.285775544537656     
   3.92918124604762      -0.334413219645593     
   3.97918124604762      -0.384973558258139     
   4.02918124604763      -0.437105254353592     
   4.07918124604763      -0.490468157795502     
   4.12918124604762      -0.544749723868818     
   4.17918124604762      -0.599674017926923     
   4.22918124604762      -0.655006284030557     
   4.27918124604763      -0.710552841053865     
   4.32918124604763      -0.766158589875043     
   4.37918124604762      -0.821703040933622     
   4.42918124604762      -0.877095655885100     
   4.47918124604762      -0.932271084910259     
   4.52918124604763      -0.987184667282827     
   4.57918124604763       -1.04180835755326     
 zone T = "ep =   7.943282347242813E-004 ",
   1.07918124604762       0.543456675856634     
   1.12918124604762       0.541583841308349     
   1.17918124604762       0.540476203690168     
   1.22918124604762       0.540194889711664     
   1.27918124604762       0.539606855611626     
   1.32918124604762       0.538570046754610     
   1.37918124604762       0.538248979316508     
   1.42918124604762       0.537155776030565     
   1.47918124604762       0.536619378949260     
   1.52918124604762       0.535638752121045     
   1.57918124604762       0.534849254866136     
   1.62918124604762       0.534048900284762     
   1.67918124604762       0.533138858281021     
   1.72918124604763       0.532141945199964     
   1.77918124604762       0.531081002059546     
   1.82918124604762       0.529880641999792     
   1.87918124604762       0.528575640265283     
   1.92918124604762       0.527135915812881     
   1.97918124604762       0.525496143509829     
   2.02918124604762       0.523626640289937     
   2.07918124604762       0.521497930250082     
   2.12918124604762       0.519029538075196     
   2.17918124604762       0.516192681765723     
   2.22918124604762       0.512896645119726     
   2.27918124604762       0.509063808559211     
   2.32918124604762       0.504597699454795     
   2.37918124604762       0.499390651850050     
   2.42918124604762       0.493312642720615     
   2.47918124604762       0.486229414675723     
   2.52918124604762       0.477988533157795     
   2.57918124604762       0.468430617292087     
   2.62918124604762       0.457391332691546     
   2.67918124604762       0.444709620401460     
   2.72918124604762       0.430244282476908     
   2.77918124604762       0.413881282188926     
   2.82918124604762       0.395553634090563     
   2.87918124604762       0.375258622209853     
   2.92918124604762       0.353070823999808     
   2.97918124604762       0.329154217609080     
   3.02918124604762       0.303761200892164     
   3.07918124604762       0.277224146432183     
   3.12918124604762       0.249929804370841     
   3.17918124604762       0.222285037958563     
   3.22918124604762       0.194669254901732     
   3.27918124604762       0.167386708442885     
   3.32918124604762       0.140620525536519     
   3.37918124604762       0.114400805666378     
   3.42918124604762       8.858864626993820E-002
   3.47918124604762       6.288370255656885E-002
   3.52918124604762       3.685172327798562E-002
   3.57918124604763       9.970273700951410E-003
   3.62918124604762      -1.831456459803810E-002
   3.67918124604762      -4.852863735500185E-002
   3.72918124604763      -8.111565196334196E-002
   3.77918124604762      -0.116396019975453     
   3.82918124604762      -0.154543785768479     
   3.87918124604762      -0.195583032785416     
   3.92918124604762      -0.239401928965377     
   3.97918124604762      -0.285779423708987     
   4.02918124604763      -0.334418522487059     
   4.07918124604763      -0.384980088291322     
   4.12918124604762      -0.437112934464248     
   4.17918124604762      -0.490476844260857     
   4.22918124604762      -0.544759150787837     
   4.27918124604763      -0.599684087480114     
   4.32918124604763      -0.655016874138493     
   4.37918124604762      -0.710563836831647     
   4.42918124604762      -0.766169901923196     
   4.47918124604762      -0.821714596232563     
   4.52918124604763      -0.877107395779044     
   4.57918124604763      -0.932282963590555     
 zone T = "ep =   6.309573444801930E-004 ",
   1.07918124604762       0.543752664190043     
   1.12918124604762       0.541903338924634     
   1.17918124604762       0.540833274049535     
   1.22918124604762       0.540594165780161     
   1.27918124604762       0.540054371839070     
   1.32918124604762       0.539073467690952     
   1.37918124604762       0.538815385072539     
   1.42918124604762       0.537795618489998     
   1.47918124604762       0.537342565694068     
   1.52918124604762       0.536458771017552     
   1.57918124604762       0.535780534635544     
   1.62918124604762       0.535108762864188     
   1.67918124604762       0.534347937794436     
   1.72918124604763       0.533524471325245     
   1.77918124604762       0.532665440140199     
   1.82918124604762       0.531700893930606     
   1.87918124604762       0.530671597403417     
   1.92918124604762       0.529554868695807     
   1.97918124604762       0.528294383819404     
   2.02918124604762       0.526870904250027     
   2.07918124604762       0.525267202361220     
   2.12918124604762       0.523417577329612     
   2.17918124604762       0.521309855218469     
   2.22918124604762       0.518873019578073     
   2.27918124604762       0.516051577242513     
   2.32918124604762       0.512773850791962     
   2.37918124604762       0.508959164754810     
   2.42918124604762       0.504506153406932     
   2.47918124604762       0.499309179569897     
   2.52918124604762       0.493242661084218     
   2.57918124604762       0.486169128089777     
   2.62918124604762       0.477937312187839     
   2.67918124604762       0.468385404495146     
   2.72918124604762       0.457351613977509     
   2.77918124604762       0.444675894318527     
   2.82918124604762       0.430214659337879     
   2.87918124604762       0.413855276894826     
   2.92918124604762       0.395530620214505     
   2.97918124604762       0.375238056158797     
   3.02918124604762       0.353052422387371     
   3.07918124604762       0.329137654648650     
   3.12918124604762       0.303746279298824     
   3.17918124604762       0.277210811357083     
