 zone T = "Var            1 : IMEX",
 0.00000E+00  0.38122E+01
-0.10000E+00  0.37017E+01
-0.20000E+00  0.38071E+01
-0.30000E+00  0.38471E+01
-0.40000E+00  0.38219E+01
-0.50000E+00  0.38165E+01
-0.60000E+00  0.38012E+01
-0.70000E+00  0.37465E+01
-0.80000E+00  0.36715E+01
-0.90000E+00  0.36007E+01
-0.10000E+01  0.36543E+01
-0.11000E+01  0.37049E+01
-0.12000E+01  0.38174E+01
-0.13000E+01  0.38631E+01
-0.14000E+01  0.38850E+01
-0.15000E+01  0.39079E+01
-0.16000E+01  0.39119E+01
-0.17000E+01  0.39255E+01
-0.18000E+01  0.39345E+01
-0.19000E+01  0.39401E+01
-0.20000E+01  0.39514E+01
-0.21000E+01  0.39467E+01
-0.22000E+01  0.39470E+01
-0.23000E+01  0.39500E+01
-0.24000E+01  0.39498E+01
-0.25000E+01  0.39564E+01
-0.26000E+01  0.39558E+01
-0.27000E+01  0.39550E+01
-0.28000E+01  0.39565E+01
-0.29000E+01  0.39556E+01
-0.30000E+01  0.39569E+01
-0.31000E+01  0.39516E+01
-0.32000E+01  0.39557E+01
-0.33000E+01  0.39583E+01
-0.34000E+01  0.39543E+01
-0.35000E+01  0.39549E+01
-0.36000E+01  0.39605E+01
-0.37000E+01  0.39608E+01
-0.38000E+01  0.39568E+01
-0.39000E+01  0.39566E+01
-0.40000E+01  0.39614E+01
-0.41000E+01  0.39593E+01
-0.42000E+01  0.39587E+01
-0.43000E+01  0.39587E+01
-0.44000E+01  0.39540E+01
-0.45000E+01  0.39587E+01
-0.46000E+01  0.39574E+01
-0.47000E+01  0.39589E+01
-0.48000E+01  0.39600E+01
-0.49000E+01  0.39583E+01
-0.50000E+01  0.39606E+01
-0.51000E+01  0.39599E+01
-0.52000E+01  0.39574E+01
-0.53000E+01  0.39595E+01
-0.54000E+01  0.39554E+01
-0.55000E+01  0.39598E+01
-0.56000E+01  0.39580E+01
-0.57000E+01  0.39562E+01
-0.58000E+01  0.39619E+01
-0.59000E+01  0.39618E+01
-0.60000E+01  0.39558E+01
-0.61000E+01  0.39545E+01
-0.62000E+01  0.39561E+01
-0.63000E+01  0.39567E+01
-0.64000E+01  0.39565E+01
-0.65000E+01  0.39595E+01
-0.66000E+01  0.39543E+01
-0.67000E+01  0.39598E+01
-0.68000E+01  0.39629E+01
-0.69000E+01  0.39550E+01
-0.70000E+01  0.39581E+01
-0.71000E+01  0.39594E+01
-0.72000E+01  0.39544E+01
-0.73000E+01  0.39576E+01
-0.74000E+01  0.39578E+01
-0.75000E+01  0.39615E+01
-0.76000E+01  0.39567E+01
-0.77000E+01  0.39615E+01
-0.78000E+01  0.39597E+01
-0.79000E+01  0.39591E+01
-0.80000E+01  0.39565E+01
 zone T = "Var            1 : Predicted",
 0.00000E+00  0.97958E+00
-0.10000E+00  0.97547E+00
-0.20000E+00  0.97156E+00
-0.30000E+00  0.96812E+00
-0.40000E+00  0.96619E+00
-0.50000E+00  0.96339E+00
-0.60000E+00  0.96212E+00
-0.70000E+00  0.95969E+00
-0.80000E+00  0.96031E+00
-0.90000E+00  0.95967E+00
-0.10000E+01  0.95916E+00
-0.11000E+01  0.95875E+00
-0.12000E+01  0.95843E+00
-0.13000E+01  0.95818E+00
-0.14000E+01  0.95797E+00
-0.15000E+01  0.95781E+00
-0.16000E+01  0.95768E+00
-0.17000E+01  0.95758E+00
-0.18000E+01  0.95750E+00
-0.19000E+01  0.95744E+00
-0.20000E+01  0.95738E+00
-0.21000E+01  0.95734E+00
-0.22000E+01  0.95731E+00
-0.23000E+01  0.95729E+00
-0.24000E+01  0.95727E+00
-0.25000E+01  0.95725E+00
-0.26000E+01  0.95724E+00
-0.27000E+01  0.95723E+00
-0.28000E+01  0.95722E+00
-0.29000E+01  0.95721E+00
-0.30000E+01  0.95721E+00
-0.31000E+01  0.95720E+00
-0.32000E+01  0.95720E+00
-0.33000E+01  0.95720E+00
-0.34000E+01  0.95719E+00
-0.35000E+01  0.95719E+00
-0.36000E+01  0.95719E+00
-0.37000E+01  0.95719E+00
-0.38000E+01  0.95719E+00
-0.39000E+01  0.95719E+00
-0.40000E+01  0.95719E+00
-0.41000E+01  0.95719E+00
-0.42000E+01  0.95719E+00
-0.43000E+01  0.95719E+00
-0.44000E+01  0.95719E+00
-0.45000E+01  0.95719E+00
-0.46000E+01  0.95719E+00
-0.47000E+01  0.95719E+00
-0.48000E+01  0.95719E+00
-0.49000E+01  0.95719E+00
-0.50000E+01  0.95719E+00
-0.51000E+01  0.95719E+00
-0.52000E+01  0.95719E+00
-0.53000E+01  0.95719E+00
-0.54000E+01  0.95719E+00
-0.55000E+01  0.95719E+00
-0.56000E+01  0.95719E+00
-0.57000E+01  0.95719E+00
-0.58000E+01  0.95719E+00
-0.59000E+01  0.95719E+00
-0.60000E+01  0.95719E+00
-0.61000E+01  0.95719E+00
-0.62000E+01  0.95719E+00
-0.63000E+01  0.95719E+00
-0.64000E+01  0.95719E+00
-0.65000E+01  0.95719E+00
-0.66000E+01  0.95719E+00
-0.67000E+01  0.95719E+00
-0.68000E+01  0.95719E+00
-0.69000E+01  0.95719E+00
-0.70000E+01  0.95719E+00
-0.71000E+01  0.95719E+00
-0.72000E+01  0.95719E+00
-0.73000E+01  0.95719E+00
-0.74000E+01  0.95719E+00
-0.75000E+01  0.95719E+00
-0.76000E+01  0.95719E+00
-0.77000E+01  0.95719E+00
-0.78000E+01  0.95719E+00
-0.79000E+01  0.95719E+00
-0.80000E+01  0.95719E+00
 zone T = "Var            2 : IMEX",
 0.00000E+00  0.25557E+01
-0.10000E+00  0.25016E+01
-0.20000E+00  0.24552E+01
-0.30000E+00  0.24297E+01
-0.40000E+00  0.23919E+01
-0.50000E+00  0.23862E+01
-0.60000E+00  0.23580E+01
-0.70000E+00  0.23336E+01
-0.80000E+00  0.22811E+01
-0.90000E+00  0.23205E+01
-0.10000E+01  0.22863E+01
-0.11000E+01  0.23130E+01
-0.12000E+01  0.23093E+01
-0.13000E+01  0.22902E+01
-0.14000E+01  0.23042E+01
-0.15000E+01  0.23093E+01
-0.16000E+01  0.23155E+01
-0.17000E+01  0.22935E+01
-0.18000E+01  0.22633E+01
-0.19000E+01  0.22781E+01
-0.20000E+01  0.22737E+01
-0.21000E+01  0.23048E+01
-0.22000E+01  0.22796E+01
-0.23000E+01  0.22616E+01
-0.24000E+01  0.22865E+01
-0.25000E+01  0.22776E+01
-0.26000E+01  0.22789E+01
-0.27000E+01  0.22729E+01
-0.28000E+01  0.22725E+01
-0.29000E+01  0.22678E+01
-0.30000E+01  0.22972E+01
-0.31000E+01  0.22527E+01
-0.32000E+01  0.22581E+01
-0.33000E+01  0.22586E+01
-0.34000E+01  0.23036E+01
-0.35000E+01  0.22593E+01
-0.36000E+01  0.22729E+01
-0.37000E+01  0.22889E+01
-0.38000E+01  0.22766E+01
-0.39000E+01  0.22804E+01
-0.40000E+01  0.22804E+01
-0.41000E+01  0.22681E+01
-0.42000E+01  0.22709E+01
-0.43000E+01  0.22817E+01
-0.44000E+01  0.22757E+01
-0.45000E+01  0.22722E+01
-0.46000E+01  0.22984E+01
-0.47000E+01  0.22684E+01
-0.48000E+01  0.22641E+01
-0.49000E+01  0.22789E+01
-0.50000E+01  0.22711E+01
-0.51000E+01  0.22864E+01
-0.52000E+01  0.22820E+01
-0.53000E+01  0.23043E+01
-0.54000E+01  0.22539E+01
-0.55000E+01  0.22538E+01
-0.56000E+01  0.22849E+01
-0.57000E+01  0.22885E+01
-0.58000E+01  0.22641E+01
-0.59000E+01  0.22805E+01
-0.60000E+01  0.22920E+01
-0.61000E+01  0.22505E+01
-0.62000E+01  0.22789E+01
-0.63000E+01  0.22725E+01
-0.64000E+01  0.22728E+01
-0.65000E+01  0.22942E+01
-0.66000E+01  0.22688E+01
-0.67000E+01  0.23058E+01
-0.68000E+01  0.22787E+01
-0.69000E+01  0.22780E+01
-0.70000E+01  0.22869E+01
-0.71000E+01  0.22870E+01
-0.72000E+01  0.22766E+01
-0.73000E+01  0.22756E+01
-0.74000E+01  0.22908E+01
-0.75000E+01  0.22935E+01
-0.76000E+01  0.22763E+01
-0.77000E+01  0.22753E+01
-0.78000E+01  0.22653E+01
-0.79000E+01  0.22716E+01
-0.80000E+01  0.22732E+01
 zone T = "Var            2 : Predicted",
 0.00000E+00  0.99022E+00
-0.10000E+00  0.98724E+00
-0.20000E+00  0.98560E+00
-0.30000E+00  0.98446E+00
-0.40000E+00  0.98359E+00
-0.50000E+00  0.98289E+00
-0.60000E+00  0.98234E+00
-0.70000E+00  0.98189E+00
-0.80000E+00  0.98154E+00
-0.90000E+00  0.98125E+00
-0.10000E+01  0.98103E+00
-0.11000E+01  0.98085E+00
-0.12000E+01  0.98070E+00
-0.13000E+01  0.98059E+00
-0.14000E+01  0.98050E+00
-0.15000E+01  0.98042E+00
-0.16000E+01  0.98037E+00
-0.17000E+01  0.98032E+00
-0.18000E+01  0.98028E+00
-0.19000E+01  0.98025E+00
-0.20000E+01  0.98023E+00
-0.21000E+01  0.98021E+00
-0.22000E+01  0.98020E+00
-0.23000E+01  0.98019E+00
-0.24000E+01  0.98018E+00
-0.25000E+01  0.98017E+00
-0.26000E+01  0.98016E+00
-0.27000E+01  0.98016E+00
-0.28000E+01  0.98016E+00
-0.29000E+01  0.98015E+00
-0.30000E+01  0.98015E+00
-0.31000E+01  0.98015E+00
-0.32000E+01  0.98015E+00
-0.33000E+01  0.98015E+00
-0.34000E+01  0.98015E+00
-0.35000E+01  0.98014E+00
-0.36000E+01  0.98014E+00
-0.37000E+01  0.98014E+00
-0.38000E+01  0.98014E+00
-0.39000E+01  0.98014E+00
-0.40000E+01  0.98014E+00
-0.41000E+01  0.98014E+00
-0.42000E+01  0.98014E+00
-0.43000E+01  0.98014E+00
-0.44000E+01  0.98014E+00
-0.45000E+01  0.98014E+00
-0.46000E+01  0.98014E+00
-0.47000E+01  0.98014E+00
-0.48000E+01  0.98014E+00
-0.49000E+01  0.98014E+00
-0.50000E+01  0.98014E+00
-0.51000E+01  0.98014E+00
-0.52000E+01  0.98014E+00
-0.53000E+01  0.98014E+00
-0.54000E+01  0.98014E+00
-0.55000E+01  0.98014E+00
-0.56000E+01  0.98014E+00
-0.57000E+01  0.98014E+00
-0.58000E+01  0.98014E+00
-0.59000E+01  0.98014E+00
-0.60000E+01  0.98014E+00
-0.61000E+01  0.98014E+00
-0.62000E+01  0.98014E+00
-0.63000E+01  0.98014E+00
-0.64000E+01  0.98014E+00
-0.65000E+01  0.98014E+00
-0.66000E+01  0.98014E+00
-0.67000E+01  0.98014E+00
-0.68000E+01  0.98014E+00
-0.69000E+01  0.98014E+00
-0.70000E+01  0.98014E+00
-0.71000E+01  0.98014E+00
-0.72000E+01  0.98014E+00
-0.73000E+01  0.98014E+00
-0.74000E+01  0.98014E+00
-0.75000E+01  0.98014E+00
-0.76000E+01  0.98014E+00
-0.77000E+01  0.98014E+00
-0.78000E+01  0.98014E+00
-0.79000E+01  0.98014E+00
-0.80000E+01  0.98014E+00
