  0.837791686488510     
  0.945203355033774     
   1.04362596329421     
   1.13022439720246     
   1.20391489881398     
   1.26502754694128     
   1.31477702084760     
   1.35477229692751     
   1.38667341950720     
   1.41200183613930     
   1.43206321925929     
   1.44793606026121     
   1.46049162067724     
   1.47042493778683     
   1.47828672152432     
   1.48451188719195     
   1.48944346754158     
   1.49335198895521     
   1.49645089582630     
   1.49890871863810     
   1.50085863383486     
   1.50240596462140     
   1.50363406737231     
   1.50460895562361     
   1.50538293714066     
   1.50599747867383     
   1.50648546539458     
   1.50687298505457     
   1.50718073832025     
   1.50742515460414     
   1.50761927555047     
   1.50777345498982     
   1.50789591376952     
   1.50799317973064     
   1.50807043672429     
   1.50813180154674     
   1.50818054372747     
   1.50821925999316     
   1.50825001277338     
   1.50827444017121     
   1.50829384328647     
   1.50830925556078     
   1.50832149784950     
   1.50833122215946     
   1.50833894638658     
   1.50834508190475     
   1.50834995547812     
   1.50835382666385     
   1.50835690163426     
   1.50835934415601     
   1.50836128431136     
   1.50836282542650     
   1.50836404957485     
   1.50836502194880     
   1.50836579433191     
   1.50836640785705     
   1.50836689519710     
   1.50836728230487     
   1.50836758979538     
   1.50836783404367     
   1.50836802805697     
   1.50836818216709     
   1.50836830458124     
   1.50836840181817     
   1.50836847905622     
   1.50836854040856     
   1.50836858914243     
   1.50836862785316     
   1.50836865860217     
   1.50836868302700     
   1.50836870242829     
   1.50836871783930     
   1.50836873008075     
   1.50836873980438     
   1.50836874752820     
   1.50836875366346     
   1.50836875853681     
   1.50836876240790     
   1.50836876548282     
   1.50836876792530     
   1.50836876986538     
