   2.00000000000000       -8.30787196595828     
   2.00000000000000       -8.59401233532173     
   2.00000000000000       -7.87934875266137     
   2.00000000000000       -8.19072455741079     
   2.00000000000000       -7.44698593578851     
   2.00000000000000       -7.79236364471093     
   2.00000000000000       -7.00723880990693     
   2.00000000000000       -7.40062284425944     
   2.00000000000000       -6.58212333946096     
   2.00000000000000       -7.01431545500497     
   2.00000000000000       -6.19468295304368     
   2.00000000000000       -6.63176434021655     
   2.00000000000000       -5.86269123890312     
   2.00000000000000       -6.25875513342737     
   2.00000000000000       -5.57324259032667     
   2.00000000000000       -5.91924128053304     
   2.00000000000000       -5.22164638809071     
   2.00000000000000       -5.67265996072410     
   2.00000000000000       -4.88699185652018     
   2.00000000000000       -5.71498152184352     
   2.00000000000000       -4.59453006874143     
   2.00000000000000       -5.46126934816958     
   2.00000000000000       -4.37410191120041     
   2.00000000000000       -4.74802231311859     
   2.00000000000000       -4.26000473242817     
   2.00000000000000       -4.45803926880997     
   2.00000000000000       -4.30238151099275     
   2.00000000000000       -4.44740577608389     
   2.00000000000000       -4.74543718433740     
   2.00000000000000       -4.92019105293714     
   2.00000000000000       -4.31280292217924     
   2.00000000000000       -4.77740272702403     
   2.00000000000000       -4.18867060430845     
   2.00000000000000       -4.58647854890782     
   2.00000000000000       -4.27910496395438     
   2.00000000000000       -4.77902857322518     
   2.00000000000000       -4.52641212753591     
   2.00000000000000       -5.23804092060920     
   2.00000000000000       -4.91946123471388     
   2.00000000000000       -5.96823559072227     
   2.00000000000000       -5.47267699829863     
   2.00000000000000       -7.10186555588451     
   2.00000000000000       -6.31321393821556     
   2.00000000000000       -8.06211182756126     
   2.00000000000000       -7.10537184006585     
   2.00000000000000       -8.50680055712610     
   2.00000000000000       -7.14847451383651     
   2.00000000000000       -9.35192704370414     
   2.00000000000000       -7.60244228651146     
   2.00000000000000       -10.3901830879545     
   2.00000000000000       -8.22852105556243     
   2.00000000000000       -11.5988916706975     
   2.00000000000000       -8.99635846841403     
   2.00000000000000       -13.0036167453165     
   2.00000000000000       -9.92084641927565     
   2.00000000000000       -14.7209591900265     
   2.00000000000000       -11.0756291090191     
   2.00000000000000       -15.7115517215047     
   2.00000000000000       -13.0659459245963     
   2.00000000000000       -15.0000000000000     
   2.00000000000000       -13.6528569738284     
   2.00000000000000       -16.5566497615190     
   2.00000000000000       -14.1181440510702     
   2.00000000000000       -15.0000000000000     
   2.00000000000000       -14.6645055931339     
   2.00000000000000       -15.0000000000000     
   2.00000000000000       -15.0740091992057     
   2.00000000000000       -15.0000000000000     
   2.00000000000000       -14.9109413463727     
   2.00000000000000       -15.0000000000000     
   2.00000000000000       -15.0990107936865     
   2.00000000000000       -15.0000000000000     
   2.00000000000000       -15.5942955039007     
   2.00000000000000       -15.0000000000000     
   2.00000000000000       -15.8087585870890     
   2.00000000000000       -15.0000000000000     
   2.00000000000000       -15.4122079044202     
   2.00000000000000       -15.0000000000000     
   2.00000000000000       -15.3168087189845     
   2.00000000000000       -15.0000000000000     
   2.00000000000000       -15.3072358680054     
   2.00000000000000       -15.0000000000000     
   2.00000000000000       -15.3375532163202     
   2.00000000000000       -15.0000000000000     
   2.00000000000000       -15.3866727736267     
   2.00000000000000       -15.0000000000000     
   2.00000000000000       -15.4443134653834     
   2.00000000000000       -15.0000000000000     
   2.00000000000000       -15.5071805152199     
   2.00000000000000       -15.0000000000000     
   2.00000000000000       -15.5679306882854     
   2.00000000000000       -15.0000000000000     
   2.00000000000000       -15.6281130953449     
   2.00000000000000       -15.0000000000000     
   2.00000000000000       -15.6811149614927     
   2.00000000000000       -15.0000000000000     
   2.00000000000000       -15.7355735817017     
   2.00000000000000       -15.0000000000000     
   2.00000000000000       -15.7812306118442     
   2.00000000000000       -15.0000000000000     
   2.00000000000000       -15.8231559971321     
   2.00000000000000       -15.0000000000000     
   2.00000000000000       -15.8605314897697     
   2.00000000000000       -15.0000000000000     
   2.00000000000000       -15.8934049394681     
   2.00000000000000       -15.0000000000000     
   2.00000000000000       -15.9187626886331     
   2.00000000000000       -15.0000000000000     
   2.00000000000000       -15.9386604486189     
   2.00000000000000       -15.0000000000000     
   2.00000000000000       -15.9575012806155     
   2.00000000000000       -15.0000000000000     
   2.00000000000000       -15.9727348664242     
   2.00000000000000       -15.0000000000000     
   2.00000000000000       -15.9835243285873     
   2.00000000000000       -15.0000000000000     
   2.00000000000000       -15.9957267391157     
   2.00000000000000       -15.0000000000000     
   2.00000000000000       -16.0026940582680     
   2.00000000000000       -15.0000000000000     
   2.00000000000000       -16.0086549395819     
   2.00000000000000       -15.0000000000000     
   2.00000000000000       -16.0142411193987     
   2.00000000000000       -15.0000000000000     
   2.00000000000000       -16.0184983555001     
   2.00000000000000       -15.0000000000000     
   2.00000000000000       -16.0224469773651     
   2.00000000000000       -15.0000000000000     
   2.00000000000000       -16.0244286804132     
   2.00000000000000       -15.0000000000000     
   2.00000000000000       -16.0264810776442     
   2.00000000000000       -15.0000000000000     
   2.00000000000000       -16.0295864573473     
   2.00000000000000       -15.0000000000000     
   2.00000000000000       -16.0300305587575     
   2.00000000000000       -15.0000000000000     
   2.00000000000000       -16.0305280433287     
   2.00000000000000       -15.0000000000000     
   2.00000000000000       -16.0306069071093     
   2.00000000000000       -15.0000000000000     
   2.00000000000000       -16.0348988924140     
   2.00000000000000       -15.0000000000000     
   2.00000000000000       -16.0349489602963     
   2.00000000000000       -15.0000000000000     
   2.00000000000000       -16.0349887347427     
   2.00000000000000       -15.0000000000000     
   2.00000000000000       -16.0360738757820     
   2.00000000000000       -15.0000000000000     
   2.00000000000000       -16.0360989850471     
   2.00000000000000       -15.0000000000000     
   2.00000000000000       -16.0365248468418     
   2.00000000000000       -15.0000000000000     
   2.00000000000000       -16.0384126342845     
   2.00000000000000       -15.0000000000000     
   2.00000000000000       -16.0384252476655     
   2.00000000000000       -15.0000000000000     
   2.00000000000000       -16.0379485255696     
   2.00000000000000       -15.0000000000000     
   2.00000000000000       -16.0379564918491     
   2.00000000000000       -15.0000000000000     
   2.00000000000000       -16.0379628197939     
   2.00000000000000       -15.0000000000000     
