   2.00000000000000       -8.16261047365472     
   2.00000000000000       -9.12047438808645     
   2.00000000000000       -7.76544511975309     
   2.00000000000000       -8.72234363004091     
   2.00000000000000       -7.37365116400897     
   2.00000000000000       -8.29006725144507     
   2.00000000000000       -6.95876706076776     
   2.00000000000000       -7.82742150789002     
   2.00000000000000       -6.53708635339282     
   2.00000000000000       -7.33539666873621     
   2.00000000000000       -6.13645456895652     
   2.00000000000000       -6.81827313728623     
   2.00000000000000       -5.77995384713965     
   2.00000000000000       -6.29367321485832     
   2.00000000000000       -5.48272075431328     
   2.00000000000000       -5.78827137178863     
   2.00000000000000       -5.21327150374517     
   2.00000000000000       -5.32727317938864     
   2.00000000000000       -4.97885633712280     
   2.00000000000000       -4.93122429515174     
   2.00000000000000       -4.60109036041755     
   2.00000000000000       -4.62389578259867     
   2.00000000000000       -4.24140413535965     
   2.00000000000000       -4.46142457569404     
   2.00000000000000       -3.91652199355017     
   2.00000000000000       -4.75394334678353     
   2.00000000000000       -3.65305712778160     
   2.00000000000000       -4.13317882308508     
   2.00000000000000       -3.49089346464931     
   2.00000000000000       -3.60177351899119     
   2.00000000000000       -3.43737926366461     
   2.00000000000000       -3.39302821817676     
   2.00000000000000       -3.60621888830490     
   2.00000000000000       -3.43354519753709     
   2.00000000000000       -4.30804029748224     
   2.00000000000000       -3.88549715710516     
   2.00000000000000       -3.64357685902418     
   2.00000000000000       -3.94074885081761     
   2.00000000000000       -3.54512675824668     
   2.00000000000000       -3.70421774452619     
   2.00000000000000       -3.61415425862770     
   2.00000000000000       -3.84014895333828     
   2.00000000000000       -3.78748168451076     
   2.00000000000000       -4.16962715814996     
   2.00000000000000       -4.03892854725150     
   2.00000000000000       -4.64132862622616     
   2.00000000000000       -4.35381191301183     
   2.00000000000000       -5.22753418896272     
   2.00000000000000       -4.72418097142031     
   2.00000000000000       -5.91709668601604     
   2.00000000000000       -5.14290546780474     
   2.00000000000000       -6.71678283831582     
   2.00000000000000       -5.60406779209192     
   2.00000000000000       -7.65944532836439     
   2.00000000000000       -6.10219343855045     
   2.00000000000000       -8.87220504630595     
   2.00000000000000       -6.63280605117849     
   2.00000000000000       -10.1563017635517     
   2.00000000000000       -7.19440770850092     
   2.00000000000000       -10.5507304613598     
   2.00000000000000       -7.79074297490714     
   2.00000000000000       -11.4596337935833     
   2.00000000000000       -8.43183665919152     
   2.00000000000000       -12.6242267351422     
   2.00000000000000       -9.13458402474613     
   2.00000000000000       -14.0795285067993     
   2.00000000000000       -9.92745227985532     
   2.00000000000000       -16.0125817171687     
   2.00000000000000       -10.8733557135211     
   2.00000000000000       -16.8576797571829     
   2.00000000000000       -12.2497047729752     
   2.00000000000000       -15.0000000000000     
   2.00000000000000       -13.0970680843052     
   2.00000000000000       -15.0000000000000     
   2.00000000000000       -13.7667101507319     
   2.00000000000000       -15.0000000000000     
   2.00000000000000       -13.8752231969858     
   2.00000000000000       -15.0000000000000     
   2.00000000000000       -14.7181165600744     
   2.00000000000000       -15.0000000000000     
   2.00000000000000       -14.3487025272564     
   2.00000000000000       -15.0000000000000     
   2.00000000000000       -14.7074932579421     
   2.00000000000000       -15.0000000000000     
