   2.00000000000000       -7.39357891558470     
   2.00000000000000       -8.26784452991999     
   2.00000000000000       -7.03598121544062     
   2.00000000000000       -7.83221163703624     
   2.00000000000000       -6.70704739018856     
   2.00000000000000       -7.41167443367110     
   2.00000000000000       -6.41416607214815     
   2.00000000000000       -7.01636263538336     
   2.00000000000000       -6.16314885191369     
   2.00000000000000       -6.66140275874564     
   2.00000000000000       -5.95507096554862     
   2.00000000000000       -6.37402311589612     
   2.00000000000000       -5.76452523827056     
   2.00000000000000       -6.21893601873181     
   2.00000000000000       -5.57639365480872     
   2.00000000000000       -6.55034475993066     
   2.00000000000000       -5.43045284522604     
   2.00000000000000       -5.82170487516721     
   2.00000000000000       -5.38490252076702     
   2.00000000000000       -5.27800008132713     
   2.00000000000000       -5.47363172413325     
   2.00000000000000       -5.04660498571434     
   2.00000000000000       -5.47584670303499     
   2.00000000000000       -5.08320267254050     
   2.00000000000000       -5.23328412203335     
   2.00000000000000       -5.76789230454517     
   2.00000000000000       -5.26151513515907     
   2.00000000000000       -5.26392309658493     
   2.00000000000000       -5.49456720913823     
   2.00000000000000       -5.13681218841074     
   2.00000000000000       -5.94515252343476     
   2.00000000000000       -5.34942347343131     
   2.00000000000000       -6.73004847238594     
   2.00000000000000       -5.83447005694621     
   2.00000000000000       -7.51361023034068     
   2.00000000000000       -6.62639733121405     
   2.00000000000000       -7.65119021473016     
   2.00000000000000       -7.92739360863444     
   2.00000000000000       -8.26894378860178     
   2.00000000000000       -8.87354898041083     
   2.00000000000000       -9.11389436477481     
   2.00000000000000       -9.64079734556686     
   2.00000000000000       -10.1265134790181     
   2.00000000000000       -10.8017638604586     
   2.00000000000000       -11.2807343257098     
   2.00000000000000       -12.1584232130366     
   2.00000000000000       -12.5699954044641     
   2.00000000000000       -13.6571028304281     
   2.00000000000000       -13.9961124448945     
   2.00000000000000       -15.2142270806968     
   2.00000000000000       -15.4267102987869     
   2.00000000000000       -16.1587097528469     
   2.00000000000000       -15.8169349870793     
   2.00000000000000       -15.8162870720247     
   2.00000000000000       -16.1425869654649     
   2.00000000000000       -16.5566497615190     
   2.00000000000000       -16.3256685982893     
   2.00000000000000       -15.8576797571829     
   2.00000000000000       -16.3223142290183     
   2.00000000000000       -15.9545897701910     
   2.00000000000000       -16.6906795840299     
   2.00000000000000       -15.9034372477436     
   2.00000000000000       -16.6874938675829     
   2.00000000000000       -15.9034372477436     
   2.00000000000000       -16.8078496046071     
   2.00000000000000       -15.9034372477436     
   2.00000000000000       -17.0319519156839     
   2.00000000000000       -16.5566497615190     
   2.00000000000000       -17.0625848350434     
   2.00000000000000       -15.0000000000000     
   2.00000000000000       -32.1968455744880     
   2.00000000000000       -15.0000000000000     
   2.00000000000000       -32.3217843110963     
   2.00000000000000       -15.0000000000000     
   2.00000000000000       -32.4309287805214     
   2.00000000000000       -15.0000000000000     
   2.00000000000000       -32.5356641310414     
   2.00000000000000       -15.0000000000000     
   2.00000000000000       -32.6476378904853     
   2.00000000000000       -15.0000000000000     
   2.00000000000000       -32.7811767988555     
   2.00000000000000       -15.0000000000000     
   2.00000000000000       -32.9003632065747     
   2.00000000000000       -15.0000000000000     
