   2.00000000000000       -7.48669164234650     
   2.00000000000000       -8.83371864638095     
   2.00000000000000       -7.10346084640976     
   2.00000000000000       -8.51741926675453     
   2.00000000000000       -6.67197200216622     
   2.00000000000000       -8.20411234017443     
   2.00000000000000       -6.24163087621280     
   2.00000000000000       -7.92859072624062     
   2.00000000000000       -5.83832366482520     
   2.00000000000000       -7.77172523686372     
   2.00000000000000       -5.47882196983692     
   2.00000000000000       -8.29892295144860     
   2.00000000000000       -5.15770925670986     
   2.00000000000000       -7.13976466851152     
   2.00000000000000       -4.87849885409354     
   2.00000000000000       -6.52912089571325     
   2.00000000000000       -4.61401287409887     
   2.00000000000000       -6.15327496365855     
   2.00000000000000       -4.37209764288534     
   2.00000000000000       -5.93364430135574     
   2.00000000000000       -4.15073895730959     
   2.00000000000000       -5.85730086708772     
   2.00000000000000       -3.95486519820998     
   2.00000000000000       -5.93310743082836     
   2.00000000000000       -3.79531590813934     
   2.00000000000000       -6.18426482887664     
   2.00000000000000       -3.68743909902104     
   2.00000000000000       -6.64577563164525     
   2.00000000000000       -3.64776351835801     
   2.00000000000000       -7.36299125581872     
   2.00000000000000       -3.68854250725526     
   2.00000000000000       -8.38970389259886     
   2.00000000000000       -3.81485590895163     
   2.00000000000000       -9.86080119116448     
   2.00000000000000       -4.03141633468254     
   2.00000000000000       -10.4892902160830     
   2.00000000000000       -4.35485244021131     
   2.00000000000000       -10.8900269639114     
   2.00000000000000       -4.81682206139733     
   2.00000000000000       -10.5675418182981     
   2.00000000000000       -5.45832972108454     
   2.00000000000000       -10.0175575966379     
   2.00000000000000       -6.32681702280987     
   2.00000000000000       -9.53428870500819     
   2.00000000000000       -7.47484816093391     
   2.00000000000000       -9.36308129611996     
   2.00000000000000       -9.00106159576827     
   2.00000000000000       -8.42388555866144     
   2.00000000000000       -7.56718554806344     
   2.00000000000000       -7.91695659726174     
   2.00000000000000       -6.19759178101120     
   2.00000000000000       -7.00990844388597     
   2.00000000000000       -5.13886360512187     
   2.00000000000000       -6.10861596925664     
   2.00000000000000       -4.37748640875140     
   2.00000000000000       -5.55645113362137     
   2.00000000000000       -3.80383397811824     
   2.00000000000000       -5.15024909836244     
   2.00000000000000       -3.36329203472181     
   2.00000000000000       -4.79922844758603     
   2.00000000000000       -3.02152739213388     
   2.00000000000000       -4.46347813911559     
   2.00000000000000       -2.75532819204673     
   2.00000000000000       -4.15197938229363     
   2.00000000000000       -2.54769777595437     
   2.00000000000000       -3.88559078013207     
   2.00000000000000       -2.38571284029819     
   2.00000000000000       -3.66359200451539     
   2.00000000000000       -2.25926107578320     
   2.00000000000000       -3.46314034996257     
   2.00000000000000       -2.15979016529420     
   2.00000000000000       -3.26512833844775     
   2.00000000000000       -2.08084944482743     
   2.00000000000000       -3.07385198444471     
   2.00000000000000       -2.01784606652593     
   2.00000000000000       -2.90481869923686     
   2.00000000000000       -1.96746770828628     
   2.00000000000000       -2.76748353350042     
   2.00000000000000       -1.92718798294703     
   2.00000000000000       -2.66266870921957     
   2.00000000000000       -1.89500275635829     
   2.00000000000000       -2.58644799593296     
   2.00000000000000       -1.86930308548578     
   2.00000000000000       -2.53337775336874     
   2.00000000000000       -1.84879564702415     
   2.00000000000000       -2.49810063709751     
   2.00000000000000       -1.83244154573344     
   2.00000000000000       -2.47596467604474     
   2.00000000000000       -1.81940704343102     
   2.00000000000000       -2.46318489292860     
   2.00000000000000       -1.80902369079384     
   2.00000000000000       -2.45681358160519     
   2.00000000000000       -1.80075607587376     
   2.00000000000000       -2.45463713959053     
   2.00000000000000       -1.79417575772665     
   2.00000000000000       -2.45505036931546     
   2.00000000000000       -1.78894021670354     
   2.00000000000000       -2.45693109710504     
   2.00000000000000       -1.78477586975086     
   2.00000000000000       -2.45952608661097     
   2.00000000000000       -1.78146437888105     
   2.00000000000000       -2.46235349233963     
   2.00000000000000       -1.77883162740786     
   2.00000000000000       -2.46512366235203     
   2.00000000000000       -1.77673885638228     
   2.00000000000000       -2.46767777369254     
   2.00000000000000       -1.77507554845897     
   2.00000000000000       -2.46994230326399     
   2.00000000000000       -1.77375372314206     
   2.00000000000000       -2.47189660181542     
   2.00000000000000       -1.77270336989482     
   2.00000000000000       -2.47355069551894     
   2.00000000000000       -1.77186879681629     
   2.00000000000000       -2.47493068425173     
   2.00000000000000       -1.77120571461232     
   2.00000000000000       -2.47606954366632     
   2.00000000000000       -1.77067891004277     
   2.00000000000000       -2.47700162415515     
   2.00000000000000       -1.77026039120094     
   2.00000000000000       -2.47775958718673     
   2.00000000000000       -1.76992790994445     
   2.00000000000000       -2.47837288915645     
   2.00000000000000       -1.76966378544872     
   2.00000000000000       -2.47886720701225     
   2.00000000000000       -1.76945396794684     
   2.00000000000000       -2.47926440694074     
   2.00000000000000       -1.76928729389829     
   2.00000000000000       -2.47958280216576     
   2.00000000000000       -1.76915489362668     
   2.00000000000000       -2.47983754369695     
   2.00000000000000       -1.76904972033060     
   2.00000000000000       -2.48004105201683     
   2.00000000000000       -1.76896617567247     
   2.00000000000000       -2.48020343856010     
   2.00000000000000       -1.76889981218846     
   2.00000000000000       -2.48033289113063     
   2.00000000000000       -1.76884709678733     
   2.00000000000000       -2.48043601252616     
   2.00000000000000       -1.76880522281703     
   2.00000000000000       -2.48051811027656     
   2.00000000000000       -1.76877196073695     
   2.00000000000000       -2.48058344003476     
   2.00000000000000       -1.76874553947318     
   2.00000000000000       -2.48063540732593     
   2.00000000000000       -1.76872455215682     
   2.00000000000000       -2.48067673315238     
   2.00000000000000       -1.76870788123753     
   2.00000000000000       -2.48070958893177     
   2.00000000000000       -1.76869463899172     
   2.00000000000000       -2.48073570583342     
   2.00000000000000       -1.76868412026165     
   2.00000000000000       -2.48075646298383     
   2.00000000000000       -1.76867576491188     
   2.00000000000000       -2.48077295839545     
   2.00000000000000       -1.76866912800555     
   2.00000000000000       -2.48078606585071     
   2.00000000000000       -1.76866385611337     
   2.00000000000000       -2.48079648042871     
   2.00000000000000       -1.76865966849421     
   2.00000000000000       -2.48080475488653     
   2.00000000000000       -1.76865634214595     
   2.00000000000000       -2.48081132869945     
