   2.00000000000000       -9.06058968302841     
   2.00000000000000       -9.56883732659021     
   2.00000000000000       -8.41461403272793     
   2.00000000000000       -7.71653548332422     
   2.00000000000000       -7.20233590431878     
   2.00000000000000       -6.79548946702855     
   2.00000000000000       -6.48169798831054     
   2.00000000000000       -6.25620282704933     
   2.00000000000000       -6.11788510656135     
   2.00000000000000       -6.07566797382280     
   2.00000000000000       -6.15232388079976     
   2.00000000000000       -6.38061460998581     
   2.00000000000000       -6.79994151679021     
   2.00000000000000       -7.45661982577752     
   2.00000000000000       -8.40366182480833     
   2.00000000000000       -9.68358597517030     
   2.00000000000000       -11.0955716263021     
   2.00000000000000       -11.8187577204783     
   2.00000000000000       -12.3680024655192     
   2.00000000000000       -13.2994513353796     
   2.00000000000000       -13.4774685154713     
   2.00000000000000       -13.6201360190401     
   2.00000000000000       -14.0737761779102     
   2.00000000000000       -12.3215254974995     
   2.00000000000000       -11.2501303789981     
   2.00000000000000       -9.36028386633985     
   2.00000000000000       -7.93767153418179     
   2.00000000000000       -6.95987241853703     
   2.00000000000000       -6.28732743987643     
   2.00000000000000       -5.91315526401407     
   2.00000000000000       -6.32803654309431     
   2.00000000000000       -5.18638941209313     
   2.00000000000000       -4.61495516848162     
   2.00000000000000       -4.28101057604784     
   2.00000000000000       -4.00267125510762     
   2.00000000000000       -3.65643057609026     
   2.00000000000000       -3.27334455684121     
   2.00000000000000       -2.93147013377266     
   2.00000000000000       -2.65445301172010     
   2.00000000000000       -2.43701981612434     
   2.00000000000000       -2.26789901618629     
   2.00000000000000       -2.13654199249684     
   2.00000000000000       -2.03438573607890     
   2.00000000000000       -1.95476277783474     
   2.00000000000000       -1.89254984489082     
   2.00000000000000       -1.84382275912165     
   2.00000000000000       -1.80557312115649     
   2.00000000000000       -1.77548840424890     
   2.00000000000000       -1.75178484646470     
   2.00000000000000       -1.73308146097664     
   2.00000000000000       -1.71830520566080     
   2.00000000000000       -1.70661948709792     
   2.00000000000000       -1.69737006448060     
   2.00000000000000       -1.69004392931042     
   2.00000000000000       -1.68423788901729     
   2.00000000000000       -1.67963444064863     
   2.00000000000000       -1.67598315151048     
   2.00000000000000       -1.67308622452154     
   2.00000000000000       -1.67078726242410     
   2.00000000000000       -1.66896249107804     
   2.00000000000000       -1.66751388293476     
   2.00000000000000       -1.66636375558980     
   2.00000000000000       -1.66545052000498     
   2.00000000000000       -1.66472532785199     
   2.00000000000000       -1.66414942405796     
   2.00000000000000       -1.66369205378834     
   2.00000000000000       -1.66332880619508     
   2.00000000000000       -1.66304030279247     
   2.00000000000000       -1.66281115811634     
   2.00000000000000       -1.66262915573958     
   2.00000000000000       -1.66248459476459     
   2.00000000000000       -1.66236977136025     
   2.00000000000000       -1.66227856733341     
   2.00000000000000       -1.66220612357397     
   2.00000000000000       -1.66214858082215     
   2.00000000000000       -1.66210287385535     
   2.00000000000000       -1.66206656806730     
   2.00000000000000       -1.66203772969933     
   2.00000000000000       -1.66201482278687     
   2.00000000000000       -1.66199662731682     
   2.00000000000000       -1.66198217422774     
