   5.00000000000000       -13.0319173366949     
   5.00000000000000      -3.613356267138580E-002
   5.00000000000000       -13.1290305572411     
   5.00000000000000      -0.128648969992346     
   5.00000000000000       -13.2498673641684     
   5.00000000000000      -0.244546465971419     
   5.00000000000000       -13.3950926501731     
   5.00000000000000      -0.385996746534255     
   5.00000000000000       -13.5559372551119     
   5.00000000000000      -0.553866106382961     
   5.00000000000000       -13.7285779624525     
   5.00000000000000      -0.742307834504325     
   5.00000000000000       -13.9124489162506     
   5.00000000000000      -0.923900681671543     
   5.00000000000000       -14.1086074241492     
   5.00000000000000       -1.03192161884460     
   5.00000000000000       -14.3218928561946     
   5.00000000000000       -1.00802492816587     
   5.00000000000000       -14.5650802875778     
   5.00000000000000      -0.890968423537566     
   5.00000000000000       -14.8739543463834     
   5.00000000000000      -0.752949824671912     
   5.00000000000000       -15.1592156885492     
   5.00000000000000      -0.628504152262987     
   5.00000000000000       -15.1943005912052     
   5.00000000000000      -0.525425288890618     
   5.00000000000000       -15.1289700110821     
   5.00000000000000      -0.442448296071253     
   5.00000000000000       -15.0476109137040     
   5.00000000000000      -0.376280699699295     
   5.00000000000000       -14.9826329975855     
   5.00000000000000      -0.323668449559087     
   5.00000000000000       -14.9485372057732     
   5.00000000000000      -0.281867069067080     
   5.00000000000000       -14.9327696907352     
   5.00000000000000      -0.248661804768062     
   5.00000000000000       -14.9269353787577     
   5.00000000000000      -0.222287745257342     
   5.00000000000000       -14.9266612677709     
   5.00000000000000      -0.201345913129299     
   5.00000000000000       -14.9291025586286     
   5.00000000000000      -0.184731222871811     
   5.00000000000000       -14.9330890727383     
   5.00000000000000      -0.171570261630333     
   5.00000000000000       -14.9375079461621     
   5.00000000000000      -0.161168477745729     
   5.00000000000000       -14.9417137872463     
   5.00000000000000      -0.152968548407443     
   5.00000000000000       -14.9457517351903     
   5.00000000000000      -0.146520157473090     
   5.00000000000000       -14.9490799597695     
   5.00000000000000      -0.141458902941471     
   5.00000000000000       -14.9521939910731     
   5.00000000000000      -0.137491080012763     
   5.00000000000000       -14.9548189450274     
   5.00000000000000      -0.134381715123813     
   5.00000000000000       -14.9568673600771     
   5.00000000000000      -0.131944395213570     
   5.00000000000000       -14.9585850466413     
   5.00000000000000      -0.130032348155644     
   5.00000000000000       -14.9599756939368     
   5.00000000000000      -0.128530679062908     
   5.00000000000000       -14.9610366802762     
   5.00000000000000      -0.127349779662316     
   5.00000000000000       -14.9620878128982     
   5.00000000000000      -0.126419888089199     
   5.00000000000000       -14.9627525901685     
   5.00000000000000      -0.125686706642808     
   5.00000000000000       -14.9633666901204     
   5.00000000000000      -0.125107937254491     
   5.00000000000000       -14.9639319931198     
   5.00000000000000      -0.124650577815576     
   5.00000000000000       -14.9643027666647     
   5.00000000000000      -0.124288829100184     
   5.00000000000000       -14.9645741656708     
   5.00000000000000      -0.124002480949472     
   5.00000000000000       -14.9648718119669     
   5.00000000000000      -0.123775669384289     
   5.00000000000000       -14.9651492142360     
   5.00000000000000      -0.123595918538867     
   5.00000000000000       -14.9651325936054     
   5.00000000000000      -0.123453400549861     
   5.00000000000000       -14.9653518067456     
   5.00000000000000      -0.123340362185402     
   5.00000000000000       -14.9653721003811     
   5.00000000000000      -0.123250679261122     
   5.00000000000000       -14.9654668060439     
   5.00000000000000      -0.123179509286474     
   5.00000000000000       -14.9655558208337     
   5.00000000000000      -0.123123019895780     
   5.00000000000000       -14.9655836923733     
   5.00000000000000      -0.123078175970819     
   5.00000000000000       -14.9656337084091     
   5.00000000000000      -0.123042572386165     
   5.00000000000000       -14.9657328334001     
   5.00000000000000      -0.123014302339963     
   5.00000000000000       -14.9657781682478     
   5.00000000000000      -0.122991853526376     
   5.00000000000000       -14.9657245556278     
   5.00000000000000      -0.122974026149122     
   5.00000000000000       -14.9658782679431     
   5.00000000000000      -0.122959868107586     
   5.00000000000000       -14.9658019069106     
   5.00000000000000      -0.122948623710762     
   5.00000000000000       -14.9658722970851     
   5.00000000000000      -0.122939693064636     
   5.00000000000000       -14.9658271037786     
   5.00000000000000      -0.122932599892070     
   5.00000000000000       -14.9658251232202     
   5.00000000000000      -0.122926966021548     
   5.00000000000000       -14.9657915763331     
   5.00000000000000      -0.122922491154781     
   5.00000000000000       -14.9656931891099     
   5.00000000000000      -0.122918936815743     
   5.00000000000000       -14.9659225318493     
   5.00000000000000      -0.122916113613689     
   5.00000000000000       -14.9657304246327     
   5.00000000000000      -0.122913871133869     
   5.00000000000000       -14.9657500434419     
   5.00000000000000      -0.122912089912573     
   5.00000000000000       -14.9657064797642     
   5.00000000000000      -0.122910675065801     
   5.00000000000000       -14.9658592568702     
   5.00000000000000      -0.122909551230474     
   5.00000000000000       -14.9657929403422     
   5.00000000000000      -0.122908658547321     
   5.00000000000000       -14.9657202097887     
   5.00000000000000      -0.122907949470838     
   5.00000000000000       -14.9658399403814     
   5.00000000000000      -0.122907386235724     
   5.00000000000000       -14.9658487980144     
   5.00000000000000      -0.122906938844939     
   5.00000000000000       -14.9659471089608     
   5.00000000000000      -0.122906583471549     
   5.00000000000000       -14.9658680081311     
   5.00000000000000      -0.122906301189533     
   5.00000000000000       -14.9658620513713     
   5.00000000000000      -0.122906076965650     
   5.00000000000000       -14.9658542731634     
   5.00000000000000      -0.122905898858710     
   5.00000000000000       -14.9657928118258     
   5.00000000000000      -0.122905757383634     
