   2.00000000000000       -7.75524005006331     
   2.00000000000000       -8.66860840982156     
   2.00000000000000       -7.46707011757661     
   2.00000000000000       -8.21992327267712     
   2.00000000000000       -7.14296690170255     
   2.00000000000000       -7.78636928633377     
   2.00000000000000       -6.79408047128383     
   2.00000000000000       -7.38956926750890     
   2.00000000000000       -6.43830856217016     
   2.00000000000000       -7.05062778375823     
   2.00000000000000       -6.08131654172982     
   2.00000000000000       -6.79960646473928     
   2.00000000000000       -5.73617297858381     
   2.00000000000000       -6.70999092791366     
   2.00000000000000       -5.40355960052176     
   2.00000000000000       -7.44525691453492     
   2.00000000000000       -5.08877545630110     
   2.00000000000000       -6.25200660640239     
   2.00000000000000       -4.78093118908592     
   2.00000000000000       -5.77771236314280     
   2.00000000000000       -4.48188285095394     
   2.00000000000000       -5.54021813480637     
   2.00000000000000       -4.17820106948437     
   2.00000000000000       -5.46887466657217     
   2.00000000000000       -3.92421058471238     
   2.00000000000000       -5.56103896011136     
   2.00000000000000       -3.59746713722976     
   2.00000000000000       -5.83693727947291     
   2.00000000000000       -3.30295732718464     
   2.00000000000000       -6.33032938714640     
   2.00000000000000       -3.07284068719926     
   2.00000000000000       -7.08238740521318     
   2.00000000000000       -2.93460073778764     
   2.00000000000000       -8.08993029494203     
   2.00000000000000       -2.95443151326381     
   2.00000000000000       -8.41129655273427     
   2.00000000000000       -3.72087710197499     
   2.00000000000000       -7.81430006056866     
   2.00000000000000       -2.62997665476889     
   2.00000000000000       -7.18305114761518     
   2.00000000000000       -2.16357248717839     
   2.00000000000000       -6.55344113120748     
   2.00000000000000       -1.87165504923396     
   2.00000000000000       -5.92137869107514     
   2.00000000000000       -1.65681241128256     
   2.00000000000000       -5.31539424107945     
   2.00000000000000       -1.46435831444128     
   2.00000000000000       -4.79001143653050     
   2.00000000000000       -1.30768662766012     
   2.00000000000000       -4.37679846190184     
   2.00000000000000       -1.18408702169375     
   2.00000000000000       -4.07677509027678     
   2.00000000000000       -1.08822420146667     
   2.00000000000000       -3.87527057016521     
   2.00000000000000       -1.01618158865344     
   2.00000000000000       -3.75020559174070     
   2.00000000000000      -0.964363661593830     
   2.00000000000000       -3.67101064591841     
   2.00000000000000      -0.928982931252985     
   2.00000000000000       -3.59533616777200     
   2.00000000000000      -0.906134263502245     
   2.00000000000000       -3.48101121210096     
   2.00000000000000      -0.892268380558841     
   2.00000000000000       -3.31839790003787     
   2.00000000000000      -0.884575319287649     
   2.00000000000000       -3.13698344286822     
   2.00000000000000      -0.880975728058951     
   2.00000000000000       -2.97354717613881     
   2.00000000000000      -0.879914053395018     
   2.00000000000000       -2.85122111561120     
   2.00000000000000      -0.880254973211538     
   2.00000000000000       -2.77960735988263     
   2.00000000000000      -0.881271950146784     
   2.00000000000000       -2.76130334075769     
   2.00000000000000      -0.881751377270746     
   2.00000000000000       -2.79833397664811     
   2.00000000000000      -0.881458921328719     
   2.00000000000000       -2.89901189572548     
   2.00000000000000      -0.881258094865561     
   2.00000000000000       -3.09408635157390     
   2.00000000000000      -0.881123975838971     
   2.00000000000000       -3.53973973001738     
   2.00000000000000      -0.881037543601595     
   2.00000000000000       -3.63390152191763     
   2.00000000000000      -0.880984199184150     
   2.00000000000000       -3.14261387407426     
   2.00000000000000      -0.880911518368286     
   2.00000000000000       -2.93756528304901     
   2.00000000000000      -0.880697137684990     
   2.00000000000000       -2.81569971603460     
   2.00000000000000      -0.880523046032681     
   2.00000000000000       -2.73448525339605     
   2.00000000000000      -0.880382237364460     
   2.00000000000000       -2.67720996056275     
   2.00000000000000      -0.880268731949476     
   2.00000000000000       -2.63544611445920     
   2.00000000000000      -0.880177491693010     
   2.00000000000000       -2.60432148833208     
   2.00000000000000      -0.880104318118505     
   2.00000000000000       -2.58077051917099     
   2.00000000000000      -0.880045744312109     
   2.00000000000000       -2.56275214649462     
   2.00000000000000      -0.879998928983851     
   2.00000000000000       -2.54885207934625     
   2.00000000000000      -0.879961557891151     
   2.00000000000000       -2.53806110607631     
   2.00000000000000      -0.879931755482453     
   2.00000000000000       -2.52964282493316     
   2.00000000000000      -0.879908007861922     
   2.00000000000000       -2.52305051277429     
   2.00000000000000      -0.879889097009799     
   2.00000000000000       -2.51787269597740     
   2.00000000000000      -0.879874045499522     
   2.00000000000000       -2.51379631888122     
   2.00000000000000      -0.879862070601430     
   2.00000000000000       -2.51058113453851     
   2.00000000000000      -0.879852546538915     
   2.00000000000000       -2.50804149042305     
   2.00000000000000      -0.879844973677061     
   2.00000000000000       -2.50603312452488     
   2.00000000000000      -0.879838953515299     
   2.00000000000000       -2.50444343863684     
   2.00000000000000      -0.879834168482478     
   2.00000000000000       -2.50318423569688     
   2.00000000000000      -0.879830365670029     
   2.00000000000000       -2.50218623527690     
   2.00000000000000      -0.879827343772450     
   2.00000000000000       -2.50139489267877     
   2.00000000000000      -0.879824942625863     
   2.00000000000000       -2.50076718684853     
   2.00000000000000      -0.879823034842435     
   2.00000000000000       -2.50026913673608     
   2.00000000000000      -0.879821519130101     
   2.00000000000000       -2.49987387081773     
   2.00000000000000      -0.879820314963783     
   2.00000000000000       -2.49956012015030     
   2.00000000000000      -0.879819358338541     
   2.00000000000000       -2.49931103797428     
   2.00000000000000      -0.879818598387136     
   2.00000000000000       -2.49911327251725     
   2.00000000000000      -0.879817994687708     
   2.00000000000000       -2.49895623704296     
   2.00000000000000      -0.879817515121562     
   2.00000000000000       -2.49883153415555     
   2.00000000000000      -0.879817134169291     
   2.00000000000000       -2.49873250109664     
   2.00000000000000      -0.879816831555933     
   2.00000000000000       -2.49865385019750     
   2.00000000000000      -0.879816591173904     
   2.00000000000000       -2.49859138430800     
   2.00000000000000      -0.879816400226813     
   2.00000000000000       -2.49854177140338     
   2.00000000000000      -0.879816248549077     
   2.00000000000000       -2.49850236595117     
   2.00000000000000      -0.879816128065234     
   2.00000000000000       -2.49847106728221     
   2.00000000000000      -0.879816032360302     
   2.00000000000000       -2.49844620725060     
   2.00000000000000      -0.879815956338391     
   2.00000000000000       -2.49842646109962     
   2.00000000000000      -0.879815895951571     
   2.00000000000000       -2.49841077672531     
