   2.00000000000000       -7.78983723689228     
   2.00000000000000       -8.75044861619513     
   2.00000000000000       -7.40533064553550     
   2.00000000000000       -8.28060883401758     
   2.00000000000000       -7.02009885123370     
   2.00000000000000       -7.83045649079518     
   2.00000000000000       -6.64290711485521     
   2.00000000000000       -7.39787199056783     
   2.00000000000000       -6.28346344200872     
   2.00000000000000       -6.98004916444353     
   2.00000000000000       -5.95274286370552     
   2.00000000000000       -6.57441844812941     
   2.00000000000000       -5.65239637866379     
   2.00000000000000       -6.18435725044441     
   2.00000000000000       -5.31928600124500     
   2.00000000000000       -5.82874577840754     
   2.00000000000000       -4.93904628526967     
   2.00000000000000       -5.54937066765083     
   2.00000000000000       -4.56997389448497     
   2.00000000000000       -5.43424919073456     
   2.00000000000000       -4.23525755915722     
   2.00000000000000       -6.14653814867804     
   2.00000000000000       -3.89741765536906     
   2.00000000000000       -4.96795849290477     
   2.00000000000000       -3.61915688651052     
   2.00000000000000       -4.50813866832024     
   2.00000000000000       -3.33271717992759     
   2.00000000000000       -4.29417990998111     
   2.00000000000000       -3.08413202435416     
   2.00000000000000       -4.24962100778740     
   2.00000000000000       -2.92967284285731     
   2.00000000000000       -4.36564877351540     
   2.00000000000000       -2.72868439834537     
   2.00000000000000       -4.64017643250960     
   2.00000000000000       -2.55723709213524     
   2.00000000000000       -4.94654397712032     
   2.00000000000000       -2.38205672992593     
   2.00000000000000       -4.77861836360195     
   2.00000000000000       -2.02520832514308     
   2.00000000000000       -4.23864250809454     
   2.00000000000000       -1.75124567072703     
   2.00000000000000       -3.70709275764265     
   2.00000000000000       -1.55188648807803     
   2.00000000000000       -3.27980131420516     
   2.00000000000000       -1.40055744684653     
   2.00000000000000       -2.99037720101127     
   2.00000000000000       -1.28329855438205     
   2.00000000000000       -2.87876194271468     
   2.00000000000000       -1.19156484099978     
   2.00000000000000       -3.17072389858014     
   2.00000000000000       -1.11949788121032     
   2.00000000000000       -2.76082259539526     
   2.00000000000000       -1.06270739532087     
   2.00000000000000       -2.19847204677307     
   2.00000000000000       -1.01762469339943     
   2.00000000000000       -1.88905512256033     
   2.00000000000000      -0.981151034343357     
   2.00000000000000       -1.68198279509402     
   2.00000000000000      -0.950631666525327     
   2.00000000000000       -1.53312171696232     
   2.00000000000000      -0.924073137262052     
   2.00000000000000       -1.41921549021022     
   2.00000000000000      -0.900344537736056     
   2.00000000000000       -1.32578292047725     
   2.00000000000000      -0.879132557540784     
   2.00000000000000       -1.24495850847670     
   2.00000000000000      -0.860625748508959     
   2.00000000000000       -1.17434915797243     
   2.00000000000000      -0.845080573703717     
   2.00000000000000       -1.11447189347985     
   2.00000000000000      -0.832513899407399     
   2.00000000000000       -1.06595244608647     
   2.00000000000000      -0.822666174784056     
   2.00000000000000       -1.02827506496169     
   2.00000000000000      -0.815128136283208     
   2.00000000000000      -0.999985063545977     
   2.00000000000000      -0.809459494976563     
   2.00000000000000      -0.979282602561013     
   2.00000000000000      -0.805250466630648     
   2.00000000000000      -0.964428358121324     
   2.00000000000000      -0.802149215972254     
   2.00000000000000      -0.953925544395563     
   2.00000000000000      -0.797648607252756     
   2.00000000000000      -0.946573775561470     
   2.00000000000000      -0.793733833362255     
   2.00000000000000      -0.941457564712825     
   2.00000000000000      -0.790680215295494     
   2.00000000000000      -0.937904306690374     
   2.00000000000000      -0.788294150048311     
   2.00000000000000      -0.935433283128609     
   2.00000000000000      -0.786425911870051     
   2.00000000000000      -0.933707684237320     
   2.00000000000000      -0.784960101739229     
   2.00000000000000      -0.932494743802216     
   2.00000000000000      -0.783807796758724     
   2.00000000000000      -0.931634989925858     
   2.00000000000000      -0.782900358841110     
   2.00000000000000      -0.931019654808824     
   2.00000000000000      -0.782184662273864     
   2.00000000000000      -0.930574622016280     
   2.00000000000000      -0.781619457414919     
   2.00000000000000      -0.930249279583817     
   2.00000000000000      -0.781172612597601     
   2.00000000000000      -0.930008901440103     
   2.00000000000000      -0.780819022397615     
   2.00000000000000      -0.929829494486528     
   2.00000000000000      -0.780539017230377     
   2.00000000000000      -0.929694334998680     
   2.00000000000000      -0.780317149271105     
   2.00000000000000      -0.929591646983718     
   2.00000000000000      -0.780141261324835     
   2.00000000000000      -0.929513045756055     
   2.00000000000000      -0.780001769283196     
   2.00000000000000      -0.929452491688648     
   2.00000000000000      -0.779891106643721     
   2.00000000000000      -0.929405583407753     
   2.00000000000000      -0.779803292691909     
   2.00000000000000      -0.929369076960377     
   2.00000000000000      -0.779733595576145     
   2.00000000000000      -0.929340555845244     
   2.00000000000000      -0.779678268584509     
   2.00000000000000      -0.929318202261815     
   2.00000000000000      -0.779634343161290     
   2.00000000000000      -0.929300636734166     
   2.00000000000000      -0.779599466088683     
   2.00000000000000      -0.929286804318828     
   2.00000000000000      -0.779571771170306     
   2.00000000000000      -0.929275892868799     
   2.00000000000000      -0.779549777950527     
   2.00000000000000      -0.929267273603440     
   2.00000000000000      -0.779532311673297     
   2.00000000000000      -0.929260457386848     
   2.00000000000000      -0.779518439962341     
   2.00000000000000      -0.929255062206718     
   2.00000000000000      -0.779507422688486     
   2.00000000000000      -0.929250788739662     
   2.00000000000000      -0.779498672251658     
   2.00000000000000      -0.929247401826460     
   2.00000000000000      -0.779491722097385     
   2.00000000000000      -0.929244716316213     
   2.00000000000000      -0.779486201750027     
   2.00000000000000      -0.929242586175430     
   2.00000000000000      -0.779481817007165     
   2.00000000000000      -0.929240896060238     
   2.00000000000000      -0.779478334224038     
   2.00000000000000      -0.929239554762948     
   2.00000000000000      -0.779475567840625     
   2.00000000000000      -0.929238490095469     
   2.00000000000000      -0.779473370480692     
   2.00000000000000      -0.929237644881416     
   2.00000000000000      -0.779471625091311     
   2.00000000000000      -0.929236973807754     
   2.00000000000000      -0.779470238701744     
   2.00000000000000      -0.929236440946653     
   2.00000000000000      -0.779469137467567     
   2.00000000000000      -0.929236017800966     
   2.00000000000000      -0.779468262735127     
   2.00000000000000      -0.929235681760711     
   2.00000000000000      -0.779467567916104     
   2.00000000000000      -0.929235414882596     
   2.00000000000000      -0.779467016005300     
   2.00000000000000      -0.929235202924145     
