   2.00000000000000       -8.07248489636670     
   2.00000000000000       -9.35702335631465     
   2.00000000000000       -7.70127859448156     
   2.00000000000000       -8.95911893670426     
   2.00000000000000       -7.32871500197957     
   2.00000000000000       -8.50433841340249     
   2.00000000000000       -6.93126186670877     
   2.00000000000000       -8.00700681585429     
   2.00000000000000       -6.51692473265988     
   2.00000000000000       -7.47500297878631     
   2.00000000000000       -6.11119882069463     
   2.00000000000000       -6.91830495995511     
   2.00000000000000       -5.74658771508075     
   2.00000000000000       -6.36056376716165     
   2.00000000000000       -5.41697680299961     
   2.00000000000000       -5.82854544497408     
   2.00000000000000       -5.13660254499050     
   2.00000000000000       -5.33995148760431     
   2.00000000000000       -4.85159743638363     
   2.00000000000000       -4.90252744029087     
   2.00000000000000       -4.62869980351483     
   2.00000000000000       -4.52181022215519     
   2.00000000000000       -4.35703535309501     
   2.00000000000000       -4.21477353783580     
   2.00000000000000       -3.96756962631527     
   2.00000000000000       -4.03177093139147     
   2.00000000000000       -3.59880776716903     
   2.00000000000000       -4.18470293723837     
   2.00000000000000       -3.27574351812646     
   2.00000000000000       -3.85817002272747     
   2.00000000000000       -3.03839544998956     
   2.00000000000000       -3.24250038770780     
   2.00000000000000       -2.88675501136141     
   2.00000000000000       -2.99242648931819     
   2.00000000000000       -2.86567264360638     
   2.00000000000000       -2.97229232560249     
   2.00000000000000       -3.01622039504971     
   2.00000000000000       -3.22763229711046     
   2.00000000000000       -3.48667276129756     
   2.00000000000000       -4.47349958313305     
   2.00000000000000       -3.57449963620887     
   2.00000000000000       -3.42290949617701     
   2.00000000000000       -3.27287772652170     
   2.00000000000000       -3.42487019049997     
   2.00000000000000       -3.24070916651255     
   2.00000000000000       -3.63703618943908     
   2.00000000000000       -3.31547791915635     
   2.00000000000000       -3.97529609836122     
   2.00000000000000       -3.45574021780509     
   2.00000000000000       -4.40292527185021     
   2.00000000000000       -3.64347463028720     
   2.00000000000000       -4.90114468995970     
   2.00000000000000       -3.86906384914272     
   2.00000000000000       -5.46081373360958     
   2.00000000000000       -4.12691888696813     
   2.00000000000000       -6.07651795226682     
   2.00000000000000       -4.41373440161327     
   2.00000000000000       -6.74303645050259     
   2.00000000000000       -4.72784278499356     
   2.00000000000000       -7.45471175027100     
   2.00000000000000       -5.06906409804725     
   2.00000000000000       -8.20826333666782     
   2.00000000000000       -5.43876782499656     
   2.00000000000000       -9.00821891231736     
   2.00000000000000       -5.84021880194383     
   2.00000000000000       -9.87241490484984     
   2.00000000000000       -6.27961640279476     
   2.00000000000000       -10.8395766160683     
   2.00000000000000       -6.76885529996565     
   2.00000000000000       -12.0025969322436     
   2.00000000000000       -7.33424783769896     
   2.00000000000000       -13.9428079396429     
   2.00000000000000       -8.06238460958134     
   2.00000000000000       -14.9545897701910     
   2.00000000000000       -9.36211274063774     
   2.00000000000000       -15.0381358216411     
   2.00000000000000       -8.78035900407338     
   2.00000000000000       -15.5566497615190     
   2.00000000000000       -8.86315428374175     
   2.00000000000000       -15.6272308358047     
   2.00000000000000       -8.96912798801297     
   2.00000000000000       -16.5566497615190     
   2.00000000000000       -9.03202903325976     
   2.00000000000000       -16.0125817171687     
