   2.00000000000000       -8.30486909722493     
   2.00000000000000       -8.56137194087176     
   2.00000000000000       -7.88233915126537     
   2.00000000000000       -8.15617285739459     
   2.00000000000000       -7.44561876860152     
   2.00000000000000       -7.75772714096171     
   2.00000000000000       -7.00993109787872     
   2.00000000000000       -7.36861961322134     
   2.00000000000000       -6.58859514511130     
   2.00000000000000       -6.98897075839566     
   2.00000000000000       -6.20426498986692     
   2.00000000000000       -6.61842370526990     
   2.00000000000000       -5.87381654785031     
   2.00000000000000       -6.26339231313185     
   2.00000000000000       -5.56311294193885     
   2.00000000000000       -5.94861630089052     
   2.00000000000000       -5.21647509355794     
   2.00000000000000       -5.74152988268002     
   2.00000000000000       -4.89175892849542     
   2.00000000000000       -5.94159227458688     
   2.00000000000000       -4.61465340411538     
   2.00000000000000       -5.33661030226928     
   2.00000000000000       -4.41946817390625     
   2.00000000000000       -4.74479190659378     
   2.00000000000000       -4.34238645172261     
   2.00000000000000       -4.50202756422999     
   2.00000000000000       -4.43490468576318     
   2.00000000000000       -4.54406115732926     
   2.00000000000000       -4.76948711853804     
   2.00000000000000       -5.25421626492194     
   2.00000000000000       -4.32343291182687     
   2.00000000000000       -4.75463153769559     
   2.00000000000000       -4.27264814540547     
   2.00000000000000       -4.65706888995488     
   2.00000000000000       -4.41504881823101     
   2.00000000000000       -4.90097134274972     
   2.00000000000000       -4.71453525134911     
   2.00000000000000       -5.41161765122479     
   2.00000000000000       -5.16999386597873     
   2.00000000000000       -6.21058777958517     
   2.00000000000000       -5.83437144443675     
   2.00000000000000       -7.54631617613841     
   2.00000000000000       -7.31441433230522     
   2.00000000000000       -8.12972797040807     
   2.00000000000000       -6.96743279183524     
   2.00000000000000       -8.74016961221066     
   2.00000000000000       -7.30704450692359     
   2.00000000000000       -9.65627962831987     
   2.00000000000000       -7.86623512844751     
   2.00000000000000       -10.7538982644662     
   2.00000000000000       -8.57146386570368     
   2.00000000000000       -12.0219638261692     
   2.00000000000000       -9.41549374429086     
   2.00000000000000       -13.4935041244123     
   2.00000000000000       -10.4245611887008     
   2.00000000000000       -15.4427064092121     
   2.00000000000000       -11.6918907302914     
   2.00000000000000       -15.7437364048761     
   2.00000000000000       -14.5204092527226     
   2.00000000000000       -16.5566497615190     
   2.00000000000000       -14.8296111766190     
   2.00000000000000       -16.5566497615190     
   2.00000000000000       -14.8752285211195     
   2.00000000000000       -16.5566497615190     
   2.00000000000000       -16.1322644446239     
   2.00000000000000       -16.8576797571829     
   2.00000000000000       -15.5995884393124     
   2.00000000000000       -15.0000000000000     
   2.00000000000000       -15.8849028683240     
   2.00000000000000       -15.0000000000000     
   2.00000000000000       -16.8127578854644     
   2.00000000000000       -15.0000000000000     
   2.00000000000000       -16.2664335282755     
   2.00000000000000       -15.0000000000000     
   2.00000000000000       -16.1120463513294     
   2.00000000000000       -15.0000000000000     
   2.00000000000000       -16.1253159488948     
   2.00000000000000       -15.0000000000000     
   2.00000000000000       -16.2219829214651     
   2.00000000000000       -15.0000000000000     
   2.00000000000000       -16.3918849726335     
   2.00000000000000       -15.0000000000000     
   2.00000000000000       -16.6259539589559     
   2.00000000000000       -15.0000000000000     
   2.00000000000000       -17.0468510390854     
   2.00000000000000       -15.0000000000000     
   2.00000000000000       -17.8467062527677     
   2.00000000000000       -15.0000000000000     
   2.00000000000000       -17.0364767138697     
   2.00000000000000       -15.0000000000000     
   2.00000000000000       -16.7945975491529     
   2.00000000000000       -15.0000000000000     
   2.00000000000000       -16.7029497807013     
   2.00000000000000       -15.0000000000000     
   2.00000000000000       -16.6264455174651     
   2.00000000000000       -15.0000000000000     
   2.00000000000000       -16.5723386338080     
   2.00000000000000       -15.0000000000000     
   2.00000000000000       -16.5469697040765     
   2.00000000000000       -15.0000000000000     
   2.00000000000000       -16.5247162730707     
   2.00000000000000       -15.0000000000000     
   2.00000000000000       -16.5099685028847     
   2.00000000000000       -15.0000000000000     
   2.00000000000000       -16.5068496074683     
   2.00000000000000       -15.0000000000000     
   2.00000000000000       -16.4968597878891     
   2.00000000000000       -15.0000000000000     
   2.00000000000000       -16.4924007006185     
   2.00000000000000       -15.0000000000000     
   2.00000000000000       -16.4865580764283     
   2.00000000000000       -15.0000000000000     
   2.00000000000000       -16.4874791093366     
   2.00000000000000       -15.0000000000000     
   2.00000000000000       -16.4770922364331     
   2.00000000000000       -15.0000000000000     
   2.00000000000000       -16.4860651001412     
   2.00000000000000       -15.0000000000000     
   2.00000000000000       -16.4808647846546     
   2.00000000000000       -15.0000000000000     
   2.00000000000000       -16.4808858298508     
   2.00000000000000       -15.0000000000000     
   2.00000000000000       -16.4766201500514     
   2.00000000000000       -15.0000000000000     
   2.00000000000000       -16.4701664069155     
   2.00000000000000       -15.0000000000000     
   2.00000000000000       -16.4701817804361     
   2.00000000000000       -15.0000000000000     
   2.00000000000000       -16.4701939924454     
   2.00000000000000       -15.0000000000000     
   2.00000000000000       -16.4702036930339     
   2.00000000000000       -15.0000000000000     
   2.00000000000000       -16.4713149504535     
   2.00000000000000       -15.0000000000000     
   2.00000000000000       -16.4713210869043     
   2.00000000000000       -15.0000000000000     
   2.00000000000000       -16.4702223815647     
   2.00000000000000       -15.0000000000000     
   2.00000000000000       -16.4702262436650     
   2.00000000000000       -15.0000000000000     
   2.00000000000000       -16.4723199329978     
   2.00000000000000       -15.0000000000000     
   2.00000000000000       -16.4723223816122     
   2.00000000000000       -15.0000000000000     
   2.00000000000000       -16.4723243266256     
   2.00000000000000       -15.0000000000000     
   2.00000000000000       -16.4723258716109     
   2.00000000000000       -15.0000000000000     
   2.00000000000000       -16.4723270988402     
   2.00000000000000       -15.0000000000000     
   2.00000000000000       -16.4723280736656     
   2.00000000000000       -15.0000000000000     
   2.00000000000000       -16.4732159544891     
   2.00000000000000       -15.0000000000000     
   2.00000000000000       -16.4732165355956     
   2.00000000000000       -15.0000000000000     
   2.00000000000000       -16.4723299516463     
   2.00000000000000       -15.0000000000000     
   2.00000000000000       -16.4723303397336     
   2.00000000000000       -15.0000000000000     
   2.00000000000000       -16.4723306480025     
   2.00000000000000       -15.0000000000000     
