   2.00000000000000       -7.77098155304250     
   2.00000000000000       -8.64577611965268     
   2.00000000000000       -7.46204591778604     
   2.00000000000000       -8.18124656093037     
   2.00000000000000       -7.13710826994972     
   2.00000000000000       -7.74053358818782     
   2.00000000000000       -6.80285485669232     
   2.00000000000000       -7.33509219311302     
   2.00000000000000       -6.45385716452258     
   2.00000000000000       -6.97453258307805     
   2.00000000000000       -6.07904271444218     
   2.00000000000000       -6.67205400690201     
   2.00000000000000       -5.69913599995974     
   2.00000000000000       -6.45937741043030     
   2.00000000000000       -5.33002890561784     
   2.00000000000000       -6.44550851147097     
   2.00000000000000       -4.98147224130565     
   2.00000000000000       -6.82712637516999     
   2.00000000000000       -4.65466218139251     
   2.00000000000000       -5.78242082580827     
   2.00000000000000       -4.35524727546396     
   2.00000000000000       -5.39224734383037     
   2.00000000000000       -4.04476645106610     
   2.00000000000000       -5.20871477444722     
   2.00000000000000       -3.77963415660096     
   2.00000000000000       -5.19043203903093     
   2.00000000000000       -3.52741053432874     
   2.00000000000000       -5.34264349988727     
   2.00000000000000       -3.23513575936996     
   2.00000000000000       -5.68913629023684     
   2.00000000000000       -2.87318733598680     
   2.00000000000000       -6.26278700490701     
   2.00000000000000       -2.55952209596816     
   2.00000000000000       -7.06819181797204     
   2.00000000000000       -2.29928759666475     
   2.00000000000000       -7.40611609113197     
   2.00000000000000       -2.07873753539957     
   2.00000000000000       -6.82100216736599     
   2.00000000000000       -1.84432697016154     
   2.00000000000000       -6.27039547879288     
   2.00000000000000       -1.66221418516960     
   2.00000000000000       -5.80990611548472     
   2.00000000000000       -1.51883266569515     
   2.00000000000000       -5.34408778943495     
   2.00000000000000       -1.40324937442504     
   2.00000000000000       -4.75885967712553     
   2.00000000000000       -1.30811829141263     
   2.00000000000000       -4.15483250852817     
   2.00000000000000       -1.22871779448777     
   2.00000000000000       -3.64547166255426     
   2.00000000000000       -1.16154280769484     
   2.00000000000000       -3.24698700121447     
   2.00000000000000       -1.10332877651068     
   2.00000000000000       -2.94248153000613     
   2.00000000000000       -1.05099105427977     
   2.00000000000000       -2.71115636018865     
   2.00000000000000       -1.00250612723281     
   2.00000000000000       -2.53457823164012     
   2.00000000000000      -0.957937834337960     
   2.00000000000000       -2.39770514590881     
   2.00000000000000      -0.919072260127718     
   2.00000000000000       -2.28880687947635     
   2.00000000000000      -0.887802647272566     
   2.00000000000000       -2.19879867599837     
   2.00000000000000      -0.864730078991938     
   2.00000000000000       -2.12091720387936     
   2.00000000000000      -0.848915799424065     
   2.00000000000000       -2.05181434068018     
   2.00000000000000      -0.838545826616522     
   2.00000000000000       -1.99248033860309     
   2.00000000000000      -0.831598156443301     
   2.00000000000000       -1.94636815478873     
   2.00000000000000      -0.826364916387065     
   2.00000000000000       -1.91613977151070     
   2.00000000000000      -0.822038008279364     
   2.00000000000000       -1.90206664424795     
   2.00000000000000      -0.818658428615597     
   2.00000000000000       -1.90230675672776     
   2.00000000000000      -0.815996161690974     
   2.00000000000000       -1.91383427930209     
   2.00000000000000      -0.813890254866597     
   2.00000000000000       -1.93328667528955     
   2.00000000000000      -0.812220297210882     
   2.00000000000000       -1.95752822460483     
   2.00000000000000      -0.810795779790797     
   2.00000000000000       -1.98394375231180     
   2.00000000000000      -0.809656402748207     
   2.00000000000000       -2.01053929156488     
   2.00000000000000      -0.808751772380814     
   2.00000000000000       -2.03592434737405     
   2.00000000000000      -0.808033244239108     
   2.00000000000000       -2.05923075911516     
   2.00000000000000      -0.807462420469808     
   2.00000000000000       -2.08000536389489     
   2.00000000000000      -0.807008899367839     
   2.00000000000000       -2.09810033819592     
   2.00000000000000      -0.806648566969805     
   2.00000000000000       -2.11357514948474     
   2.00000000000000      -0.806362277348780     
   2.00000000000000       -2.12661668542276     
   2.00000000000000      -0.806134821059388     
   2.00000000000000       -2.13747901657488     
   2.00000000000000      -0.805954112775350     
   2.00000000000000       -2.14644112923465     
   2.00000000000000      -0.805810548683723     
   2.00000000000000       -2.15377945398349     
   2.00000000000000      -0.805696496872005     
   2.00000000000000       -2.15975163473703     
   2.00000000000000      -0.805605892632993     
   2.00000000000000       -2.16458826972970     
   2.00000000000000      -0.805533916869469     
   2.00000000000000       -2.16848994616317     
   2.00000000000000      -0.805476740460622     
   2.00000000000000       -2.17162754534583     
   2.00000000000000      -0.805431321044436     
   2.00000000000000       -2.17414438615889     
   2.00000000000000      -0.805395241472401     
   2.00000000000000       -2.17615925016251     
   2.00000000000000      -0.805366403925956     
   2.00000000000000       -2.17776968564960     
   2.00000000000000      -0.805338264706162     
   2.00000000000000       -2.17905523631707     
   2.00000000000000      -0.805315909972959     
   2.00000000000000       -2.18008040585552     
   2.00000000000000      -0.805298151112830     
   2.00000000000000       -2.18089727495270     
   2.00000000000000      -0.805284043572986     
   2.00000000000000       -2.18154775051967     
   2.00000000000000      -0.805272836814130     
   2.00000000000000       -2.18206546247652     
   2.00000000000000      -0.805263934501335     
   2.00000000000000       -2.18247734125849     
   2.00000000000000      -0.805256862847835     
   2.00000000000000       -2.18280491625077     
   2.00000000000000      -0.805251245447621     
   2.00000000000000       -2.18306537614101     
   2.00000000000000      -0.805246783270588     
   2.00000000000000       -2.18327242964591     
   2.00000000000000      -0.805243238763280     
   2.00000000000000       -2.18343700094053     
   2.00000000000000      -0.805240423214309     
   2.00000000000000       -2.18356778950643     
   2.00000000000000      -0.805238186714768     
   2.00000000000000       -2.18367171955469     
   2.00000000000000      -0.805236410181430     
   2.00000000000000       -2.18375430000599     
   2.00000000000000      -0.805234999019095     
   2.00000000000000       -2.18381991232443     
   2.00000000000000      -0.805233878085606     
   2.00000000000000       -2.18387204035085     
   2.00000000000000      -0.805232987691811     
   2.00000000000000       -2.18391345362041     
   2.00000000000000      -0.805232280423930     
   2.00000000000000       -2.18394635345540     
   2.00000000000000      -0.805231718619222     
   2.00000000000000       -2.18397248931450     
   2.00000000000000      -0.805231272360713     
   2.00000000000000       -2.18399325140035     
   2.00000000000000      -0.805230917884236     
   2.00000000000000       -2.18400974434302     
   2.00000000000000      -0.805230636313087     
   2.00000000000000       -2.18402284580387     
