   2.00000000000000       -7.04878375412662     
   2.00000000000000       -6.66550021221776     
   2.00000000000000       -6.31643420641868     
   2.00000000000000       -6.01541137383927     
   2.00000000000000       -5.77942978899622     
   2.00000000000000       -5.60888531863510     
   2.00000000000000       -5.45333510796264     
   2.00000000000000       -5.34401745362679     
   2.00000000000000       -5.30528454345339     
   2.00000000000000       -5.13556312504430     
   2.00000000000000       -4.94414473573948     
   2.00000000000000       -4.93445338404467     
   2.00000000000000       -5.08754325462673     
   2.00000000000000       -5.40766867126502     
   2.00000000000000       -5.92277005032637     
   2.00000000000000       -6.73227794609645     
   2.00000000000000       -8.18545377785805     
   2.00000000000000       -8.06451816094534     
   2.00000000000000       -8.77809130480586     
   2.00000000000000       -9.77036245084352     
   2.00000000000000       -10.9600202677552     
   2.00000000000000       -12.3035795647137     
   2.00000000000000       -13.7850874417488     
   2.00000000000000       -15.3625363166690     
   2.00000000000000       -16.4039191021108     
   2.00000000000000       -16.8128704659971     
   2.00000000000000       -16.7359688773882     
   2.00000000000000       -16.8729205583576     
   2.00000000000000       -16.8715190792197     
   2.00000000000000       -17.1195144807999     
   2.00000000000000       -16.9961188872819     
   2.00000000000000       -17.1772904584703     
   2.00000000000000       -17.0940951506274     
   2.00000000000000       -17.2820507295285     
   2.00000000000000       -17.9815090635376     
   2.00000000000000       -18.0344003430940     
   2.00000000000000       -19.0692949435786     
   2.00000000000000       -19.1760416753883     
   2.00000000000000       -18.4436990761861     
   2.00000000000000       -32.3466078948213     
   2.00000000000000       -32.4156888139646     
   2.00000000000000       -32.4631134638928     
   2.00000000000000       -32.5558675171297     
   2.00000000000000       -32.5993332109108     
   2.00000000000000       -32.6228143067603     
   2.00000000000000       -32.6739668292077     
   2.00000000000000       -32.7019955528079     
   2.00000000000000       -32.7477530433686     
   2.00000000000000       -32.7641434595568     
   2.00000000000000       -32.7811767988555     
   2.00000000000000       -32.7989055658160     
   2.00000000000000       -32.8173889715100     
   2.00000000000000       -32.8366941267054     
   2.00000000000000       -32.8173889715100     
   2.00000000000000       -32.8568975127937     
   2.00000000000000       -32.8568975127937     
   2.00000000000000       -32.8568975127937     
   2.00000000000000       -32.8366941267054     
   2.00000000000000       -32.9003632065747     
   2.00000000000000       -32.8568975127937     
   2.00000000000000       -32.8780868118636     
   2.00000000000000       -32.8780868118636     
   2.00000000000000       -32.8780868118636     
   2.00000000000000       -32.8568975127937     
   2.00000000000000       -32.8568975127937     
   2.00000000000000       -32.8568975127937     
   2.00000000000000       -32.8780868118636     
   2.00000000000000       -32.8568975127937     
   2.00000000000000       -32.8780868118636     
   2.00000000000000       -32.8568975127937     
   2.00000000000000       -32.8780868118636     
   2.00000000000000       -32.8568975127937     
   2.00000000000000       -32.9003632065747     
   2.00000000000000       -32.8568975127937     
   2.00000000000000       -32.8780868118636     
   2.00000000000000       -32.8780868118636     
   2.00000000000000       -32.8780868118636     
   2.00000000000000       -32.8780868118636     
   2.00000000000000       -32.8568975127937     
   2.00000000000000       -32.8568975127937     
   2.00000000000000       -32.8780868118636     
