   2.00000000000000       -6.97049310043583     
   2.00000000000000       -6.58015813933873     
   2.00000000000000       -6.22430438579107     
   2.00000000000000       -5.91734251428948     
   2.00000000000000       -5.67757135650532     
   2.00000000000000       -5.50295981133973     
   2.00000000000000       -5.33995780742846     
   2.00000000000000       -5.22688333837883     
   2.00000000000000       -5.15890196956199     
   2.00000000000000       -4.90120830516424     
   2.00000000000000       -4.73056527152043     
   2.00000000000000       -4.73126291110778     
   2.00000000000000       -4.89038776692340     
   2.00000000000000       -5.21376395234496     
   2.00000000000000       -5.72801982049642     
   2.00000000000000       -6.50840409287679     
   2.00000000000000       -8.01522419643661     
   2.00000000000000       -8.18433969241601     
   2.00000000000000       -8.90967589943302     
   2.00000000000000       -9.95772361491286     
   2.00000000000000       -11.2130496021890     
   2.00000000000000       -12.6240467462394     
   2.00000000000000       -14.1735815765463     
   2.00000000000000       -15.6636789061280     
   2.00000000000000       -16.1437845532613     
   2.00000000000000       -16.2600630689669     
   2.00000000000000       -16.3394877865170     
   2.00000000000000       -16.3297758418886     
   2.00000000000000       -16.4676582800473     
   2.00000000000000       -16.6587040810207     
   2.00000000000000       -17.3426940564250     
   2.00000000000000       -17.0319031339759     
   2.00000000000000       -17.0997236584220     
   2.00000000000000       -16.7638547742184     
   2.00000000000000       -16.8844710054371     
   2.00000000000000       -16.9593446853209     
   2.00000000000000       -17.7008702356121     
   2.00000000000000       -18.1473580694518     
   2.00000000000000       -17.1719067254452     
   2.00000000000000       -32.2346341353774     
   2.00000000000000       -32.2548375214657     
   2.00000000000000       -32.2983032152468     
   2.00000000000000       -32.3217843110963     
   2.00000000000000       -32.3729368335437     
   2.00000000000000       -32.3729368335437     
   2.00000000000000       -32.3867251180293     
   2.00000000000000       -32.4009655571439     
   2.00000000000000       -32.4156888139646     
   2.00000000000000       -32.4309287805214     
   2.00000000000000       -32.4309287805214     
   2.00000000000000       -32.4631134638928     
   2.00000000000000       -32.4309287805214     
   2.00000000000000       -32.4801468031916     
   2.00000000000000       -32.4467230477046     
   2.00000000000000       -32.4801468031916     
   2.00000000000000       -32.4467230477046     
   2.00000000000000       -32.4631134638928     
   2.00000000000000       -32.4467230477046     
   2.00000000000000       -32.4631134638928     
   2.00000000000000       -32.4801468031916     
   2.00000000000000       -32.4631134638928     
   2.00000000000000       -32.4801468031916     
   2.00000000000000       -32.4631134638928     
   2.00000000000000       -32.4978755701520     
   2.00000000000000       -32.4631134638928     
   2.00000000000000       -32.4467230477046     
   2.00000000000000       -32.4801468031916     
   2.00000000000000       -32.4801468031916     
   2.00000000000000       -32.4801468031916     
   2.00000000000000       -32.4631134638928     
   2.00000000000000       -32.4631134638928     
   2.00000000000000       -32.4631134638928     
   2.00000000000000       -32.4801468031916     
   2.00000000000000       -32.4801468031916     
   2.00000000000000       -32.4631134638928     
   2.00000000000000       -32.4801468031916     
   2.00000000000000       -32.4467230477046     
   2.00000000000000       -32.4801468031916     
   2.00000000000000       -32.4631134638928     
   2.00000000000000       -32.4631134638928     
   2.00000000000000       -32.4631134638928     
