   2.00000000000000       -7.78753351347410     
   2.00000000000000       -8.73200932993442     
   2.00000000000000       -7.40516865301663     
   2.00000000000000       -8.26234492006864     
   2.00000000000000       -7.02070425087175     
   2.00000000000000       -7.81336290192865     
   2.00000000000000       -6.64361691229208     
   2.00000000000000       -7.38343338384362     
   2.00000000000000       -6.28423919623210     
   2.00000000000000       -6.97005448660400     
   2.00000000000000       -5.95371946961314     
   2.00000000000000       -6.57149272411848     
   2.00000000000000       -5.66418565221965     
   2.00000000000000       -6.19314012083350     
   2.00000000000000       -5.31846573887340     
   2.00000000000000       -5.85727986648940     
   2.00000000000000       -4.95688494363287     
   2.00000000000000       -5.61264985667144     
   2.00000000000000       -4.57814646704568     
   2.00000000000000       -5.57983701382372     
   2.00000000000000       -4.23621658247114     
   2.00000000000000       -5.96378502849926     
   2.00000000000000       -3.93124219594881     
   2.00000000000000       -4.92233535785815     
   2.00000000000000       -3.60761449074643     
   2.00000000000000       -4.54635056851203     
   2.00000000000000       -3.30838040198331     
   2.00000000000000       -4.38050871403171     
   2.00000000000000       -3.05083548820103     
   2.00000000000000       -4.37934873586450     
   2.00000000000000       -2.86657030394497     
   2.00000000000000       -4.54376955437888     
   2.00000000000000       -2.60557574924110     
   2.00000000000000       -4.89413231745782     
   2.00000000000000       -2.36587479491964     
   2.00000000000000       -5.77167073694419     
   2.00000000000000       -2.16825205771892     
   2.00000000000000       -4.94742628129299     
   2.00000000000000       -2.00780044870621     
   2.00000000000000       -4.29239931296434     
   2.00000000000000       -1.78667729299901     
   2.00000000000000       -3.72412638801495     
   2.00000000000000       -1.53775220320741     
   2.00000000000000       -3.20806873881875     
   2.00000000000000       -1.34798959831476     
   2.00000000000000       -2.76008103364889     
   2.00000000000000       -1.19884618859184     
   2.00000000000000       -2.39187504507489     
   2.00000000000000       -1.07967581161211     
   2.00000000000000       -2.10160515056581     
   2.00000000000000      -0.983589780935998     
   2.00000000000000       -1.87920038787088     
   2.00000000000000      -0.904091610840792     
   2.00000000000000       -1.71176415213685     
   2.00000000000000      -0.837852387106521     
   2.00000000000000       -1.58613123845954     
   2.00000000000000      -0.782038430052506     
   2.00000000000000       -1.49032968437213     
   2.00000000000000      -0.735085056183916     
   2.00000000000000       -1.41520900566640     
   2.00000000000000      -0.696443197342049     
   2.00000000000000       -1.35539512150131     
   2.00000000000000      -0.665713964287938     
   2.00000000000000       -1.30831687598499     
   2.00000000000000      -0.642068849106517     
   2.00000000000000       -1.27211778088275     
   2.00000000000000      -0.624274148125706     
   2.00000000000000       -1.24450991519681     
   2.00000000000000      -0.610980925245044     
   2.00000000000000       -1.22318871182600     
   2.00000000000000      -0.600980513630775     
   2.00000000000000       -1.20660004742139     
   2.00000000000000      -0.593346703867296     
   2.00000000000000       -1.19401515096549     
   2.00000000000000      -0.587440456665927     
   2.00000000000000       -1.18507642280847     
   2.00000000000000      -0.582829736447142     
   2.00000000000000       -1.17937880100957     
   2.00000000000000      -0.579209584172424     
   2.00000000000000       -1.17633991449345     
   2.00000000000000      -0.576355294443861     
   2.00000000000000       -1.17528356696067     
   2.00000000000000      -0.574097790297524     
   2.00000000000000       -1.17556648987437     
   2.00000000000000      -0.572308305221662     
   2.00000000000000       -1.17665732570702     
   2.00000000000000      -0.570887706291105     
   2.00000000000000       -1.17816059276594     
   2.00000000000000      -0.569758925389518     
   2.00000000000000       -1.17980643908013     
   2.00000000000000      -0.568861569011956     
   2.00000000000000       -1.18142583013063     
   2.00000000000000      -0.568148028676989     
   2.00000000000000       -1.18292338586436     
   2.00000000000000      -0.567580620226388     
   2.00000000000000       -1.18425372195501     
   2.00000000000000      -0.567129436486989     
   2.00000000000000       -1.18540316800980     
   2.00000000000000      -0.566770705427064     
   2.00000000000000       -1.18637671193490     
   2.00000000000000      -0.566485516164578     
   2.00000000000000       -1.18718922633005     
   2.00000000000000      -0.566258819753842     
   2.00000000000000       -1.18785988482931     
   2.00000000000000      -0.566078639830929     
   2.00000000000000       -1.18840880728552     
   2.00000000000000      -0.565935446254519     
   2.00000000000000       -1.18885518684143     
   2.00000000000000      -0.565821656824237     
   2.00000000000000       -1.18921635979884     
   2.00000000000000      -0.565731240386510     
   2.00000000000000       -1.18950744871840     
   2.00000000000000      -0.565659400548330     
   2.00000000000000       -1.18974133542367     
   2.00000000000000      -0.565602323623533     
   2.00000000000000       -1.18992880934322     
   2.00000000000000      -0.565556977812708     
   2.00000000000000       -1.19007879651976     
   2.00000000000000      -0.565520953256729     
   2.00000000000000       -1.19019861372105     
   2.00000000000000      -0.565492334692022     
   2.00000000000000       -1.19029421688491     
   2.00000000000000      -0.565469600098902     
   2.00000000000000       -1.19037042839249     
   2.00000000000000      -0.565451540063869     
   2.00000000000000       -1.19043113674520     
   2.00000000000000      -0.565437193640904     
   2.00000000000000       -1.19047946738823     
   2.00000000000000      -0.565425797348477     
   2.00000000000000       -1.19051792617468     
   2.00000000000000      -0.565416744620430     
   2.00000000000000       -1.19054851826180     
   2.00000000000000      -0.565409553573547     
   2.00000000000000       -1.19057284568705     
   2.00000000000000      -0.565403841389644     
   2.00000000000000       -1.19059218686067     
   2.00000000000000      -0.565399303957092     
   2.00000000000000       -1.19060756096589     
   2.00000000000000      -0.565395699693501     
   2.00000000000000       -1.19061977990926     
   2.00000000000000      -0.565392836691826     
   2.00000000000000       -1.19062949008887     
   2.00000000000000      -0.565390562507710     
   2.00000000000000       -1.19063720588998     
   2.00000000000000      -0.565388756045765     
   2.00000000000000       -1.19064333649225     
   2.00000000000000      -0.565387321113653     
   2.00000000000000       -1.19064820729037     
   2.00000000000000      -0.565386181301264     
   2.00000000000000       -1.19065207698915     
   2.00000000000000      -0.565385275912762     
   2.00000000000000       -1.19065515123324     
   2.00000000000000      -0.565384556735004     
   2.00000000000000       -1.19065759346541     
   2.00000000000000      -0.565383985470475     
   2.00000000000000       -1.19065953357181     
   2.00000000000000      -0.565383531698088     
   2.00000000000000       -1.19066107476190     
   2.00000000000000      -0.565383171253341     
   2.00000000000000       -1.19066229904137     
   2.00000000000000      -0.565382884941565     
   2.00000000000000       -1.19066327156443     
