   2.00000000000000       -8.10865421532050     
   2.00000000000000       -8.56038309704788     
   2.00000000000000       -7.75022194638315     
   2.00000000000000       -8.15440183638180     
   2.00000000000000       -7.36911239716443     
   2.00000000000000       -7.75530652487200     
   2.00000000000000       -6.97181612161720     
   2.00000000000000       -7.36560719935615     
   2.00000000000000       -6.58097476391016     
   2.00000000000000       -6.98555561945115     
   2.00000000000000       -6.22377588284671     
   2.00000000000000       -6.61501372133965     
   2.00000000000000       -5.87095979819957     
   2.00000000000000       -6.26057733230247     
   2.00000000000000       -5.53840803383826     
   2.00000000000000       -5.94699645353548     
   2.00000000000000       -5.22489277265779     
   2.00000000000000       -5.74174064475380     
   2.00000000000000       -4.95841667683836     
   2.00000000000000       -5.94799416706008     
   2.00000000000000       -4.77423430260253     
   2.00000000000000       -5.33362541056716     
   2.00000000000000       -4.71443005884145     
   2.00000000000000       -4.74473947420044     
   2.00000000000000       -4.83813581017593     
   2.00000000000000       -4.50322987039965     
   2.00000000000000       -4.94551546913134     
   2.00000000000000       -4.54567393698157     
   2.00000000000000       -4.63503242353415     
   2.00000000000000       -5.24602753044745     
   2.00000000000000       -4.63973879197017     
   2.00000000000000       -4.76524992486146     
   2.00000000000000       -4.84134127210482     
   2.00000000000000       -4.66753996310835     
   2.00000000000000       -5.22811954144931     
   2.00000000000000       -4.91295173799541     
   2.00000000000000       -5.84103967922116     
   2.00000000000000       -5.42554052220788     
   2.00000000000000       -7.24816868745201     
   2.00000000000000       -6.22617276875907     
   2.00000000000000       -6.93249513789594     
   2.00000000000000       -7.55819316216216     
   2.00000000000000       -7.29889488524089     
   2.00000000000000       -8.15418968276969     
   2.00000000000000       -7.89470335429177     
   2.00000000000000       -8.75973913641718     
   2.00000000000000       -8.63808580277315     
   2.00000000000000       -9.66636629108363     
   2.00000000000000       -9.50618523127666     
   2.00000000000000       -10.7423002650806     
   2.00000000000000       -10.4935893114577     
   2.00000000000000       -11.9628488290609     
   2.00000000000000       -11.6025756556859     
   2.00000000000000       -13.3269679192013     
   2.00000000000000       -12.8391804373255     
   2.00000000000000       -14.8046013136995     
   2.00000000000000       -14.2083593203927     
   2.00000000000000       -15.6272308358047     
   2.00000000000000       -15.7114802852746     
   2.00000000000000       -15.8162870720247     
   2.00000000000000       -17.2323501637680     
   2.00000000000000       -16.0795285067993     
   2.00000000000000       -16.7330220985427     
   2.00000000000000       -16.1587097528469     
   2.00000000000000       -17.5167963574377     
   2.00000000000000       -16.0795285067993     
   2.00000000000000       -16.9782025549614     
   2.00000000000000       -16.8576797571829     
   2.00000000000000       -17.0625848350434     
   2.00000000000000       -16.8576797571829     
   2.00000000000000       -32.1968455744880     
   2.00000000000000       -15.0000000000000     
   2.00000000000000       -32.3217843110963     
   2.00000000000000       -15.0000000000000     
   2.00000000000000       -32.4309287805214     
   2.00000000000000       -15.0000000000000     
   2.00000000000000       -32.5356641310414     
   2.00000000000000       -15.0000000000000     
   2.00000000000000       -32.6476378904853     
   2.00000000000000       -15.0000000000000     
   2.00000000000000       -32.7811767988555     
   2.00000000000000       -15.0000000000000     
   2.00000000000000       -32.9003632065747     
   2.00000000000000       -15.0000000000000     
