   2.00000000000000       -7.83926032699039     
   2.00000000000000       -8.32088366906332     
   2.00000000000000       -7.50691973883225     
   2.00000000000000       -7.89309719988304     
   2.00000000000000       -7.17730522325553     
   2.00000000000000       -7.48018462326597     
   2.00000000000000       -6.84179014870244     
   2.00000000000000       -7.09137842384247     
   2.00000000000000       -6.49934680055420     
   2.00000000000000       -6.73959901510678     
   2.00000000000000       -6.16157619735557     
   2.00000000000000       -6.44686345032650     
   2.00000000000000       -5.84268286780028     
   2.00000000000000       -6.26205006697189     
   2.00000000000000       -5.54479750171267     
   2.00000000000000       -6.37905222733248     
   2.00000000000000       -5.26764223588018     
   2.00000000000000       -6.07859721175198     
   2.00000000000000       -5.05640614186944     
   2.00000000000000       -5.38816188387702     
   2.00000000000000       -4.95815108519025     
   2.00000000000000       -5.06491765995495     
   2.00000000000000       -5.03163533003443     
   2.00000000000000       -4.97769732474906     
   2.00000000000000       -5.36572334015708     
   2.00000000000000       -5.22841137261909     
   2.00000000000000       -4.89828256368795     
   2.00000000000000       -5.53815301247313     
   2.00000000000000       -4.84782692846567     
   2.00000000000000       -5.07871340809560     
   2.00000000000000       -5.01471744941284     
   2.00000000000000       -5.15105135915204     
   2.00000000000000       -5.37961500532369     
   2.00000000000000       -5.51082778892528     
   2.00000000000000       -5.98996812926520     
   2.00000000000000       -6.15936917032398     
   2.00000000000000       -7.43315437100943     
   2.00000000000000       -7.19339831763495     
   2.00000000000000       -7.06351296708145     
   2.00000000000000       -8.73455074635131     
   2.00000000000000       -7.47011684590965     
   2.00000000000000       -9.03357303394630     
   2.00000000000000       -8.11901089731821     
   2.00000000000000       -10.0284048095941     
   2.00000000000000       -8.92918006402919     
   2.00000000000000       -11.2558630388877     
   2.00000000000000       -9.87787095847057     
   2.00000000000000       -12.6519883036034     
   2.00000000000000       -10.9642617438279     
   2.00000000000000       -14.2438379353069     
   2.00000000000000       -12.2039670989578     
   2.00000000000000       -15.7115517215047     
   2.00000000000000       -13.6337091663450     
   2.00000000000000       -15.6024072520796     
   2.00000000000000       -15.3267017632750     
   2.00000000000000       -15.5789261562301     
   2.00000000000000       -16.9732312657933     
   2.00000000000000       -15.7115517215047     
   2.00000000000000       -17.6473142296230     
   2.00000000000000       -16.3805585024633     
   2.00000000000000       -17.0526682829859     
   2.00000000000000       -16.2556197658550     
   2.00000000000000       -17.1345137821325     
   2.00000000000000       -16.8576797571829     
   2.00000000000000       -17.3436346070249     
   2.00000000000000       -15.0000000000000     
   2.00000000000000       -17.7021882349020     
   2.00000000000000       -15.0000000000000     
   2.00000000000000       -32.1968455744880     
   2.00000000000000       -15.0000000000000     
   2.00000000000000       -32.3217843110963     
   2.00000000000000       -15.0000000000000     
   2.00000000000000       -32.4156888139646     
   2.00000000000000       -15.0000000000000     
   2.00000000000000       -32.5558675171297     
   2.00000000000000       -15.0000000000000     
   2.00000000000000       -32.6739668292077     
   2.00000000000000       -15.0000000000000     
   2.00000000000000       -32.7811767988555     
   2.00000000000000       -15.0000000000000     
   2.00000000000000       -32.9003632065747     
   2.00000000000000       -15.0000000000000     
   2.00000000000000       -33.0822067945195     
   2.00000000000000       -15.0000000000000     
   2.00000000000000       -33.2248742980883     
   2.00000000000000       -15.0000000000000     
   2.00000000000000       -33.4589575041216     
   2.00000000000000       -15.0000000000000     
   2.00000000000000       -33.7599874997856     
   2.00000000000000       -15.0000000000000     
   2.00000000000000       -34.5703234335406     
   2.00000000000000       -15.0000000000000     
   2.00000000000000       -34.0822067945195     
   2.00000000000000       -15.0000000000000     
   2.00000000000000       -33.7599874997856     
   2.00000000000000       -15.0000000000000     
   2.00000000000000       -33.6050855397999     
   2.00000000000000       -15.0000000000000     
   2.00000000000000       -33.5259042937522     
   2.00000000000000       -15.0000000000000     
   2.00000000000000       -33.4589575041216     
   2.00000000000000       -15.0000000000000     
   2.00000000000000       -33.4387541180333     
   2.00000000000000       -15.0000000000000     
   2.00000000000000       -33.4009655571439     
   2.00000000000000       -15.0000000000000     
   2.00000000000000       -33.3832367901835     
   2.00000000000000       -15.0000000000000     
   2.00000000000000       -33.3340187675133     
   2.00000000000000       -15.0000000000000     
   2.00000000000000       -33.3340187675133     
   2.00000000000000       -15.0000000000000     
   2.00000000000000       -33.3340187675133     
   2.00000000000000       -15.0000000000000     
   2.00000000000000       -33.3187788009566     
   2.00000000000000       -15.0000000000000     
   2.00000000000000       -33.3340187675133     
   2.00000000000000       -15.0000000000000     
   2.00000000000000       -33.3187788009566     
   2.00000000000000       -15.0000000000000     
   2.00000000000000       -33.3187788009566     
   2.00000000000000       -15.0000000000000     
   2.00000000000000       -33.3040555441359     
   2.00000000000000       -15.0000000000000     
   2.00000000000000       -33.2898151050213     
   2.00000000000000       -15.0000000000000     
   2.00000000000000       -33.3040555441359     
   2.00000000000000       -15.0000000000000     
   2.00000000000000       -33.2760268205356     
   2.00000000000000       -15.0000000000000     
   2.00000000000000       -33.2898151050213     
   2.00000000000000       -15.0000000000000     
   2.00000000000000       -33.2898151050213     
   2.00000000000000       -15.0000000000000     
   2.00000000000000       -33.2898151050213     
   2.00000000000000       -15.0000000000000     
   2.00000000000000       -33.2898151050213     
   2.00000000000000       -15.0000000000000     
   2.00000000000000       -33.2898151050213     
   2.00000000000000       -15.0000000000000     
   2.00000000000000       -33.2898151050213     
   2.00000000000000       -15.0000000000000     
   2.00000000000000       -33.3040555441359     
   2.00000000000000       -15.0000000000000     
   2.00000000000000       -33.3040555441359     
   2.00000000000000       -15.0000000000000     
   2.00000000000000       -33.2898151050213     
   2.00000000000000       -15.0000000000000     
   2.00000000000000       -33.2898151050213     
   2.00000000000000       -15.0000000000000     
   2.00000000000000       -33.2898151050213     
   2.00000000000000       -15.0000000000000     
   2.00000000000000       -33.3040555441359     
   2.00000000000000       -15.0000000000000     
   2.00000000000000       -33.2898151050213     
   2.00000000000000       -15.0000000000000     
   2.00000000000000       -33.3040555441359     
   2.00000000000000       -15.0000000000000     
   2.00000000000000       -33.2898151050213     
   2.00000000000000       -15.0000000000000     
   2.00000000000000       -33.3040555441359     
   2.00000000000000       -15.0000000000000     
