   2.00000000000000       -7.56792322048409     
   2.00000000000000       -8.33134175165738     
   2.00000000000000       -7.22105308340997     
   2.00000000000000       -7.90435886747581     
   2.00000000000000       -6.89581064219743     
   2.00000000000000       -7.49211987854524     
   2.00000000000000       -6.59390126103983     
   2.00000000000000       -7.10356155268841     
   2.00000000000000       -6.31489748033033     
   2.00000000000000       -6.75104559624369     
   2.00000000000000       -6.05629495598588     
   2.00000000000000       -6.45533796837777     
   2.00000000000000       -5.81364473770846     
   2.00000000000000       -6.26165726721632     
   2.00000000000000       -5.56744874093261     
   2.00000000000000       -6.33708750465264     
   2.00000000000000       -5.35207664928472     
   2.00000000000000       -6.15924862747250     
   2.00000000000000       -5.22099279139894     
   2.00000000000000       -5.41266770110374     
   2.00000000000000       -5.22583519763656     
   2.00000000000000       -5.06730233279522     
   2.00000000000000       -5.43818845140930     
   2.00000000000000       -4.95675322573283     
   2.00000000000000       -5.18814004991177     
   2.00000000000000       -5.15931872955765     
   2.00000000000000       -5.07063514685364     
   2.00000000000000       -5.67850790622393     
   2.00000000000000       -5.19301242301607     
   2.00000000000000       -5.08086442336156     
   2.00000000000000       -5.52065411053129     
   2.00000000000000       -5.12528636809482     
   2.00000000000000       -6.09517990744269     
   2.00000000000000       -5.46456748099068     
   2.00000000000000       -7.23711939102738     
   2.00000000000000       -6.09112673889497     
   2.00000000000000       -7.27022610546227     
   2.00000000000000       -7.08939205775193     
   2.00000000000000       -7.67232395380074     
   2.00000000000000       -8.83524986411348     
   2.00000000000000       -8.35738759053947     
   2.00000000000000       -8.94812657332873     
   2.00000000000000       -9.22179263104025     
   2.00000000000000       -9.90616690431287     
   2.00000000000000       -10.2306098655757     
   2.00000000000000       -11.0982634985030     
   2.00000000000000       -11.3717468085549     
   2.00000000000000       -12.4494737224529     
   2.00000000000000       -12.6464946344801     
   2.00000000000000       -13.9401742476304     
   2.00000000000000       -14.0539373134686     
   2.00000000000000       -15.4597397485109     
   2.00000000000000       -15.4736041659203     
   2.00000000000000       -15.7437364048761     
   2.00000000000000       -15.9001328785324     
   2.00000000000000       -15.9545897701910     
   2.00000000000000       -16.2119066816315     
   2.00000000000000       -15.8162870720247     
   2.00000000000000       -16.5061022862569     
   2.00000000000000       -15.8576797571829     
   2.00000000000000       -16.9712635852060     
   2.00000000000000       -15.8162870720247     
   2.00000000000000       -16.6963660612250     
   2.00000000000000       -15.8162870720247     
   2.00000000000000       -17.5012704399302     
   2.00000000000000       -15.9545897701910     
   2.00000000000000       -16.9782025549614     
   2.00000000000000       -16.8576797571829     
   2.00000000000000       -17.0625848350434     
   2.00000000000000       -16.8576797571829     
   2.00000000000000       -32.1968455744880     
   2.00000000000000       -15.0000000000000     
   2.00000000000000       -32.3217843110963     
   2.00000000000000       -15.0000000000000     
   2.00000000000000       -32.4309287805214     
   2.00000000000000       -15.0000000000000     
   2.00000000000000       -32.5356641310414     
   2.00000000000000       -15.0000000000000     
   2.00000000000000       -32.6476378904853     
   2.00000000000000       -15.0000000000000     
   2.00000000000000       -32.7811767988555     
   2.00000000000000       -15.0000000000000     
   2.00000000000000       -32.9003632065747     
   2.00000000000000       -15.0000000000000     
