   5.00000000000000       0.437893268148050     
   5.00000000000000       0.361250334736227     
   5.00000000000000       0.272600770500721     
   5.00000000000000       0.170174595462270     
   5.00000000000000       5.145089555420473E-002
   5.00000000000000      -8.757992820058640E-002
   5.00000000000000      -0.254848197534444     
   5.00000000000000      -0.469841969645987     
   5.00000000000000      -0.797006792541934     
   5.00000000000000       -1.99138462720786     
   5.00000000000000      -0.934083336248987     
   5.00000000000000      -0.646374601312561     
   5.00000000000000      -0.492703754383738     
   5.00000000000000      -0.391361465865435     
   5.00000000000000      -0.318266634970345     
   5.00000000000000      -0.263085428276168     
   5.00000000000000      -0.220392766617101     
   5.00000000000000      -0.186920272675493     
   5.00000000000000      -0.160491001597534     
   5.00000000000000      -0.139548002253911     
   5.00000000000000      -0.122924085615389     
   5.00000000000000      -0.109718855179410     
   5.00000000000000      -9.922654416917773E-002
   5.00000000000000      -9.088940282322173E-002
   5.00000000000000      -8.426497348772471E-002
   5.00000000000000      -7.900170964469923E-002
   5.00000000000000      -7.482015594772931E-002
   5.00000000000000      -7.149815289899650E-002
   5.00000000000000      -6.885910891133269E-002
   5.00000000000000      -6.676267408108214E-002
   5.00000000000000      -6.509731722701183E-002
   5.00000000000000      -6.377441797403213E-002
   5.00000000000000      -6.272356620739022E-002
   5.00000000000000      -6.188882353807169E-002
   5.00000000000000      -6.122575084981624E-002
   5.00000000000000      -6.069904554164513E-002
   5.00000000000000      -6.028066376240319E-002
   5.00000000000000      -5.994832829079006E-002
   5.00000000000000      -5.968434297698695E-002
   5.00000000000000      -5.947465082936924E-002
   5.00000000000000      -5.930808571335626E-002
   5.00000000000000      -5.917577788734333E-002
   5.00000000000000      -5.907068176288911E-002
   5.00000000000000      -5.898720076672110E-002
   5.00000000000000      -5.892088934319651E-002
   5.00000000000000      -5.886821623732437E-002
   5.00000000000000      -5.882637645817482E-002
   5.00000000000000      -5.879314191260873E-002
   5.00000000000000      -5.876674275727355E-002
   5.00000000000000      -5.874577315185302E-002
   5.00000000000000      -5.872911639528824E-002
   5.00000000000000      -5.871588545889235E-002
   5.00000000000000      -5.870537574979590E-002
   5.00000000000000      -5.869702758937918E-002
   5.00000000000000      -5.869039640877532E-002
   5.00000000000000      -5.868512907409407E-002
   5.00000000000000      -5.868094508100210E-002
   5.00000000000000      -5.867762161688471E-002
   5.00000000000000      -5.867498169532037E-002
   5.00000000000000      -5.867288473097478E-002
   5.00000000000000      -5.867121905292484E-002
   5.00000000000000      -5.866989595777953E-002
   5.00000000000000      -5.866884498590956E-002
   5.00000000000000      -5.866801016926899E-002
   5.00000000000000      -5.866734705082558E-002
   5.00000000000000      -5.866682031712123E-002
   5.00000000000000      -5.866640191766431E-002
   5.00000000000000      -5.866606957115706E-002
   5.00000000000000      -5.866580557893649E-002
   5.00000000000000      -5.866559588246931E-002
   5.00000000000000      -5.866542931464235E-002
