   2.00000000000000       -8.00540320392809     
   2.00000000000000       -9.76630603854748     
   2.00000000000000       -7.64555677792905     
   2.00000000000000       -9.38767358050886     
   2.00000000000000       -7.28783778135615     
   2.00000000000000       -8.87857737781782     
   2.00000000000000       -6.90253776172742     
   2.00000000000000       -8.30230949944312     
   2.00000000000000       -6.49113767391869     
   2.00000000000000       -7.69227650895183     
   2.00000000000000       -6.08287123145678     
   2.00000000000000       -7.07197913776268     
   2.00000000000000       -5.70180641734931     
   2.00000000000000       -6.47176148000124     
   2.00000000000000       -5.36442269846356     
   2.00000000000000       -5.91366124544203     
   2.00000000000000       -5.04993745302852     
   2.00000000000000       -5.40418432122852     
   2.00000000000000       -4.76079692327306     
   2.00000000000000       -4.93828861046249     
   2.00000000000000       -4.44641720076756     
   2.00000000000000       -4.50878451692698     
   2.00000000000000       -4.16979469620949     
   2.00000000000000       -4.11726300915959     
   2.00000000000000       -3.95699430364486     
   2.00000000000000       -3.77970613865514     
   2.00000000000000       -3.88924699797422     
   2.00000000000000       -3.53097591097267     
   2.00000000000000       -3.45972429227804     
   2.00000000000000       -3.45736433183133     
   2.00000000000000       -3.02742998768239     
   2.00000000000000       -4.66444644366511     
   2.00000000000000       -2.66465532658209     
   2.00000000000000       -2.98547918489364     
   2.00000000000000       -2.37764708681024     
   2.00000000000000       -2.57871946984010     
   2.00000000000000       -2.16604186584975     
   2.00000000000000       -2.42290806241150     
   2.00000000000000       -2.04866152454318     
   2.00000000000000       -2.46095077541842     
   2.00000000000000       -2.00654186859287     
   2.00000000000000       -2.72474110373144     
   2.00000000000000       -2.02246430804163     
   2.00000000000000       -3.68654291850669     
   2.00000000000000       -2.08079211660567     
   2.00000000000000       -3.15092231617215     
   2.00000000000000       -2.16761045226590     
   2.00000000000000       -3.07570545866541     
   2.00000000000000       -2.27043781601234     
   2.00000000000000       -3.21164086133864     
   2.00000000000000       -2.37786866887851     
   2.00000000000000       -3.44979164504594     
   2.00000000000000       -2.47981063333867     
   2.00000000000000       -3.75384677755308     
   2.00000000000000       -2.56855571732069     
   2.00000000000000       -4.10777223038847     
   2.00000000000000       -2.64020370506323     
   2.00000000000000       -4.50355631070980     
   2.00000000000000       -2.69518116543875     
   2.00000000000000       -4.93677709796702     
   2.00000000000000       -2.73713542025579     
   2.00000000000000       -5.40547447638069     
   2.00000000000000       -2.77096211300173     
   2.00000000000000       -5.91058963870170     
   2.00000000000000       -2.80133213009676     
   2.00000000000000       -6.45737882334896     
   2.00000000000000       -2.83232710923526     
   2.00000000000000       -7.05856928749746     
   2.00000000000000       -2.86771370341304     
   2.00000000000000       -7.74379722773427     
   2.00000000000000       -2.91108547731973     
   2.00000000000000       -8.60567430810279     
   2.00000000000000       -2.96568168856015     
   2.00000000000000       -10.2079947801640     
   2.00000000000000       -3.03409072178370     
   2.00000000000000       -9.80307191112727     
   2.00000000000000       -3.11799083939781     
   2.00000000000000       -10.4421847340961     
   2.00000000000000       -3.21812251731447     
   2.00000000000000       -10.9093969036093     
   2.00000000000000       -3.33466375910128     
   2.00000000000000       -10.7558667194643     
   2.00000000000000       -3.46798986720791     
   2.00000000000000       -10.8859795651270     
