   2.00000000000000       -7.95248076604170     
   2.00000000000000       -10.0345029846367     
   2.00000000000000       -7.58995408536766     
   2.00000000000000       -9.53201404596024     
   2.00000000000000       -7.24662133645206     
   2.00000000000000       -9.20908948478790     
   2.00000000000000       -6.87027075912894     
   2.00000000000000       -9.30745825502442     
   2.00000000000000       -6.46936739995168     
   2.00000000000000       -8.33333779478316     
   2.00000000000000       -6.05837267654752     
   2.00000000000000       -7.40893226873052     
   2.00000000000000       -5.66780249290327     
   2.00000000000000       -6.69986376063675     
   2.00000000000000       -5.30330676487609     
   2.00000000000000       -6.09892651069257     
   2.00000000000000       -4.97828983880223     
   2.00000000000000       -5.57105550213987     
   2.00000000000000       -4.64142690065326     
   2.00000000000000       -5.08885622020903     
   2.00000000000000       -4.32062327460345     
   2.00000000000000       -4.63030484827026     
   2.00000000000000       -4.01081067600118     
   2.00000000000000       -4.18629130345966     
   2.00000000000000       -3.66578198413115     
   2.00000000000000       -3.76030920763763     
   2.00000000000000       -3.32945083308948     
   2.00000000000000       -3.36192294921545     
   2.00000000000000       -3.00992053131938     
   2.00000000000000       -3.00406789969293     
   2.00000000000000       -2.72259772124550     
   2.00000000000000       -2.70650124211479     
   2.00000000000000       -2.47515002420033     
   2.00000000000000       -2.50494400793114     
   2.00000000000000       -2.29085439557238     
   2.00000000000000       -2.48395030936448     
   2.00000000000000       -2.19493104435853     
   2.00000000000000       -3.63337468240432     
   2.00000000000000       -2.22299229381679     
   2.00000000000000       -2.12351122674702     
   2.00000000000000       -2.54679128947683     
   2.00000000000000       -1.73747490857202     
   2.00000000000000       -2.45800748732523     
   2.00000000000000       -1.56468086533817     
   2.00000000000000       -1.90479842495748     
   2.00000000000000       -1.52370162806120     
   2.00000000000000       -1.63681726290080     
   2.00000000000000       -1.58606973582804     
   2.00000000000000       -1.46558695107024     
   2.00000000000000       -1.73437875715682     
   2.00000000000000       -1.34659600373126     
   2.00000000000000       -1.95211095629582     
   2.00000000000000       -1.26056124500819     
   2.00000000000000       -2.21934722497560     
   2.00000000000000       -1.19703412707503     
   2.00000000000000       -2.51196877246037     
   2.00000000000000       -1.14967142306597     
   2.00000000000000       -2.80266052528310     
   2.00000000000000       -1.11426135408859     
   2.00000000000000       -3.06246196105324     
   2.00000000000000       -1.08777689850389     
   2.00000000000000       -3.27077184886372     
   2.00000000000000       -1.06792334541096     
   2.00000000000000       -3.43175437384185     
   2.00000000000000       -1.05283099583996     
   2.00000000000000       -3.57177201613251     
   2.00000000000000       -1.04068221503758     
   2.00000000000000       -3.72250321324889     
   2.00000000000000       -1.02943159009733     
   2.00000000000000       -3.91809414037850     
   2.00000000000000       -1.01696484673232     
   2.00000000000000       -4.22372480666480     
   2.00000000000000       -1.00164917949823     
   2.00000000000000       -5.09783153451346     
   2.00000000000000      -0.982858670783599     
   2.00000000000000       -4.48692069401039     
   2.00000000000000      -0.961124104273992     
   2.00000000000000       -4.21302122796889     
   2.00000000000000      -0.937802433811894     
   2.00000000000000       -4.10348116813212     
   2.00000000000000      -0.914484986022080     
   2.00000000000000       -4.05860310022835     
   2.00000000000000      -0.892506581956947     
   2.00000000000000       -4.04791911493287     
