   2.00000000000000       -7.84291766412705     
   2.00000000000000       -9.13977463215129     
   2.00000000000000       -7.46361887621451     
   2.00000000000000       -8.67442768433957     
   2.00000000000000       -7.09911826730469     
   2.00000000000000       -8.22576861417789     
   2.00000000000000       -6.74496434912172     
   2.00000000000000       -7.79284125911027     
   2.00000000000000       -6.37129805954265     
   2.00000000000000       -7.38086349352217     
   2.00000000000000       -5.97959947603823     
   2.00000000000000       -6.98850168106318     
   2.00000000000000       -5.58346230058031     
   2.00000000000000       -6.59270793233451     
   2.00000000000000       -5.20611496312127     
   2.00000000000000       -6.15457861535631     
   2.00000000000000       -4.85557284109939     
   2.00000000000000       -5.66592503444773     
   2.00000000000000       -4.55294396977253     
   2.00000000000000       -5.16123580253856     
   2.00000000000000       -4.26874989794639     
   2.00000000000000       -4.67192696477979     
   2.00000000000000       -3.94872994744707     
   2.00000000000000       -4.21071349892897     
   2.00000000000000       -3.63387097634543     
   2.00000000000000       -3.78411814189128     
   2.00000000000000       -3.37303114154176     
   2.00000000000000       -3.40279556889315     
   2.00000000000000       -3.03251283484988     
   2.00000000000000       -3.08809768031897     
   2.00000000000000       -2.70229747298310     
   2.00000000000000       -2.88568779723340     
   2.00000000000000       -2.40765607270345     
   2.00000000000000       -2.95946451718545     
   2.00000000000000       -2.14805275915931     
   2.00000000000000       -2.78040121122925     
   2.00000000000000       -1.92925455199645     
   2.00000000000000       -2.01287528138536     
   2.00000000000000       -1.72694129745850     
   2.00000000000000       -1.60010192736407     
   2.00000000000000       -1.52013235760646     
   2.00000000000000       -1.32503905588210     
   2.00000000000000       -1.34714510639178     
   2.00000000000000       -1.13841214927899     
   2.00000000000000       -1.20262271717587     
   2.00000000000000       -1.01631564431269     
   2.00000000000000       -1.08256236984159     
   2.00000000000000      -0.943548775847699     
   2.00000000000000      -0.983764412568096     
   2.00000000000000      -0.909786500098396     
   2.00000000000000      -0.903454045079219     
   2.00000000000000      -0.907721724882418     
   2.00000000000000      -0.838957406372324     
   2.00000000000000      -0.930538270619020     
   2.00000000000000      -0.787520700407040     
   2.00000000000000      -0.969099604629101     
   2.00000000000000      -0.746510474527213     
   2.00000000000000       -1.01223253367033     
   2.00000000000000      -0.713862746980847     
   2.00000000000000       -1.05309498717457     
   2.00000000000000      -0.688260006561270     
   2.00000000000000       -1.09693092424076     
   2.00000000000000      -0.668855576804963     
   2.00000000000000       -1.16088720365867     
   2.00000000000000      -0.654950150884153     
   2.00000000000000       -1.26831968032022     
   2.00000000000000      -0.645922125204843     
   2.00000000000000       -1.45263744563655     
   2.00000000000000      -0.640727674948721     
   2.00000000000000       -1.81230160835635     
   2.00000000000000      -0.638231484854331     
   2.00000000000000       -2.46693423141683     
   2.00000000000000      -0.637456634552237     
   2.00000000000000       -1.70054734802492     
   2.00000000000000      -0.637700957045164     
   2.00000000000000       -1.47095715832388     
   2.00000000000000      -0.638501333423250     
   2.00000000000000       -1.34461361126712     
   2.00000000000000      -0.639559612777731     
   2.00000000000000       -1.26354531473585     
   2.00000000000000      -0.640689213332935     
   2.00000000000000       -1.20757941392863     
   2.00000000000000      -0.641780543860251     
   2.00000000000000       -1.16726933480100     
   2.00000000000000      -0.642775833131966     
   2.00000000000000       -1.13743470849804     
   2.00000000000000      -0.643620578542799     
   2.00000000000000       -1.11494035716239     
   2.00000000000000      -0.644327390879672     
   2.00000000000000       -1.09775690001471     
   2.00000000000000      -0.644920485813482     
   2.00000000000000       -1.08450547173839     
   2.00000000000000      -0.645411755335059     
   2.00000000000000       -1.07421473908102     
   2.00000000000000      -0.645814787259696     
   2.00000000000000       -1.06618145841493     
   2.00000000000000      -0.646143043250430     
   2.00000000000000       -1.05988571425453     
   2.00000000000000      -0.646408924964587     
   2.00000000000000       -1.05493690265323     
   2.00000000000000      -0.646623372787599     
   2.00000000000000       -1.05103791867175     
   2.00000000000000      -0.646795769464770     
   2.00000000000000       -1.04796060997975     
   2.00000000000000      -0.646934007243813     
   2.00000000000000       -1.04552847734120     
   2.00000000000000      -0.647044633393766     
   2.00000000000000       -1.04360419740370     
   2.00000000000000      -0.647133024646909     
   2.00000000000000       -1.04208045096087     
   2.00000000000000      -0.647203563207427     
   2.00000000000000       -1.04087307584508     
   2.00000000000000      -0.647259800328012     
   2.00000000000000       -1.03991589088514     
   2.00000000000000      -0.647304601305394     
   2.00000000000000       -1.03915674352549     
   2.00000000000000      -0.647340270188250     
   2.00000000000000       -1.03855446740789     
   2.00000000000000      -0.647368654865890     
   2.00000000000000       -1.03807652529983     
   2.00000000000000      -0.647391234354404     
   2.00000000000000       -1.03769717360227     
   2.00000000000000      -0.647409190538445     
   2.00000000000000       -1.03739602717858     
   2.00000000000000      -0.647423466678591     
   2.00000000000000       -1.03715693354994     
   2.00000000000000      -0.647434814845735     
   2.00000000000000       -1.03696708749104     
   2.00000000000000      -0.647443834205866     
   2.00000000000000       -1.03681633326476     
   2.00000000000000      -0.647451001813468     
   2.00000000000000       -1.03669661383580     
   2.00000000000000      -0.647456697313149     
   2.00000000000000       -1.03660153554107     
   2.00000000000000      -0.647461222713324     
   2.00000000000000       -1.03652602366178     
   2.00000000000000      -0.647464818189234     
   2.00000000000000       -1.03646604969348     
   2.00000000000000      -0.647467674696405     
   2.00000000000000       -1.03641841524964     
   2.00000000000000      -0.647469944028268     
   2.00000000000000       -1.03638058075020     
   2.00000000000000      -0.647471746829322     
   2.00000000000000       -1.03635052955849     
   2.00000000000000      -0.647473178975512     
   2.00000000000000       -1.03632666019623     
   2.00000000000000      -0.647474316651945     
   2.00000000000000       -1.03630770081194     
   2.00000000000000      -0.647475220392375     
   2.00000000000000       -1.03629264129452     
   2.00000000000000      -0.647475938291673     
   2.00000000000000       -1.03628067938288     
   2.00000000000000      -0.647476508560026     
   2.00000000000000       -1.03627117788054     
   2.00000000000000      -0.647476961553321     
   2.00000000000000       -1.03626363068369     
   2.00000000000000      -0.647477321386911     
   2.00000000000000       -1.03625763580450     
   2.00000000000000      -0.647477607218086     
   2.00000000000000       -1.03625287394838     
   2.00000000000000      -0.647477834265132     
   2.00000000000000       -1.03624909150042     
