   2.00000000000000       -7.87693876865510     
   2.00000000000000       -9.20900381187587     
   2.00000000000000       -7.50496352913398     
   2.00000000000000       -8.74635367714484     
   2.00000000000000       -7.15617457119192     
   2.00000000000000       -8.30226756485840     
   2.00000000000000       -6.79741194011832     
   2.00000000000000       -7.87607070530629     
   2.00000000000000       -6.41015731071614     
   2.00000000000000       -7.47679232449332     
   2.00000000000000       -6.00495312540716     
   2.00000000000000       -7.11004578160813     
   2.00000000000000       -5.60103131821411     
   2.00000000000000       -6.75536971171520     
   2.00000000000000       -5.22070290777602     
   2.00000000000000       -6.35384004665270     
   2.00000000000000       -4.86550168143470     
   2.00000000000000       -5.86911171206951     
   2.00000000000000       -4.53970590319859     
   2.00000000000000       -5.34407486465966     
   2.00000000000000       -4.21052029893918     
   2.00000000000000       -4.82768597117259     
   2.00000000000000       -3.91422287301328     
   2.00000000000000       -4.33501275205334     
   2.00000000000000       -3.66902053780088     
   2.00000000000000       -3.86687014725053     
   2.00000000000000       -3.45676924106135     
   2.00000000000000       -3.42518877215162     
   2.00000000000000       -3.07518645599415     
   2.00000000000000       -3.01736450123081     
   2.00000000000000       -2.67906175922053     
   2.00000000000000       -2.65601538626800     
   2.00000000000000       -2.35492666586000     
   2.00000000000000       -2.35814272244886     
   2.00000000000000       -2.09257857950936     
   2.00000000000000       -2.14877354176161     
   2.00000000000000       -1.88936982599257     
   2.00000000000000       -2.08218164180809     
   2.00000000000000       -1.73059952768284     
   2.00000000000000       -2.45443236415431     
   2.00000000000000       -1.50110255909453     
   2.00000000000000       -1.89230599482013     
   2.00000000000000       -1.31376578895664     
   2.00000000000000       -1.34949944884525     
   2.00000000000000       -1.16160423373987     
   2.00000000000000       -1.03506658645440     
   2.00000000000000       -1.03857107437567     
   2.00000000000000      -0.819406285661528     
   2.00000000000000      -0.939825220156762     
   2.00000000000000      -0.663203350901463     
   2.00000000000000      -0.861512723522265     
   2.00000000000000      -0.546641459834425     
   2.00000000000000      -0.800426432676290     
   2.00000000000000      -0.457796005368000     
   2.00000000000000      -0.753708311828342     
   2.00000000000000      -0.389053620712599     
   2.00000000000000      -0.718658454975614     
   2.00000000000000      -0.335373864871232     
   2.00000000000000      -0.692687413623454     
   2.00000000000000      -0.293238940804632     
   2.00000000000000      -0.673405122610938     
   2.00000000000000      -0.260053019062489     
   2.00000000000000      -0.658773606483075     
   2.00000000000000      -0.233855397637480     
   2.00000000000000      -0.647220356521046     
   2.00000000000000      -0.213180016502528     
   2.00000000000000      -0.637649892883375     
   2.00000000000000      -0.196938858239336     
   2.00000000000000      -0.629370902060515     
   2.00000000000000      -0.184295859273941     
   2.00000000000000      -0.621992429542014     
   2.00000000000000      -0.174562225170172     
   2.00000000000000      -0.615325412773911     
   2.00000000000000      -0.167149695703653     
   2.00000000000000      -0.609311864046176     
   2.00000000000000      -0.161569369200726     
   2.00000000000000      -0.603981758263490     
   2.00000000000000      -0.157434324331852     
   2.00000000000000      -0.599411072470884     
   2.00000000000000      -0.154444437697015     
   2.00000000000000      -0.595639935935669     
   2.00000000000000      -0.152360359750800     
   2.00000000000000      -0.592714945617369     
   2.00000000000000      -0.150982032921701     
