   5.00000000000000       -12.4362292185030     
   5.00000000000000       4.863172376515709E-002
   5.00000000000000       -12.6757611204342     
   5.00000000000000      -4.185768808069750E-002
   5.00000000000000       -12.9114319768788     
   5.00000000000000      -0.153489108293899     
   5.00000000000000       -13.1442131696796     
   5.00000000000000      -0.287735703141245     
   5.00000000000000       -13.3758477828176     
   5.00000000000000      -0.445555756371602     
   5.00000000000000       -13.6091102694976     
   5.00000000000000      -0.625239085905139     
   5.00000000000000       -13.8479470631714     
   5.00000000000000      -0.816189678631294     
   5.00000000000000       -14.0991232605001     
   5.00000000000000      -0.985884133267951     
   5.00000000000000       -14.3771901304335     
   5.00000000000000       -1.07618151810406     
   5.00000000000000       -14.7190479973071     
   5.00000000000000       -1.05576259099545     
   5.00000000000000       -15.0690691425815     
   5.00000000000000      -0.965046737426703     
   5.00000000000000       -15.1203985010217     
   5.00000000000000      -0.857902353454094     
   5.00000000000000       -15.0516955244217     
   5.00000000000000      -0.760289268734163     
   5.00000000000000       -14.9735088954566     
   5.00000000000000      -0.678871993392843     
   5.00000000000000       -14.9271501189253     
   5.00000000000000      -0.613113661029402     
   5.00000000000000       -14.9149792429235     
   5.00000000000000      -0.560603555844758     
   5.00000000000000       -14.9199865862953     
   5.00000000000000      -0.518825437872732     
   5.00000000000000       -14.9342104040021     
   5.00000000000000      -0.485619876052377     
   5.00000000000000       -14.9528269150910     
   5.00000000000000      -0.459225707575910     
   5.00000000000000       -14.9729625222911     
   5.00000000000000      -0.438217627026042     
   5.00000000000000       -14.9927535403197     
   5.00000000000000      -0.421444098696510     
   5.00000000000000       -15.0114402126304     
   5.00000000000000      -0.407985321701131     
   5.00000000000000       -15.0280501167771     
   5.00000000000000      -0.397121859530741     
   5.00000000000000       -15.0430685202763     
   5.00000000000000      -0.388303178806553     
   5.00000000000000       -15.0555520258006     
   5.00000000000000      -0.381113451471353     
   5.00000000000000       -15.0662095830952     
   5.00000000000000      -0.375238027102789     
   5.00000000000000       -15.0752023871109     
   5.00000000000000      -0.370434862781854     
   5.00000000000000       -15.0824231681955     
   5.00000000000000      -0.366513039982101     
   5.00000000000000       -15.0879978287596     
   5.00000000000000      -0.363318110343947     
   5.00000000000000       -15.0922441466007     
   5.00000000000000      -0.360722712797410     
   5.00000000000000       -15.0958256224575     
   5.00000000000000      -0.358620679709479     
   5.00000000000000       -15.0985479197031     
   5.00000000000000      -0.356923199854599     
   5.00000000000000       -15.1007432369891     
   5.00000000000000      -0.355556096578790     
   5.00000000000000       -15.1024937636179     
   5.00000000000000      -0.354457689505132     
   5.00000000000000       -15.1038498935408     
   5.00000000000000      -0.353576979175816     
   5.00000000000000       -15.1047659954165     
   5.00000000000000      -0.352872045518959     
   5.00000000000000       -15.1056649725064     
   5.00000000000000      -0.352308622877131     
   5.00000000000000       -15.1065288491525     
   5.00000000000000      -0.351858841443079     
   5.00000000000000       -15.1068429475285     
   5.00000000000000      -0.351500130680172     
   5.00000000000000       -15.1074977993625     
   5.00000000000000      -0.351214277904890     
   5.00000000000000       -15.1076878423322     
   5.00000000000000      -0.350986631129660     
   5.00000000000000       -15.1079352701999     
   5.00000000000000      -0.350805432093169     
   5.00000000000000       -15.1082188834221     
   5.00000000000000      -0.350661263795551     
   5.00000000000000       -15.1083190680959     
   5.00000000000000      -0.350546596646546     
   5.00000000000000       -15.1084332643247     
   5.00000000000000      -0.350455418121480     
   5.00000000000000       -15.1087996030566     
   5.00000000000000      -0.350382932193812     
   5.00000000000000       -15.1087741430349     
   5.00000000000000      -0.350325316457652     
   5.00000000000000       -15.1086949370597     
   5.00000000000000      -0.350279526550348     
   5.00000000000000       -15.1088717380443     
   5.00000000000000      -0.350243139101581     
   5.00000000000000       -15.1087660504867     
   5.00000000000000      -0.350214225899744     
   5.00000000000000       -15.1090526303684     
   5.00000000000000      -0.350191253248435     
   5.00000000000000       -15.1089300573947     
   5.00000000000000      -0.350173001584212     
   5.00000000000000       -15.1089091986119     
   5.00000000000000      -0.350158501348339     
   5.00000000000000       -15.1088719152949     
   5.00000000000000      -0.350146981871554     
   5.00000000000000       -15.1088178572160     
   5.00000000000000      -0.350137830660083     
   5.00000000000000       -15.1089901575630     
   5.00000000000000      -0.350130560984871     
   5.00000000000000       -15.1091568505149     
   5.00000000000000      -0.350124786091865     
   5.00000000000000       -15.1088736287211     
   5.00000000000000      -0.350120198688496     
   5.00000000000000       -15.1090868553272     
   5.00000000000000      -0.350116554631267     
   5.00000000000000       -15.1090150983243     
   5.00000000000000      -0.350113659957029     
   5.00000000000000       -15.1088648253274     
   5.00000000000000      -0.350111360574532     
   5.00000000000000       -15.1088704382088     
   5.00000000000000      -0.350109534071607     
   5.00000000000000       -15.1090055237394     
   5.00000000000000      -0.350108083204462     
   5.00000000000000       -15.1090475470985     
   5.00000000000000      -0.350106930724402     
   5.00000000000000       -15.1090241411816     
   5.00000000000000      -0.350106015267278     
   5.00000000000000       -15.1090449463788     
   5.00000000000000      -0.350105288087721     
   5.00000000000000       -15.1089942945570     
   5.00000000000000      -0.350104710464632     
   5.00000000000000       -15.1090656343528     
   5.00000000000000      -0.350104251639862     
   5.00000000000000       -15.1090226044736     
   5.00000000000000      -0.350103887180870     
   5.00000000000000       -15.1089847795296     
   5.00000000000000      -0.350103597679821     
   5.00000000000000       -15.1090362577235     
   5.00000000000000      -0.350103367720378     
