   2.00000000000000       -8.05060579947781     
   2.00000000000000       -9.44610772523058     
   2.00000000000000       -7.68399698115614     
   2.00000000000000       -9.04931568023060     
   2.00000000000000       -7.31815364142981     
   2.00000000000000       -8.58511000132947     
   2.00000000000000       -6.92219888259078     
   2.00000000000000       -8.07357435787868     
   2.00000000000000       -6.51066097295059     
   2.00000000000000       -7.52602076593452     
   2.00000000000000       -6.10618480396241     
   2.00000000000000       -6.95517917012541     
   2.00000000000000       -5.73196517529465     
   2.00000000000000       -6.38691815949849     
   2.00000000000000       -5.39938563424116     
   2.00000000000000       -5.84763539187934     
   2.00000000000000       -5.12123480134285     
   2.00000000000000       -5.35246216043754     
   2.00000000000000       -4.81987274141856     
   2.00000000000000       -4.90563132053995     
   2.00000000000000       -4.56385809414387     
   2.00000000000000       -4.50874004655105     
   2.00000000000000       -4.40363434348382     
   2.00000000000000       -4.17319307566321     
   2.00000000000000       -4.02512523503656     
   2.00000000000000       -3.93435556513877     
   2.00000000000000       -3.62951711730970     
   2.00000000000000       -3.89986496133791     
   2.00000000000000       -3.27138128806039     
   2.00000000000000       -4.38718351161698     
   2.00000000000000       -2.97868768709135     
   2.00000000000000       -3.28211638739521     
   2.00000000000000       -2.77103097631558     
   2.00000000000000       -2.92536140748938     
   2.00000000000000       -2.65936511620570     
   2.00000000000000       -2.81333216461599     
   2.00000000000000       -2.68001808213270     
   2.00000000000000       -2.92822235836983     
   2.00000000000000       -2.84732346480509     
   2.00000000000000       -3.44368909337753     
   2.00000000000000       -3.25378610187037     
   2.00000000000000       -3.51320577937350     
   2.00000000000000       -3.75621438157437     
   2.00000000000000       -3.29318064860778     
   2.00000000000000       -3.26870224890531     
   2.00000000000000       -3.40473731490763     
   2.00000000000000       -3.19457874411164     
   2.00000000000000       -3.66545806279731     
   2.00000000000000       -3.23853422449605     
   2.00000000000000       -4.02230237716688     
   2.00000000000000       -3.34766068211723     
   2.00000000000000       -4.45000884321937     
   2.00000000000000       -3.50157252171014     
   2.00000000000000       -4.93617178167964     
   2.00000000000000       -3.69016497891429     
   2.00000000000000       -5.47416902951814     
   2.00000000000000       -3.90784532907262     
   2.00000000000000       -6.05931056551515     
   2.00000000000000       -4.15145057351489     
   2.00000000000000       -6.68787102495278     
   2.00000000000000       -4.41936605414601     
   2.00000000000000       -7.35853462259011     
   2.00000000000000       -4.71108264617272     
   2.00000000000000       -8.07542975093568     
   2.00000000000000       -5.02689385868497     
   2.00000000000000       -8.85191925249147     
   2.00000000000000       -5.36755171778785     
   2.00000000000000       -9.71736891980761     
   2.00000000000000       -5.73338429021296     
   2.00000000000000       -10.7426197005476     
   2.00000000000000       -6.12173429257302     
   2.00000000000000       -12.2663924921244     
   2.00000000000000       -6.52136315538207     
   2.00000000000000       -13.1385142630937     
   2.00000000000000       -6.90608573596293     
   2.00000000000000       -13.5874669022867     
   2.00000000000000       -7.24495676352897     
   2.00000000000000       -14.1126049656009     
   2.00000000000000       -7.54570982452981     
   2.00000000000000       -14.2333976613473     
   2.00000000000000       -7.89642698584324     
   2.00000000000000       -14.3457963962041     
   2.00000000000000       -8.82701382351363     
   2.00000000000000       -15.0723499221722     
