   2.00000000000000       -8.27034459522352     
   2.00000000000000       -8.67893102687952     
   2.00000000000000       -7.86513517477626     
   2.00000000000000       -8.27877586180501     
   2.00000000000000       -7.44181052241321     
   2.00000000000000       -7.87818798466233     
   2.00000000000000       -7.00572931926411     
   2.00000000000000       -7.47701008752422     
   2.00000000000000       -6.58801918919384     
   2.00000000000000       -7.07184788211717     
   2.00000000000000       -6.21214786922658     
   2.00000000000000       -6.65971175808805     
   2.00000000000000       -5.89413490936551     
   2.00000000000000       -6.24722554474220     
   2.00000000000000       -5.55095028483927     
   2.00000000000000       -5.85855222926569     
   2.00000000000000       -5.21226634555055     
   2.00000000000000       -5.54164613614704     
   2.00000000000000       -4.90387788364715     
   2.00000000000000       -5.39840493321548     
   2.00000000000000       -4.65595564420778     
   2.00000000000000       -6.70175891960915     
   2.00000000000000       -4.50377449539823     
   2.00000000000000       -4.80636717432467     
   2.00000000000000       -4.49449426882589     
   2.00000000000000       -4.37886046314532     
   2.00000000000000       -4.68936654070326     
   2.00000000000000       -4.24664797483524     
   2.00000000000000       -4.61060217275035     
   2.00000000000000       -4.43208518782095     
   2.00000000000000       -4.38859083721696     
   2.00000000000000       -5.21890996109447     
   2.00000000000000       -4.43048751231530     
   2.00000000000000       -4.46712924245568     
   2.00000000000000       -4.65038955980723     
   2.00000000000000       -4.51195716980291     
   2.00000000000000       -5.03705125822132     
   2.00000000000000       -4.84193148541269     
   2.00000000000000       -5.61142314711771     
   2.00000000000000       -5.41772667009105     
   2.00000000000000       -6.61669157493574     
   2.00000000000000       -6.26299224766525     
   2.00000000000000       -6.91094390511963     
   2.00000000000000       -7.68738413997120     
   2.00000000000000       -7.15538799288886     
   2.00000000000000       -8.08723897340035     
   2.00000000000000       -7.67529600769961     
   2.00000000000000       -8.67394306868889     
   2.00000000000000       -8.34598153751032     
   2.00000000000000       -9.53038522577929     
   2.00000000000000       -9.13880247021758     
   2.00000000000000       -10.5489491270791     
   2.00000000000000       -10.0464859499800     
   2.00000000000000       -11.7094875318083     
   2.00000000000000       -11.0698377497452     
   2.00000000000000       -13.0113426450531     
   2.00000000000000       -12.2135203625643     
   2.00000000000000       -14.4311684958184     
   2.00000000000000       -13.4840873260000     
   2.00000000000000       -15.7437364048761     
   2.00000000000000       -14.8929479223670     
   2.00000000000000       -16.0795285067993     
   2.00000000000000       -16.3670616622127     
   2.00000000000000       -15.8576797571829     
   2.00000000000000       -17.5167963574377     
   2.00000000000000       -16.0795285067993     
   2.00000000000000       -16.9782025549614     
   2.00000000000000       -16.8576797571829     
   2.00000000000000       -17.0625848350434     
   2.00000000000000       -16.8576797571829     
   2.00000000000000       -32.1968455744880     
   2.00000000000000       -15.0000000000000     
   2.00000000000000       -32.3217843110963     
   2.00000000000000       -15.0000000000000     
   2.00000000000000       -32.4309287805214     
   2.00000000000000       -15.0000000000000     
   2.00000000000000       -32.5356641310414     
   2.00000000000000       -15.0000000000000     
   2.00000000000000       -32.6476378904853     
   2.00000000000000       -15.0000000000000     
   2.00000000000000       -32.7811767988555     
   2.00000000000000       -15.0000000000000     
   2.00000000000000       -32.9003632065747     
   2.00000000000000       -15.0000000000000     
