   2.00000000000000       -7.78865328517517     
   2.00000000000000       -8.74099594527604     
   2.00000000000000       -7.40513552201140     
   2.00000000000000       -8.27126366578852     
   2.00000000000000       -7.02021823210206     
   2.00000000000000       -7.82169441996690     
   2.00000000000000       -6.64302090814730     
   2.00000000000000       -7.39041382396793     
   2.00000000000000       -6.28355992303241     
   2.00000000000000       -6.97475068303237     
   2.00000000000000       -5.95289814769880     
   2.00000000000000       -6.57254914552541     
   2.00000000000000       -5.65896521548472     
   2.00000000000000       -6.18819707124038     
   2.00000000000000       -5.31854155780293     
   2.00000000000000       -5.84224683827081     
   2.00000000000000       -4.94661816577300     
   2.00000000000000       -5.57974282395647     
   2.00000000000000       -4.57208028093296     
   2.00000000000000       -5.50286939468432     
   2.00000000000000       -4.24185376736494     
   2.00000000000000       -6.60779334345502     
   2.00000000000000       -3.90994373875166     
   2.00000000000000       -4.94003105123419     
   2.00000000000000       -3.61090972439434     
   2.00000000000000       -4.52558483138270     
   2.00000000000000       -3.31246821612960     
   2.00000000000000       -4.33650323162952     
   2.00000000000000       -3.06007961864158     
   2.00000000000000       -4.31392284551811     
   2.00000000000000       -2.90547225314484     
   2.00000000000000       -4.45408365072466     
   2.00000000000000       -2.92013643508815     
   2.00000000000000       -4.76514591106894     
   2.00000000000000       -2.78186681528119     
   2.00000000000000       -5.27098916664997     
   2.00000000000000       -2.29766499524723     
   2.00000000000000       -5.70784533999050     
   2.00000000000000       -1.91980454849069     
   2.00000000000000       -4.84890486306151     
   2.00000000000000       -1.63320625828975     
   2.00000000000000       -4.26318882682443     
   2.00000000000000       -1.42229805712282     
   2.00000000000000       -3.64302786701958     
   2.00000000000000       -1.26260409187045     
   2.00000000000000       -3.06430781946180     
   2.00000000000000       -1.13907341496124     
   2.00000000000000       -2.58652260243230     
   2.00000000000000       -1.03847658266626     
   2.00000000000000       -2.21090587388840     
   2.00000000000000      -0.954626181722181     
   2.00000000000000       -1.92071233701862     
   2.00000000000000      -0.885795864856054     
   2.00000000000000       -1.69793493879898     
   2.00000000000000      -0.830108101466946     
   2.00000000000000       -1.52692631146115     
   2.00000000000000      -0.786049385349873     
   2.00000000000000       -1.39475455789470     
   2.00000000000000      -0.751805052839417     
   2.00000000000000       -1.29131384639859     
   2.00000000000000      -0.725073829515349     
   2.00000000000000       -1.20942582109680     
   2.00000000000000      -0.703429671090950     
   2.00000000000000       -1.14452102558934     
   2.00000000000000      -0.685049107896182     
   2.00000000000000       -1.09382484305362     
   2.00000000000000      -0.669128093973542     
   2.00000000000000       -1.05524789645425     
   2.00000000000000      -0.655570421109483     
   2.00000000000000       -1.02652954761586     
   2.00000000000000      -0.642421677087339     
   2.00000000000000       -1.00518056679578     
   2.00000000000000      -0.631632033908787     
   2.00000000000000      -0.988962992726509     
   2.00000000000000      -0.623015832272321     
   2.00000000000000      -0.976236579395330     
   2.00000000000000      -0.616181828933559     
   2.00000000000000      -0.965953660442082     
   2.00000000000000      -0.610765940474189     
   2.00000000000000      -0.957484531608433     
   2.00000000000000      -0.606469725787950     
   2.00000000000000      -0.950446961829407     
   2.00000000000000      -0.603057583047281     
   2.00000000000000      -0.944591031114315     
   2.00000000000000      -0.600344938103924     
   2.00000000000000      -0.939733362687885     
   2.00000000000000      -0.598187014993793     
   2.00000000000000      -0.935724471281851     
   2.00000000000000      -0.596469813903718     
   2.00000000000000      -0.932434893737879     
   2.00000000000000      -0.595103198361997     
   2.00000000000000      -0.929750304628782     
   2.00000000000000      -0.594015661328516     
   2.00000000000000      -0.927570107307300     
   2.00000000000000      -0.593150344173912     
   2.00000000000000      -0.925806910042664     
   2.00000000000000      -0.592461974310949     
   2.00000000000000      -0.924385910438730     
   2.00000000000000      -0.591914480845771     
   2.00000000000000      -0.923243964086083     
   2.00000000000000      -0.591479119381129     
   2.00000000000000      -0.922328399812926     
   2.00000000000000      -0.591132986629844     
   2.00000000000000      -0.921595713605115     
   2.00000000000000      -0.590857838472441     
   2.00000000000000      -0.921010258843337     
   2.00000000000000      -0.590639147126777     
   2.00000000000000      -0.920543013391849     
   2.00000000000000      -0.590465348232668     
   2.00000000000000      -0.920170468625334     
   2.00000000000000      -0.590327239462362     
   2.00000000000000      -0.919873658922455     
   2.00000000000000      -0.590217500292629     
   2.00000000000000      -0.919637332789272     
   2.00000000000000      -0.590130308727422     
   2.00000000000000      -0.919449256685775     
   2.00000000000000      -0.590061035585855     
   2.00000000000000      -0.919299637616387     
   2.00000000000000      -0.590006000809056     
   2.00000000000000      -0.919180648780843     
   2.00000000000000      -0.589962279316085     
   2.00000000000000      -0.919086042739333     
   2.00000000000000      -0.589927546413377     
   2.00000000000000      -0.919010837729172     
   2.00000000000000      -0.589899954753688     
   2.00000000000000      -0.918951064418577     
   2.00000000000000      -0.589878036442214     
   2.00000000000000      -0.918903562154731     
   2.00000000000000      -0.589860625174412     
   2.00000000000000      -0.918865815474662     
   2.00000000000000      -0.589846794322319     
   2.00000000000000      -0.918835823199803     
   2.00000000000000      -0.589835807712894     
   2.00000000000000      -0.918811993794961     
   2.00000000000000      -0.589827080503148     
   2.00000000000000      -0.918793061832060     
   2.00000000000000      -0.589820148085195     
   2.00000000000000      -0.918778021371304     
   2.00000000000000      -0.589814641375903     
   2.00000000000000      -0.918766072877322     
   2.00000000000000      -0.589810267181904     
   2.00000000000000      -0.918756580947950     
   2.00000000000000      -0.589806792598650     
   2.00000000000000      -0.918749040670460     
   2.00000000000000      -0.589804032615434     
   2.00000000000000      -0.918743050855502     
   2.00000000000000      -0.589801840267915     
   2.00000000000000      -0.918738292749393     
   2.00000000000000      -0.589800098814969     
   2.00000000000000      -0.918734513108165     
   2.00000000000000      -0.589798715523780     
   2.00000000000000      -0.918731510742060     
   2.00000000000000      -0.589797616732782     
   2.00000000000000      -0.918729125820876     
   2.00000000000000      -0.589796743929702     
   2.00000000000000      -0.918727231374670     
   2.00000000000000      -0.589796050636081     
   2.00000000000000      -0.918725726539857     
   2.00000000000000      -0.589795499932439     
   2.00000000000000      -0.918724531192753     
   2.00000000000000      -0.589795062492393     
   2.00000000000000      -0.918723581685757     
