   2.00000000000000       -8.29333180577072     
   2.00000000000000       -8.66266175935931     
   2.00000000000000       -7.86117613601315     
   2.00000000000000       -8.26253742007104     
   2.00000000000000       -7.43145357145605     
   2.00000000000000       -7.86313368825928     
   2.00000000000000       -6.99665364453543     
   2.00000000000000       -7.46449107704426     
   2.00000000000000       -6.57011007377626     
   2.00000000000000       -7.06338686537813     
   2.00000000000000       -6.17851980220667     
   2.00000000000000       -6.65675094721444     
   2.00000000000000       -5.84394665922556     
   2.00000000000000       -6.25082840899909     
   2.00000000000000       -5.57215021278042     
   2.00000000000000       -5.86977918289960     
   2.00000000000000       -5.23994552417741     
   2.00000000000000       -5.56339644902983     
   2.00000000000000       -4.88786877942182     
   2.00000000000000       -5.44408259850062     
   2.00000000000000       -4.56862474720402     
   2.00000000000000       -6.24732668791173     
   2.00000000000000       -4.30196858366081     
   2.00000000000000       -4.78888044721606     
   2.00000000000000       -4.12213172978140     
   2.00000000000000       -4.39030486900929     
   2.00000000000000       -4.08168587816189     
   2.00000000000000       -4.28056273570224     
   2.00000000000000       -4.21988145199661     
   2.00000000000000       -4.50794959830864     
   2.00000000000000       -4.45294656640548     
   2.00000000000000       -5.01620175321406     
   2.00000000000000       -4.07348873021139     
   2.00000000000000       -4.47528152885711     
   2.00000000000000       -4.04061886763086     
   2.00000000000000       -4.55155181489476     
   2.00000000000000       -4.18190674028622     
   2.00000000000000       -4.90579030188582     
   2.00000000000000       -4.45950273077510     
   2.00000000000000       -5.50918256014877     
   2.00000000000000       -4.86004052742081     
   2.00000000000000       -6.39958366136119     
   2.00000000000000       -5.39612327267771     
   2.00000000000000       -8.21220542965738     
   2.00000000000000       -6.12679829627156     
   2.00000000000000       -8.11714984834290     
   2.00000000000000       -7.75081543861264     
   2.00000000000000       -8.77772074960075     
   2.00000000000000       -7.31274909168520     
   2.00000000000000       -9.68518599704303     
   2.00000000000000       -7.66772268160040     
   2.00000000000000       -10.7696514577944     
   2.00000000000000       -8.24222052760465     
   2.00000000000000       -12.0408487476835     
   2.00000000000000       -8.97544468990544     
   2.00000000000000       -13.5654236858265     
   2.00000000000000       -9.89203734761221     
   2.00000000000000       -16.0125817171687     
   2.00000000000000       -11.2065982648690     
   2.00000000000000       -16.8576797571829     
   2.00000000000000       -11.9915504181872     
   2.00000000000000       -16.5566497615190     
   2.00000000000000       -12.9496432181375     
   2.00000000000000       -16.5566497615190     
   2.00000000000000       -12.8612995022783     
   2.00000000000000       -15.0000000000000     
   2.00000000000000       -13.0234208836606     
   2.00000000000000       -15.0000000000000     
   2.00000000000000       -13.6002201258986     
   2.00000000000000       -15.0000000000000     
   2.00000000000000       -13.7307687028602     
   2.00000000000000       -15.0000000000000     
   2.00000000000000       -13.4408122656244     
   2.00000000000000       -15.0000000000000     
   2.00000000000000       -13.4264834388468     
   2.00000000000000       -15.0000000000000     
   2.00000000000000       -13.5097618044148     
   2.00000000000000       -15.0000000000000     
   2.00000000000000       -13.6559825314281     
   2.00000000000000       -15.0000000000000     
   2.00000000000000       -13.8660676283480     
   2.00000000000000       -15.0000000000000     
   2.00000000000000       -14.1869116955861     
   2.00000000000000       -15.0000000000000     
   2.00000000000000       -15.0419174743883     
   2.00000000000000       -15.0000000000000     
   2.00000000000000       -14.4747437817127     
   2.00000000000000       -15.0000000000000     
   2.00000000000000       -14.1841342567830     
   2.00000000000000       -15.0000000000000     
   2.00000000000000       -14.0494877234299     
   2.00000000000000       -15.0000000000000     
   2.00000000000000       -13.9707624961601     
   2.00000000000000       -15.0000000000000     
   2.00000000000000       -13.9200297565382     
   2.00000000000000       -15.0000000000000     
   2.00000000000000       -13.8853926386766     
   2.00000000000000       -15.0000000000000     
   2.00000000000000       -13.8608603903946     
   2.00000000000000       -15.0000000000000     
   2.00000000000000       -13.8430973132142     
   2.00000000000000       -15.0000000000000     
   2.00000000000000       -13.8299017320594     
   2.00000000000000       -15.0000000000000     
   2.00000000000000       -13.8200178353579     
   2.00000000000000       -15.0000000000000     
   2.00000000000000       -13.8125319769079     
   2.00000000000000       -15.0000000000000     
   2.00000000000000       -13.8067842350023     
   2.00000000000000       -15.0000000000000     
   2.00000000000000       -13.8023276815350     
   2.00000000000000       -15.0000000000000     
   2.00000000000000       -13.7988740653669     
   2.00000000000000       -15.0000000000000     
   2.00000000000000       -13.7961775341110     
   2.00000000000000       -15.0000000000000     
   2.00000000000000       -13.7940529533203     
   2.00000000000000       -15.0000000000000     
   2.00000000000000       -13.7923986956469     
   2.00000000000000       -15.0000000000000     
   2.00000000000000       -13.7911100765713     
   2.00000000000000       -15.0000000000000     
   2.00000000000000       -13.7900802250354     
   2.00000000000000       -15.0000000000000     
   2.00000000000000       -13.7892775950251     
   2.00000000000000       -15.0000000000000     
   2.00000000000000       -13.7886109796917     
   2.00000000000000       -15.0000000000000     
   2.00000000000000       -13.7881194891635     
   2.00000000000000       -15.0000000000000     
   2.00000000000000       -13.7877022984474     
   2.00000000000000       -15.0000000000000     
   2.00000000000000       -13.7873806496009     
   2.00000000000000       -15.0000000000000     
   2.00000000000000       -13.7871521481972     
   2.00000000000000       -15.0000000000000     
   2.00000000000000       -13.7869508336907     
   2.00000000000000       -15.0000000000000     
   2.00000000000000       -13.7868067776211     
   2.00000000000000       -15.0000000000000     
   2.00000000000000       -13.7866423688678     
   2.00000000000000       -15.0000000000000     
   2.00000000000000       -13.7865497554128     
   2.00000000000000       -15.0000000000000     
   2.00000000000000       -13.7864878517880     
   2.00000000000000       -15.0000000000000     
   2.00000000000000       -13.7864095708364     
   2.00000000000000       -15.0000000000000     
   2.00000000000000       -13.7863521786887     
   2.00000000000000       -15.0000000000000     
   2.00000000000000       -13.7863114740706     
   2.00000000000000       -15.0000000000000     
   2.00000000000000       -13.7862668279004     
   2.00000000000000       -15.0000000000000     
   2.00000000000000       -13.7862536533647     
   2.00000000000000       -15.0000000000000     
   2.00000000000000       -13.7862530590948     
   2.00000000000000       -15.0000000000000     
   2.00000000000000       -13.7862549317002     
   2.00000000000000       -15.0000000000000     
   2.00000000000000       -13.7862075953329     
   2.00000000000000       -15.0000000000000     
