   2.00000000000000       -7.83775612808047     
   2.00000000000000       -6.68314454298171     
   2.00000000000000       -7.40565062020843     
   2.00000000000000       -6.29171936697643     
   2.00000000000000       -6.98950719567266     
   2.00000000000000       -5.89698317341748     
   2.00000000000000       -6.60056750689802     
   2.00000000000000       -5.50205138412700     
   2.00000000000000       -6.24102905440764     
   2.00000000000000       -5.11744050302801     
   2.00000000000000       -5.91607259412653     
   2.00000000000000       -4.76385781520691     
   2.00000000000000       -5.63491106444300     
   2.00000000000000       -4.47795934813263     
   2.00000000000000       -5.34118127706767     
   2.00000000000000       -4.34225300193776     
   2.00000000000000       -4.94632272320864     
   2.00000000000000       -5.03874585424632     
   2.00000000000000       -4.58326848802745     
   2.00000000000000       -3.78131030188132     
   2.00000000000000       -4.23138175171029     
   2.00000000000000       -3.26254746968263     
   2.00000000000000       -3.91938030073902     
   2.00000000000000       -2.98407234213226     
   2.00000000000000       -3.64792022275629     
   2.00000000000000       -2.86957232214672     
   2.00000000000000       -3.42693528777682     
   2.00000000000000       -2.90618707073839     
   2.00000000000000       -3.19360687112937     
   2.00000000000000       -3.10699920771118     
   2.00000000000000       -2.97057069556775     
   2.00000000000000       -3.53775859765281     
   2.00000000000000       -2.78524159734857     
   2.00000000000000       -5.80649759985026     
   2.00000000000000       -2.62990733744731     
   2.00000000000000       -4.04093966933055     
   2.00000000000000       -2.50856121083709     
   2.00000000000000       -4.09624120681351     
   2.00000000000000       -2.41761058888071     
   2.00000000000000       -4.33769858885645     
   2.00000000000000       -2.35678582466604     
   2.00000000000000       -4.71655748426241     
   2.00000000000000       -2.32795863703994     
   2.00000000000000       -5.32020150891373     
   2.00000000000000       -2.32998433956898     
   2.00000000000000       -5.99947473068660     
   2.00000000000000       -2.34182135950719     
   2.00000000000000       -5.61956859763472     
   2.00000000000000       -2.41688459631572     
   2.00000000000000       -5.69179996767602     
   2.00000000000000       -2.33342429600668     
   2.00000000000000       -5.90285940035647     
   2.00000000000000       -2.31201581520161     
   2.00000000000000       -5.85656407083307     
   2.00000000000000       -2.70224790342294     
   2.00000000000000       -5.83317601317314     
   2.00000000000000       -2.51800446675614     
   2.00000000000000       -5.84382889642407     
   2.00000000000000       -2.64570977457090     
   2.00000000000000       -5.85049616258636     
   2.00000000000000       -2.64057363947190     
   2.00000000000000       -5.85811556662125     
   2.00000000000000       -2.58806820826907     
   2.00000000000000       -5.86444330240154     
   2.00000000000000       -2.57840126251964     
   2.00000000000000       -5.86954745480278     
   2.00000000000000       -2.57072609931723     
   2.00000000000000       -5.87379330269762     
   2.00000000000000       -2.56462922129384     
   2.00000000000000       -5.87731732011742     
   2.00000000000000       -2.55978697017898     
   2.00000000000000       -5.88022865410445     
   2.00000000000000       -2.55594141869591     
   2.00000000000000       -5.88262096799791     
   2.00000000000000       -2.55288743758612     
   2.00000000000000       -5.88457638509745     
   2.00000000000000       -2.55046204867377     
   2.00000000000000       -5.88616694023547     
   2.00000000000000       -2.54853582073892     
   2.00000000000000       -5.88745521556669     
   2.00000000000000       -2.54700598152973     
   2.00000000000000       -5.88849488421367     
   2.00000000000000       -2.54579092963822     
   2.00000000000000       -5.88933138672741     
   2.00000000000000       -2.54482587174793     
   2.00000000000000       -5.89000274863041     
   2.00000000000000       -2.54405935809460     
   2.00000000000000       -5.89054047580427     
   2.00000000000000       -2.54345053234873     
   2.00000000000000       -5.89097045765903     
   2.00000000000000       -2.54296694883588     
   2.00000000000000       -5.89131382537236     
   2.00000000000000       -2.54258284000372     
   2.00000000000000       -5.89158773247039     
   2.00000000000000       -2.54227774114569     
   2.00000000000000       -5.89180604256910     
   2.00000000000000       -2.54203539860378     
   2.00000000000000       -5.89197992097648     
   2.00000000000000       -2.54184290293449     
   2.00000000000000       -5.89211833459506     
   2.00000000000000       -2.54169000062509     
   2.00000000000000       -5.89222846861532     
   2.00000000000000       -2.54156854754227     
   2.00000000000000       -5.89231607029626     
   2.00000000000000       -2.54147207490117     
   2.00000000000000       -5.89238573011350     
   2.00000000000000       -2.54139544457203     
   2.00000000000000       -5.89244111048548     
   2.00000000000000       -2.54133414793010     
   2.00000000000000       -5.89248346637072     
   2.00000000000000       -2.54128087263679     
   2.00000000000000       -5.89249927050198     
   2.00000000000000       -2.54123855553586     
   2.00000000000000       -5.89251183854726     
   2.00000000000000       -2.54120494247908     
   2.00000000000000       -5.89252183079099     
   2.00000000000000       -2.54117824306475     
   2.00000000000000       -5.89252977364925     
   2.00000000000000       -2.54115703520952     
   2.00000000000000       -5.89253608651483     
   2.00000000000000       -2.54114018936489     
   2.00000000000000       -5.89254110328243     
   2.00000000000000       -2.54112680833176     
   2.00000000000000       -5.89254508969581     
   2.00000000000000       -2.54111617946049     
   2.00000000000000       -5.89254825710640     
   2.00000000000000       -2.54110773668651     
   2.00000000000000       -5.89255077368057     
   2.00000000000000       -2.54110103037713     
   2.00000000000000       -5.89255277299789     
   2.00000000000000       -2.54109570338158     
   2.00000000000000       -5.89255436136144     
   2.00000000000000       -2.54109147200828     
   2.00000000000000       -5.89255562317984     
   2.00000000000000       -2.54108811091514     
   2.00000000000000       -5.89255662554981     
   2.00000000000000       -2.54108544110781     
   2.00000000000000       -5.89255742184625     
   2.00000000000000       -2.54108332040691     
   2.00000000000000       -5.89255805439010     
   2.00000000000000       -2.54108163587584     
   2.00000000000000       -5.89255855685767     
   2.00000000000000       -2.54108029780621     
   2.00000000000000       -5.89255895599812     
   2.00000000000000       -2.54107923494034     
   2.00000000000000       -5.89255927305462     
   2.00000000000000       -2.54107839067634     
   2.00000000000000       -5.89255952491259     
   2.00000000000000       -2.54107772005386     
   2.00000000000000       -5.89255972497501     
   2.00000000000000       -2.54107718735966     
   2.00000000000000       -5.89255988390118     
   2.00000000000000       -2.54107676422570     
   2.00000000000000       -5.89256001012446     
   2.00000000000000       -2.54107642811851     
   2.00000000000000       -5.89256011039813     
   2.00000000000000       -2.54107616113912     
   2.00000000000000       -5.89256019004953     
   2.00000000000000       -2.54107594906987     
   2.00000000000000       -5.89256025329063     
   2.00000000000000       -2.54107578061730     
   2.00000000000000       -5.89256030356632     
