   2.00000000000000       -8.17739303641156     
   2.00000000000000       -9.09238525898151     
   2.00000000000000       -7.77574315758149     
   2.00000000000000       -8.69453355891564     
   2.00000000000000       -7.37951115135315     
   2.00000000000000       -8.26477985209329     
   2.00000000000000       -6.96242397984102     
   2.00000000000000       -7.80611786448956     
   2.00000000000000       -6.54075023496994     
   2.00000000000000       -7.31890209058537     
   2.00000000000000       -6.14106065716069     
   2.00000000000000       -6.80682085187360     
   2.00000000000000       -5.78587331527641     
   2.00000000000000       -6.28682667192182     
   2.00000000000000       -5.48893793153842     
   2.00000000000000       -5.78553012681439     
   2.00000000000000       -5.22723561802125     
   2.00000000000000       -5.32912609892495     
   2.00000000000000       -4.96428712764236     
   2.00000000000000       -4.94015881468987     
   2.00000000000000       -4.58985934381838     
   2.00000000000000       -4.64593469977375     
   2.00000000000000       -4.23757703399958     
   2.00000000000000       -4.51348916318081     
   2.00000000000000       -3.92419729549013     
   2.00000000000000       -5.04809719108228     
   2.00000000000000       -3.67690000504862     
   2.00000000000000       -4.07664457606138     
   2.00000000000000       -3.54227292139890     
   2.00000000000000       -3.60898932069531     
   2.00000000000000       -3.51911087584884     
   2.00000000000000       -3.43642611261442     
   2.00000000000000       -3.76986478528014     
   2.00000000000000       -3.52103669346802     
   2.00000000000000       -4.02189573303998     
   2.00000000000000       -4.13620030262048     
   2.00000000000000       -3.64055338976770     
   2.00000000000000       -3.88948055240179     
   2.00000000000000       -3.59922288587934     
   2.00000000000000       -3.75301478921329     
   2.00000000000000       -3.70437408952145     
   2.00000000000000       -3.93152508648020     
   2.00000000000000       -3.90879981492528     
   2.00000000000000       -4.29605825372379     
   2.00000000000000       -4.19038730071928     
   2.00000000000000       -4.80232847995069     
   2.00000000000000       -4.53725940730107     
   2.00000000000000       -5.42639868139940     
   2.00000000000000       -4.94174918941425     
   2.00000000000000       -6.16268308865675     
   2.00000000000000       -5.39701692205167     
   2.00000000000000       -7.03130567918420     
   2.00000000000000       -5.89668803956358     
   2.00000000000000       -8.12104105147905     
   2.00000000000000       -6.43392112301814     
   2.00000000000000       -9.88498424171665     
   2.00000000000000       -7.00229168655489     
   2.00000000000000       -9.81558479374540     
   2.00000000000000       -7.59900223619486     
   2.00000000000000       -10.5812655212008     
   2.00000000000000       -8.22850820379244     
   2.00000000000000       -11.5760442523807     
   2.00000000000000       -8.90356806442757     
   2.00000000000000       -12.7582063011688     
   2.00000000000000       -9.64474200961391     
   2.00000000000000       -14.1366940130292     
   2.00000000000000       -10.4849420014050     
   2.00000000000000       -15.8162870720247     
   2.00000000000000       -11.4963754066540     
   2.00000000000000       -16.8576797571829     
   2.00000000000000       -13.0326003520496     
   2.00000000000000       -15.0000000000000     
   2.00000000000000       -13.8821307093277     
   2.00000000000000       -15.0000000000000     
   2.00000000000000       -14.3057996804855     
   2.00000000000000       -15.0000000000000     
   2.00000000000000       -14.9188705220637     
   2.00000000000000       -15.0000000000000     
   2.00000000000000       -14.9156318359249     
   2.00000000000000       -15.0000000000000     
   2.00000000000000       -15.1011028289129     
   2.00000000000000       -15.0000000000000     
   2.00000000000000       -16.4215227742166     
   2.00000000000000       -15.0000000000000     
