   2.00000000000000       -7.23569492180846     
   2.00000000000000       -8.23246818128539     
   2.00000000000000       -6.86697029644617     
   2.00000000000000       -7.79054926956575     
   2.00000000000000       -6.53064146795503     
   2.00000000000000       -7.36356547869937     
   2.00000000000000       -6.23787068758072     
   2.00000000000000       -6.96196381251432     
   2.00000000000000       -6.00048771187003     
   2.00000000000000       -6.60196179352481     
   2.00000000000000       -5.82483319914279     
   2.00000000000000       -6.31348802223600     
   2.00000000000000       -5.66450675343090     
   2.00000000000000       -6.17004499966666     
   2.00000000000000       -5.53190225557359     
   2.00000000000000       -6.67362956100790     
   2.00000000000000       -5.47226429390754     
   2.00000000000000       -5.69243213227258     
   2.00000000000000       -5.50551885793021     
   2.00000000000000       -5.19993386804137     
   2.00000000000000       -5.49263266261013     
   2.00000000000000       -5.01600014236154     
   2.00000000000000       -5.27918607597795     
   2.00000000000000       -5.13820480297760     
   2.00000000000000       -5.27376590844012     
   2.00000000000000       -6.35480178629568     
   2.00000000000000       -5.44473534402904     
   2.00000000000000       -5.18079433155042     
   2.00000000000000       -5.79933461900701     
   2.00000000000000       -5.18543994026088     
   2.00000000000000       -6.39451469855767     
   2.00000000000000       -5.50676086351055     
   2.00000000000000       -7.53394050543687     
   2.00000000000000       -6.12171363642946     
   2.00000000000000       -7.67605973777686     
   2.00000000000000       -7.09787279785183     
   2.00000000000000       -8.13769165802073     
   2.00000000000000       -9.20597825087151     
   2.00000000000000       -8.92110267403757     
   2.00000000000000       -9.27932575115873     
   2.00000000000000       -9.91275130150491     
   2.00000000000000       -10.3427864330136     
   2.00000000000000       -11.0660788524838     
   2.00000000000000       -11.6954978415588     
   2.00000000000000       -12.3587343079677     
   2.00000000000000       -13.2126506924618     
   2.00000000000000       -13.7833692737598     
   2.00000000000000       -14.8533583834003     
   2.00000000000000       -15.2970738464978     
   2.00000000000000       -15.6815884981273     
   2.00000000000000       -15.7785702745957     
   2.00000000000000       -16.8576797571829     
   2.00000000000000       -15.7316494525731     
   2.00000000000000       -16.0795285067993     
   2.00000000000000       -16.0286572884862     
   2.00000000000000       -15.7437364048761     
   2.00000000000000       -16.2956525571401     
   2.00000000000000       -16.0125817171687     
   2.00000000000000       -16.2911020902349     
   2.00000000000000       -15.9034372477436     
   2.00000000000000       -16.4822626950619     
   2.00000000000000       -16.0795285067993     
   2.00000000000000       -16.5708635231010     
   2.00000000000000       -16.0125817171687     
   2.00000000000000       -16.5453827507935     
   2.00000000000000       -16.0795285067993     
   2.00000000000000       -16.9915485463355     
   2.00000000000000       -16.5566497615190     
   2.00000000000000       -17.0625848350434     
   2.00000000000000       -16.5566497615190     
   2.00000000000000       -32.1968455744880     
   2.00000000000000       -15.0000000000000     
   2.00000000000000       -32.3217843110963     
   2.00000000000000       -15.0000000000000     
   2.00000000000000       -32.4309287805214     
   2.00000000000000       -16.8576797571829     
   2.00000000000000       -32.5356641310414     
   2.00000000000000       -16.8576797571829     
   2.00000000000000       -32.6476378904853     
   2.00000000000000       -15.0000000000000     
   2.00000000000000       -32.7811767988555     
   2.00000000000000       -15.0000000000000     
   2.00000000000000       -32.9003632065747     
   2.00000000000000       -15.0000000000000     
