   2.00000000000000       -7.86363614722003     
   2.00000000000000       -9.12834633840515     
   2.00000000000000       -7.48904628384574     
   2.00000000000000       -8.66401229608071     
   2.00000000000000       -7.13436148101410     
   2.00000000000000       -8.21512374201807     
   2.00000000000000       -6.78106424042755     
   2.00000000000000       -7.78105053177883     
   2.00000000000000       -6.39618939364025     
   2.00000000000000       -7.36643511111602     
   2.00000000000000       -5.99423414324580     
   2.00000000000000       -6.96933630372311     
   2.00000000000000       -5.59378072540692     
   2.00000000000000       -6.56731886569023     
   2.00000000000000       -5.21193119124419     
   2.00000000000000       -6.12506331106260     
   2.00000000000000       -4.85464666495328     
   2.00000000000000       -5.63725379077434     
   2.00000000000000       -4.53307519677152     
   2.00000000000000       -5.13665611656753     
   2.00000000000000       -4.23742717267133     
   2.00000000000000       -4.65263858326796     
   2.00000000000000       -3.94479018821753     
   2.00000000000000       -4.19779591127667     
   2.00000000000000       -3.69670378869921     
   2.00000000000000       -3.77958334180661     
   2.00000000000000       -3.34617370035883     
   2.00000000000000       -3.41020997722817     
   2.00000000000000       -3.05038079309041     
   2.00000000000000       -3.11396942528280     
   2.00000000000000       -2.86627975183563     
   2.00000000000000       -2.94576190404740     
   2.00000000000000       -2.73097609935613     
   2.00000000000000       -3.15439586937846     
   2.00000000000000       -2.61688210132936     
   2.00000000000000       -2.65383486659787     
   2.00000000000000       -2.37637494915629     
   2.00000000000000       -2.01208705040031     
   2.00000000000000       -1.95803509026466     
   2.00000000000000       -1.64327728006855     
   2.00000000000000       -1.68656376925518     
   2.00000000000000       -1.40326128572853     
   2.00000000000000       -1.49713763014528     
   2.00000000000000       -1.25251515790821     
   2.00000000000000       -1.36303563476417     
   2.00000000000000       -1.17208237574629     
   2.00000000000000       -1.26941092562414     
   2.00000000000000       -1.15201398638732     
   2.00000000000000       -1.20592580098188     
   2.00000000000000       -1.19029132698142     
   2.00000000000000       -1.16460711598333     
   2.00000000000000       -1.29773879818080     
   2.00000000000000       -1.11504095142300     
   2.00000000000000       -1.52251384525264     
   2.00000000000000       -1.05357817642014     
   2.00000000000000       -2.23903201979497     
   2.00000000000000       -1.00103034876580     
   2.00000000000000       -1.69389426194144     
   2.00000000000000      -0.956759334451388     
   2.00000000000000       -1.33512429049908     
   2.00000000000000      -0.919977182600635     
   2.00000000000000       -1.14914598406431     
   2.00000000000000      -0.889835504061820     
   2.00000000000000       -1.02889345921645     
   2.00000000000000      -0.865538970963029     
   2.00000000000000      -0.944354974163808     
   2.00000000000000      -0.846485054142379     
   2.00000000000000      -0.882813509707405     
   2.00000000000000      -0.832359078002251     
   2.00000000000000      -0.838003558967986     
   2.00000000000000      -0.823075401187447     
   2.00000000000000      -0.806557661656040     
   2.00000000000000      -0.818612052089542     
   2.00000000000000      -0.786388598368590     
   2.00000000000000      -0.818848055157512     
   2.00000000000000      -0.775897656399587     
   2.00000000000000      -0.823443056363413     
   2.00000000000000      -0.773593489456576     
   2.00000000000000      -0.831789596457309     
   2.00000000000000      -0.777941529733195     
   2.00000000000000      -0.843056959043311     
   2.00000000000000      -0.787367973241297     
   2.00000000000000      -0.856295282321738     
   2.00000000000000      -0.800341212238791     
