   2.00000000000000       -8.30897390963373     
   2.00000000000000       -8.79237329701638     
   2.00000000000000       -7.87828922297607     
   2.00000000000000       -8.39478766357919     
   2.00000000000000       -7.44369271903902     
   2.00000000000000       -7.98887086104221     
   2.00000000000000       -7.00497013092647     
   2.00000000000000       -7.57312827151746     
   2.00000000000000       -6.57954216128663     
   2.00000000000000       -7.14327662564273     
   2.00000000000000       -6.19123723068747     
   2.00000000000000       -6.69716337503074     
   2.00000000000000       -5.85868956373688     
   2.00000000000000       -6.24434475023826     
   2.00000000000000       -5.57773133794993     
   2.00000000000000       -5.81019955406082     
   2.00000000000000       -5.22428054707083     
   2.00000000000000       -5.43443567264798     
   2.00000000000000       -4.88599179443972     
   2.00000000000000       -5.17764753153899     
   2.00000000000000       -4.58795760834831     
   2.00000000000000       -5.20462306589509     
   2.00000000000000       -4.35812390240786     
   2.00000000000000       -5.09899739919961     
   2.00000000000000       -4.23047901460285     
   2.00000000000000       -4.35586948953341     
   2.00000000000000       -4.25525945629835     
   2.00000000000000       -4.06826657176420     
   2.00000000000000       -4.61514556830522     
   2.00000000000000       -4.05017845319852     
   2.00000000000000       -4.31827115332179     
   2.00000000000000       -4.44525472883601     
   2.00000000000000       -4.16012089736559     
   2.00000000000000       -4.50575912912257     
   2.00000000000000       -4.22926652311738     
   2.00000000000000       -4.24564883963068     
   2.00000000000000       -4.45641528864193     
   2.00000000000000       -4.39914298756908     
   2.00000000000000       -4.82639430071862     
   2.00000000000000       -4.79816854261203     
   2.00000000000000       -5.34218629782222     
   2.00000000000000       -5.41568050315801     
   2.00000000000000       -6.08152954028247     
   2.00000000000000       -6.26837442361339     
   2.00000000000000       -7.75581308315125     
   2.00000000000000       -7.60768897617233     
   2.00000000000000       -7.15774249994645     
   2.00000000000000       -8.10764784255949     
   2.00000000000000       -7.54426001939160     
   2.00000000000000       -8.62769015342444     
   2.00000000000000       -8.12527011997120     
   2.00000000000000       -9.42946948673934     
   2.00000000000000       -8.83809675075010     
   2.00000000000000       -10.3947280126049     
   2.00000000000000       -9.66709587941534     
   2.00000000000000       -11.5013536327414     
   2.00000000000000       -10.6098490752936     
   2.00000000000000       -12.7467871563807     
   2.00000000000000       -11.6698027129042     
   2.00000000000000       -14.1260909919962     
   2.00000000000000       -12.8546035915635     
   2.00000000000000       -15.5566497615190     
   2.00000000000000       -14.1777977542443     
   2.00000000000000       -16.0795285067993     
   2.00000000000000       -15.6544676915579     
   2.00000000000000       -16.0795285067993     
   2.00000000000000       -16.8592910237814     
   2.00000000000000       -16.8576797571829     
   2.00000000000000       -17.0625848350434     
   2.00000000000000       -16.8576797571829     
   2.00000000000000       -32.1968455744880     
   2.00000000000000       -15.0000000000000     
   2.00000000000000       -32.3217843110963     
   2.00000000000000       -15.0000000000000     
   2.00000000000000       -32.4309287805214     
   2.00000000000000       -15.0000000000000     
   2.00000000000000       -32.5356641310414     
   2.00000000000000       -15.0000000000000     
   2.00000000000000       -32.6476378904853     
   2.00000000000000       -15.0000000000000     
   2.00000000000000       -32.7811767988555     
   2.00000000000000       -15.0000000000000     
   2.00000000000000       -32.9003632065747     
   2.00000000000000       -15.0000000000000     
