   2.00000000000000       -8.21219146357985     
   2.00000000000000       -8.62645927446345     
   2.00000000000000       -7.82902355980475     
   2.00000000000000       -8.22414573818562     
   2.00000000000000       -7.41935760605838     
   2.00000000000000       -7.82477561924630     
   2.00000000000000       -7.00141593677021     
   2.00000000000000       -7.42931210114737     
   2.00000000000000       -6.58836232218555     
   2.00000000000000       -7.03558394938330     
   2.00000000000000       -6.21619058006935     
   2.00000000000000       -6.64122465711874     
   2.00000000000000       -5.89011565569180     
   2.00000000000000       -6.25211521531892     
   2.00000000000000       -5.54377019170461     
   2.00000000000000       -5.89199791973151     
   2.00000000000000       -5.21419371725715     
   2.00000000000000       -5.61473007875425     
   2.00000000000000       -4.92274482326426     
   2.00000000000000       -5.56541687530040     
   2.00000000000000       -4.70384949374837     
   2.00000000000000       -5.66338939621525     
   2.00000000000000       -4.58546984437233     
   2.00000000000000       -4.76071338942744     
   2.00000000000000       -4.63095985901570     
   2.00000000000000       -4.42175081201781     
   2.00000000000000       -5.00698658755349     
   2.00000000000000       -4.36234057281433     
   2.00000000000000       -4.58805411998164     
   2.00000000000000       -4.69245174172214     
   2.00000000000000       -4.48260732371737     
   2.00000000000000       -4.85808404956467     
   2.00000000000000       -4.59707237184591     
   2.00000000000000       -4.53591102764339     
   2.00000000000000       -4.88724348092278     
   2.00000000000000       -4.67501802472445     
   2.00000000000000       -5.36138192743146     
   2.00000000000000       -5.08440998788824     
   2.00000000000000       -6.10252972954880     
   2.00000000000000       -5.75205823873996     
   2.00000000000000       -7.04307695281922     
   2.00000000000000       -6.74891691854193     
   2.00000000000000       -6.99179944175965     
   2.00000000000000       -8.24351782822576     
   2.00000000000000       -7.43770382901979     
   2.00000000000000       -8.32314015143291     
   2.00000000000000       -8.06581526303193     
   2.00000000000000       -9.07845806069906     
   2.00000000000000       -8.82633300730040     
   2.00000000000000       -10.0366168710759     
   2.00000000000000       -9.70528387642249     
   2.00000000000000       -11.1450510974648     
   2.00000000000000       -10.7008048347907     
   2.00000000000000       -12.3949224918029     
   2.00000000000000       -11.8164189497549     
   2.00000000000000       -13.7843280547960     
   2.00000000000000       -13.0584716729176     
   2.00000000000000       -15.1674836771544     
   2.00000000000000       -14.4344684978663     
   2.00000000000000       -16.1587097528469     
   2.00000000000000       -15.9519452432809     
   2.00000000000000       -16.0795285067993     
   2.00000000000000       -16.9241493738575     
   2.00000000000000       -16.0795285067993     
   2.00000000000000       -17.5167963574377     
   2.00000000000000       -16.0795285067993     
   2.00000000000000       -16.9782025549614     
   2.00000000000000       -16.8576797571829     
   2.00000000000000       -17.0625848350434     
   2.00000000000000       -16.8576797571829     
   2.00000000000000       -32.1968455744880     
   2.00000000000000       -15.0000000000000     
   2.00000000000000       -32.3217843110963     
   2.00000000000000       -15.0000000000000     
   2.00000000000000       -32.4309287805214     
   2.00000000000000       -15.0000000000000     
   2.00000000000000       -32.5356641310414     
   2.00000000000000       -15.0000000000000     
   2.00000000000000       -32.6476378904853     
   2.00000000000000       -15.0000000000000     
   2.00000000000000       -32.7811767988555     
   2.00000000000000       -15.0000000000000     
   2.00000000000000       -32.9003632065747     
   2.00000000000000       -15.0000000000000     
