   2.00000000000000       -8.02205294505315     
   2.00000000000000       -9.61253284032944     
   2.00000000000000       -7.66097413408230     
   2.00000000000000       -9.22328471854165     
   2.00000000000000       -7.30004511710374     
   2.00000000000000       -8.73857797078010     
   2.00000000000000       -6.90991859246818     
   2.00000000000000       -8.19633862885347     
   2.00000000000000       -6.49837416319671     
   2.00000000000000       -7.61740073809973     
   2.00000000000000       -6.09148664280498     
   2.00000000000000       -7.02025575123827     
   2.00000000000000       -5.71279105118873     
   2.00000000000000       -6.43414671925083     
   2.00000000000000       -5.37688718104866     
   2.00000000000000       -5.88380114266014     
   2.00000000000000       -5.07624692269531     
   2.00000000000000       -5.37970349308807     
   2.00000000000000       -4.78162056837508     
   2.00000000000000       -4.92066999252440     
   2.00000000000000       -4.48647825366553     
   2.00000000000000       -4.50291039330992     
   2.00000000000000       -4.24681205710020     
   2.00000000000000       -4.13143012425112     
   2.00000000000000       -4.11345310995683     
   2.00000000000000       -3.82804186750883     
   2.00000000000000       -3.74504698286437     
   2.00000000000000       -3.64432208171109     
   2.00000000000000       -3.34088605008558     
   2.00000000000000       -3.76801862025367     
   2.00000000000000       -2.96392432044474     
   2.00000000000000       -3.55276959078684     
   2.00000000000000       -2.66753047079161     
   2.00000000000000       -2.90372646424687     
   2.00000000000000       -2.44468538549746     
   2.00000000000000       -2.63934974761971     
   2.00000000000000       -2.32094010939596     
   2.00000000000000       -2.59016222465018     
   2.00000000000000       -2.29704547965882     
   2.00000000000000       -2.75944248828839     
   2.00000000000000       -2.36120831752249     
   2.00000000000000       -3.35706333029370     
   2.00000000000000       -2.50591050729624     
   2.00000000000000       -3.33234908593136     
   2.00000000000000       -2.73357125258723     
   2.00000000000000       -3.15373103235821     
   2.00000000000000       -3.07412499438449     
   2.00000000000000       -3.26468773604318     
   2.00000000000000       -3.71068732974204     
   2.00000000000000       -3.50377728755403     
   2.00000000000000       -3.82710504046209     
   2.00000000000000       -3.82329461177286     
   2.00000000000000       -3.55850021633648     
   2.00000000000000       -4.20198218545871     
   2.00000000000000       -3.54949779681447     
   2.00000000000000       -4.62953222334250     
   2.00000000000000       -3.63543340250849     
   2.00000000000000       -5.10026332052135     
   2.00000000000000       -3.78207879799266     
   2.00000000000000       -5.61077178297059     
   2.00000000000000       -3.98071244087534     
   2.00000000000000       -6.15992512560216     
   2.00000000000000       -4.23515009872692     
   2.00000000000000       -6.75016969993442     
   2.00000000000000       -4.56335583423514     
   2.00000000000000       -7.38979893268800     
   2.00000000000000       -5.01324086109124     
   2.00000000000000       -8.09763281202975     
   2.00000000000000       -5.72559631296201     
   2.00000000000000       -8.91832349042052     
   2.00000000000000       -6.32085866872686     
   2.00000000000000       -10.0163261691428     
   2.00000000000000       -5.58303600217217     
   2.00000000000000       -10.9896510545613     
   2.00000000000000       -5.21402677199243     
   2.00000000000000       -11.6157972268466     
   2.00000000000000       -5.02047148999140     
   2.00000000000000       -11.7256347057143     
   2.00000000000000       -4.91503905575328     
   2.00000000000000       -11.8725902502566     
   2.00000000000000       -4.86131039401409     
   2.00000000000000       -12.4188369078238     
   2.00000000000000       -4.83988478395311     
   2.00000000000000       -13.9545897701910     
