   2.00000000000000       -7.94509731566858     
   2.00000000000000       -9.69345256751572     
   2.00000000000000       -7.58200430865415     
   2.00000000000000       -9.31417074890333     
   2.00000000000000       -7.23982343387456     
   2.00000000000000       -8.81996297662653     
   2.00000000000000       -6.86455101814777     
   2.00000000000000       -8.25990072103621     
   2.00000000000000       -6.46432230443772     
   2.00000000000000       -7.66239945954283     
   2.00000000000000       -6.05532400047045     
   2.00000000000000       -7.05052333262230     
   2.00000000000000       -5.66007003372719     
   2.00000000000000       -6.45523546688059     
   2.00000000000000       -5.29460496065626     
   2.00000000000000       -5.89989010894640     
   2.00000000000000       -4.96894313049428     
   2.00000000000000       -5.39241412926946     
   2.00000000000000       -4.62835502056272     
   2.00000000000000       -4.92907140655291     
   2.00000000000000       -4.29786691554022     
   2.00000000000000       -4.50382205502627     
   2.00000000000000       -3.99051566937870     
   2.00000000000000       -4.11939898511507     
   2.00000000000000       -3.64901461265493     
   2.00000000000000       -3.79368230579025     
   2.00000000000000       -3.30098850879933     
   2.00000000000000       -3.56662045936785     
   2.00000000000000       -2.96429274067177     
   2.00000000000000       -3.54917193618746     
   2.00000000000000       -2.64685429148521     
   2.00000000000000       -3.99125780734849     
   2.00000000000000       -2.35928029893852     
   2.00000000000000       -2.94104995695032     
   2.00000000000000       -2.10774919902787     
   2.00000000000000       -2.59425220555049     
   2.00000000000000       -1.90754350600826     
   2.00000000000000       -2.47968350761447     
   2.00000000000000       -1.75453684217686     
   2.00000000000000       -2.56596164042852     
   2.00000000000000       -1.64373956474775     
   2.00000000000000       -2.92880295908348     
   2.00000000000000       -1.56736447573321     
   2.00000000000000       -3.67911045060415     
   2.00000000000000       -1.50882105461519     
   2.00000000000000       -3.08821507320610     
   2.00000000000000       -1.46797282021826     
   2.00000000000000       -3.10644217612075     
   2.00000000000000       -1.43215146995776     
   2.00000000000000       -3.28607627686394     
   2.00000000000000       -1.39381409477868     
   2.00000000000000       -3.55865962732292     
   2.00000000000000       -1.35322515111295     
   2.00000000000000       -3.90171488935820     
   2.00000000000000       -1.31731790591079     
   2.00000000000000       -4.31455911975327     
   2.00000000000000       -1.29305221440775     
   2.00000000000000       -4.81845684393508     
   2.00000000000000       -1.27950078626098     
   2.00000000000000       -5.50249555397968     
   2.00000000000000       -1.26457356530997     
   2.00000000000000       -6.59059527627112     
   2.00000000000000       -1.23137991861786     
   2.00000000000000       -6.10106894378296     
   2.00000000000000       -1.17278092180571     
   2.00000000000000       -6.20390871679407     
   2.00000000000000       -1.09768004604947     
   2.00000000000000       -6.40307854802648     
   2.00000000000000       -1.02078424516056     
   2.00000000000000       -6.63120478551137     
   2.00000000000000      -0.951861505392770     
   2.00000000000000       -6.85284544851733     
   2.00000000000000      -0.894187429798890     
   2.00000000000000       -7.03208320857630     
   2.00000000000000      -0.847386198222599     
   2.00000000000000       -7.13889664485127     
   2.00000000000000      -0.809876096956827     
   2.00000000000000       -7.17284471634650     
   2.00000000000000      -0.779971582256189     
   2.00000000000000       -7.16063895467091     
   2.00000000000000      -0.756195505836409     
   2.00000000000000       -7.12952089446147     
   2.00000000000000      -0.737320784083910     
   2.00000000000000       -7.09499184324847     
   2.00000000000000      -0.722349023678685     
   2.00000000000000       -7.06344160315940     
   2.00000000000000      -0.710477255292596     
   2.00000000000000       -7.03673838805825     
   2.00000000000000      -0.701064252802057     
   2.00000000000000       -7.01491440728240     
   2.00000000000000      -0.693600126930911     
   2.00000000000000       -6.99737848209689     
   2.00000000000000      -0.687680396312319     
   2.00000000000000       -6.98340577992582     
   2.00000000000000      -0.682984586341011     
   2.00000000000000       -6.97231726757706     
   2.00000000000000      -0.679258904150958     
   2.00000000000000       -6.96353341869959     
   2.00000000000000      -0.676302373986077     
   2.00000000000000       -6.95657958582496     
   2.00000000000000      -0.673955815504338     
   2.00000000000000       -6.95107466969386     
   2.00000000000000      -0.672093113837829     
   2.00000000000000       -6.94671565753642     
   2.00000000000000      -0.670614316997270     
   2.00000000000000       -6.94326273407081     
   2.00000000000000      -0.669440181508423     
   2.00000000000000       -6.94052646344789     
   2.00000000000000      -0.668507862287242     
   2.00000000000000       -6.93835727858254     
   2.00000000000000      -0.667767505414818     
   2.00000000000000       -6.93663706379979     
   2.00000000000000      -0.667179553216830     
   2.00000000000000       -6.93527248843563     
   2.00000000000000      -0.666712611486623     
   2.00000000000000       -6.93418975552777     
   2.00000000000000      -0.666341760632568     
   2.00000000000000       -6.93333047278319     
   2.00000000000000      -0.666047217655390     
   2.00000000000000       -6.93264840817546     
   2.00000000000000      -0.665813275593098     
   2.00000000000000       -6.93210693630408     
   2.00000000000000      -0.665627462566361     
   2.00000000000000       -6.93167702771416     
   2.00000000000000      -0.665479874734587     
   2.00000000000000       -6.93133566512976     
   2.00000000000000      -0.665362647053476     
   2.00000000000000       -6.93106459072892     
   2.00000000000000      -0.665269533272421     
   2.00000000000000       -6.93084931942395     
   2.00000000000000      -0.665195572562867     
   2.00000000000000       -6.93067835524173     
   2.00000000000000      -0.665136824869746     
   2.00000000000000       -6.93054257379181     
   2.00000000000000      -0.665090160794010     
   2.00000000000000       -6.93043473159726     
   2.00000000000000      -0.665053094753914     
   2.00000000000000       -6.93034907748477     
   2.00000000000000      -0.665023652500691     
   2.00000000000000       -6.93028104529051     
   2.00000000000000      -0.665000265907915     
   2.00000000000000       -6.93022700844123     
   2.00000000000000      -0.664981689415987     
   2.00000000000000       -6.93018408761789     
   2.00000000000000      -0.664966933671678     
   2.00000000000000       -6.93014999558918     
   2.00000000000000      -0.664955212822718     
   2.00000000000000       -6.93012291620380     
   2.00000000000000      -0.664945902656396     
   2.00000000000000       -6.93010140668288     
   2.00000000000000      -0.664938507350476     
   2.00000000000000       -6.93008432145467     
   2.00000000000000      -0.664932633064077     
   2.00000000000000       -6.93007075042837     
   2.00000000000000      -0.664927966961312     
   2.00000000000000       -6.93005997073761     
   2.00000000000000      -0.664924260549683     
   2.00000000000000       -6.93005140812745     
   2.00000000000000      -0.664921316445768     
   2.00000000000000       -6.93004460658136     
   2.00000000000000      -0.664918977863112     
   2.00000000000000       -6.93003920412425     
