   2.00000000000000       -8.01451581157423     
   2.00000000000000       -8.51360656541879     
   2.00000000000000       -7.67105698270498     
   2.00000000000000       -8.10452033506948     
   2.00000000000000       -7.31304065888510     
   2.00000000000000       -7.70460225987960     
   2.00000000000000       -6.93774188208393     
   2.00000000000000       -7.31775709064659     
   2.00000000000000       -6.56468243530249     
   2.00000000000000       -6.94643415938343     
   2.00000000000000       -6.21159637950203     
   2.00000000000000       -6.59320426308566     
   2.00000000000000       -5.85900070580660     
   2.00000000000000       -6.26713052445417     
   2.00000000000000       -5.53841330654080     
   2.00000000000000       -5.99666291355045     
   2.00000000000000       -5.23866824219917     
   2.00000000000000       -5.87122473340561     
   2.00000000000000       -4.99270770538175     
   2.00000000000000       -7.46843256836384     
   2.00000000000000       -4.83726404984261     
   2.00000000000000       -5.22153835559681     
   2.00000000000000       -4.82694373451071     
   2.00000000000000       -4.75566211475489     
   2.00000000000000       -5.02403643026970     
   2.00000000000000       -4.58065582738235     
   2.00000000000000       -4.88705756640046     
   2.00000000000000       -4.71019685293338     
   2.00000000000000       -4.70263826880853     
   2.00000000000000       -6.00417792824771     
   2.00000000000000       -4.77443559140398     
   2.00000000000000       -4.77727577142743     
   2.00000000000000       -5.03834806217818     
   2.00000000000000       -4.78616582346267     
   2.00000000000000       -5.50392807590131     
   2.00000000000000       -5.10356047032169     
   2.00000000000000       -6.26504289307866     
   2.00000000000000       -5.69365516399323     
   2.00000000000000       -7.02176569890150     
   2.00000000000000       -6.60820735301530     
   2.00000000000000       -7.09234198862273     
   2.00000000000000       -9.16699502520894     
   2.00000000000000       -7.58957547738081     
   2.00000000000000       -8.36753802026318     
   2.00000000000000       -8.27196384463725     
   2.00000000000000       -9.13196729293756     
   2.00000000000000       -9.09240408572059     
   2.00000000000000       -10.1310126039095     
   2.00000000000000       -10.0364761063150     
   2.00000000000000       -11.2880858295554     
   2.00000000000000       -11.1024868639597     
   2.00000000000000       -12.5892890215530     
   2.00000000000000       -12.2949174886585     
   2.00000000000000       -14.0316049544821     
   2.00000000000000       -13.6204928253415     
   2.00000000000000       -15.3391658173051     
   2.00000000000000       -15.0747048215367     
   2.00000000000000       -15.7437364048761     
   2.00000000000000       -16.2263788532622     
   2.00000000000000       -15.7784985111353     
   2.00000000000000       -17.5124930804586     
   2.00000000000000       -16.0795285067993     
   2.00000000000000       -16.7608436301753     
   2.00000000000000       -16.0125817171687     
   2.00000000000000       -17.5167963574377     
   2.00000000000000       -16.0795285067993     
   2.00000000000000       -16.9782025549614     
   2.00000000000000       -16.8576797571829     
   2.00000000000000       -17.0625848350434     
   2.00000000000000       -16.8576797571829     
   2.00000000000000       -32.1968455744880     
   2.00000000000000       -15.0000000000000     
   2.00000000000000       -32.3217843110963     
   2.00000000000000       -15.0000000000000     
   2.00000000000000       -32.4309287805214     
   2.00000000000000       -15.0000000000000     
   2.00000000000000       -32.5356641310414     
   2.00000000000000       -15.0000000000000     
   2.00000000000000       -32.6476378904853     
   2.00000000000000       -15.0000000000000     
   2.00000000000000       -32.7811767988555     
   2.00000000000000       -15.0000000000000     
   2.00000000000000       -32.9003632065747     
   2.00000000000000       -15.0000000000000     
