   2.00000000000000       -7.98756727738987     
   2.00000000000000       -8.36504358017465     
   2.00000000000000       -7.64692771615012     
   2.00000000000000       -7.94264369115719     
   2.00000000000000       -7.29319145196087     
   2.00000000000000       -7.53442211458251     
   2.00000000000000       -6.92510305169396     
   2.00000000000000       -7.14860278729800     
   2.00000000000000       -6.55990747317617     
   2.00000000000000       -6.79583209284057     
   2.00000000000000       -6.20299808865263     
   2.00000000000000       -6.49311567263442     
   2.00000000000000       -5.85594025808869     
   2.00000000000000       -6.27591172823739     
   2.00000000000000       -5.53902210201719     
   2.00000000000000       -6.25638926026501     
   2.00000000000000       -5.24278047984796     
   2.00000000000000       -6.52032416515239     
   2.00000000000000       -5.00316559794450     
   2.00000000000000       -5.49731658111289     
   2.00000000000000       -4.85653283099780     
   2.00000000000000       -5.07843898961062     
   2.00000000000000       -4.86118861464156     
   2.00000000000000       -4.90070397336672     
   2.00000000000000       -5.08244144221898     
   2.00000000000000       -4.99697665924863     
   2.00000000000000       -4.88199150051000     
   2.00000000000000       -6.53832012444128     
   2.00000000000000       -4.72505925378147     
   2.00000000000000       -5.06566429346463     
   2.00000000000000       -4.81427140048452     
   2.00000000000000       -5.02275262785409     
   2.00000000000000       -5.09557234216534     
   2.00000000000000       -5.29978915020626     
   2.00000000000000       -5.58516854862828     
   2.00000000000000       -5.85984562799083     
   2.00000000000000       -6.40399305542835     
   2.00000000000000       -6.75827658218880     
   2.00000000000000       -6.98237816887337     
   2.00000000000000       -8.71147445188017     
   2.00000000000000       -7.14714105629215     
   2.00000000000000       -8.67597451977947     
   2.00000000000000       -7.67593126558179     
   2.00000000000000       -9.53321456616442     
   2.00000000000000       -8.38512597998925     
   2.00000000000000       -10.6583774802602     
   2.00000000000000       -9.23596575756543     
   2.00000000000000       -11.9592946867387     
   2.00000000000000       -10.2210577557546     
   2.00000000000000       -13.4300313859960     
   2.00000000000000       -11.3509558373788     
   2.00000000000000       -15.3013772564157     
   2.00000000000000       -12.6564999136078     
   2.00000000000000       -15.5789261562301     
   2.00000000000000       -14.2093481995267     
   2.00000000000000       -15.6024072520796     
   2.00000000000000       -16.1749147820099     
   2.00000000000000       -15.7115517215047     
   2.00000000000000       -17.7189311965894     
   2.00000000000000       -16.5566497615190     
   2.00000000000000       -17.2427958786721     
   2.00000000000000       -16.2556197658550     
   2.00000000000000       -17.1217927451546     
   2.00000000000000       -16.3805585024633     
   2.00000000000000       -17.3122760413030     
   2.00000000000000       -16.8576797571829     
   2.00000000000000       -17.7021882349020     
   2.00000000000000       -15.0000000000000     
   2.00000000000000       -32.1968455744880     
   2.00000000000000       -15.0000000000000     
   2.00000000000000       -32.3217843110963     
   2.00000000000000       -15.0000000000000     
   2.00000000000000       -32.4156888139646     
   2.00000000000000       -15.0000000000000     
   2.00000000000000       -32.5558675171297     
   2.00000000000000       -15.0000000000000     
   2.00000000000000       -32.6739668292077     
   2.00000000000000       -15.0000000000000     
   2.00000000000000       -32.7811767988555     
   2.00000000000000       -15.0000000000000     
   2.00000000000000       -32.9003632065747     
   2.00000000000000       -15.0000000000000     
   2.00000000000000       -33.0822067945195     
   2.00000000000000       -15.0000000000000     
   2.00000000000000       -33.2248742980883     
   2.00000000000000       -15.0000000000000     
   2.00000000000000       -33.4589575041216     
   2.00000000000000       -15.0000000000000     
   2.00000000000000       -33.7599874997856     
   2.00000000000000       -15.0000000000000     
   2.00000000000000       -34.5703234335406     
   2.00000000000000       -15.0000000000000     
   2.00000000000000       -34.0822067945195     
   2.00000000000000       -15.0000000000000     
   2.00000000000000       -33.7599874997856     
   2.00000000000000       -15.0000000000000     
   2.00000000000000       -33.6050855397999     
   2.00000000000000       -15.0000000000000     
   2.00000000000000       -33.5259042937522     
   2.00000000000000       -15.0000000000000     
   2.00000000000000       -33.4589575041216     
   2.00000000000000       -15.0000000000000     
   2.00000000000000       -33.4387541180333     
   2.00000000000000       -15.0000000000000     
   2.00000000000000       -33.4009655571439     
   2.00000000000000       -15.0000000000000     
   2.00000000000000       -33.3832367901835     
   2.00000000000000       -15.0000000000000     
   2.00000000000000       -33.3340187675133     
   2.00000000000000       -15.0000000000000     
   2.00000000000000       -33.3340187675133     
   2.00000000000000       -15.0000000000000     
   2.00000000000000       -33.3340187675133     
   2.00000000000000       -15.0000000000000     
   2.00000000000000       -33.3187788009566     
   2.00000000000000       -15.0000000000000     
   2.00000000000000       -33.3340187675133     
   2.00000000000000       -15.0000000000000     
   2.00000000000000       -33.3187788009566     
   2.00000000000000       -15.0000000000000     
   2.00000000000000       -33.3187788009566     
   2.00000000000000       -15.0000000000000     
   2.00000000000000       -33.3040555441359     
   2.00000000000000       -15.0000000000000     
   2.00000000000000       -33.2898151050213     
   2.00000000000000       -15.0000000000000     
   2.00000000000000       -33.3040555441359     
   2.00000000000000       -15.0000000000000     
   2.00000000000000       -33.2760268205356     
   2.00000000000000       -15.0000000000000     
   2.00000000000000       -33.2898151050213     
   2.00000000000000       -15.0000000000000     
   2.00000000000000       -33.2898151050213     
   2.00000000000000       -15.0000000000000     
   2.00000000000000       -33.2898151050213     
   2.00000000000000       -15.0000000000000     
   2.00000000000000       -33.2898151050213     
   2.00000000000000       -15.0000000000000     
   2.00000000000000       -33.2898151050213     
   2.00000000000000       -15.0000000000000     
   2.00000000000000       -33.2898151050213     
   2.00000000000000       -15.0000000000000     
   2.00000000000000       -33.3040555441359     
   2.00000000000000       -15.0000000000000     
   2.00000000000000       -33.3040555441359     
   2.00000000000000       -15.0000000000000     
   2.00000000000000       -33.2898151050213     
   2.00000000000000       -15.0000000000000     
   2.00000000000000       -33.2898151050213     
   2.00000000000000       -15.0000000000000     
   2.00000000000000       -33.2898151050213     
   2.00000000000000       -15.0000000000000     
   2.00000000000000       -33.3040555441359     
   2.00000000000000       -15.0000000000000     
   2.00000000000000       -33.2898151050213     
   2.00000000000000       -15.0000000000000     
   2.00000000000000       -33.3040555441359     
   2.00000000000000       -15.0000000000000     
   2.00000000000000       -33.2898151050213     
   2.00000000000000       -15.0000000000000     
   2.00000000000000       -33.3040555441359     
   2.00000000000000       -15.0000000000000     
