   2.00000000000000       -7.81485549370759     
   2.00000000000000       -8.93474240273120     
   2.00000000000000       -7.42893000682720     
   2.00000000000000       -8.46541014888458     
   2.00000000000000       -7.05072641817744     
   2.00000000000000       -8.01041824328410     
   2.00000000000000       -6.68497981472483     
   2.00000000000000       -7.56781906947971     
   2.00000000000000       -6.32750482156639     
   2.00000000000000       -7.13613878689004     
   2.00000000000000       -5.96203663256405     
   2.00000000000000       -6.70851040163209     
   2.00000000000000       -5.59609861360370     
   2.00000000000000       -6.27273934924401     
   2.00000000000000       -5.24162257684185     
   2.00000000000000       -5.82471348117578     
   2.00000000000000       -4.90728504727327     
   2.00000000000000       -5.38076333895443     
   2.00000000000000       -4.56363029263425     
   2.00000000000000       -4.96954361960070     
   2.00000000000000       -4.23264474526422     
   2.00000000000000       -4.62193255842790     
   2.00000000000000       -3.89290803978549     
   2.00000000000000       -4.38039830120762     
   2.00000000000000       -3.60727734349763     
   2.00000000000000       -4.35655837524236     
   2.00000000000000       -3.32098280133779     
   2.00000000000000       -4.73701267994766     
   2.00000000000000       -3.07752774259862     
   2.00000000000000       -3.71036074080120     
   2.00000000000000       -2.92638714785433     
   2.00000000000000       -3.34047773305032     
   2.00000000000000       -2.71885498585018     
   2.00000000000000       -3.16930519987596     
   2.00000000000000       -2.54485597924797     
   2.00000000000000       -3.11674498723361     
   2.00000000000000       -2.36473766078345     
   2.00000000000000       -3.11241359951559     
   2.00000000000000       -2.03277217885855     
   2.00000000000000       -3.14555967186307     
   2.00000000000000       -1.75776723164244     
   2.00000000000000       -4.25359828828689     
   2.00000000000000       -1.55698315048669     
   2.00000000000000       -2.56951582941432     
   2.00000000000000       -1.40411981211406     
   2.00000000000000       -2.01812332379067     
   2.00000000000000       -1.28604833216424     
   2.00000000000000       -1.65401898040720     
   2.00000000000000       -1.19518952120745     
   2.00000000000000       -1.39112211696101     
   2.00000000000000       -1.12636887631177     
   2.00000000000000       -1.19600961348067     
   2.00000000000000       -1.07534425608949     
   2.00000000000000       -1.04962635112457     
   2.00000000000000       -1.03811666182686     
   2.00000000000000      -0.939097330051127     
   2.00000000000000       -1.01073459970373     
   2.00000000000000      -0.854784019894692     
   2.00000000000000      -0.989563223669610     
   2.00000000000000      -0.789131781645301     
   2.00000000000000      -0.971828446863290     
   2.00000000000000      -0.736346093072052     
   2.00000000000000      -0.956061939520811     
   2.00000000000000      -0.692534401007292     
   2.00000000000000      -0.942080808272449     
   2.00000000000000      -0.655865508425968     
   2.00000000000000      -0.930428683852796     
   2.00000000000000      -0.625993654300777     
   2.00000000000000      -0.919206915101851     
   2.00000000000000      -0.602814020733774     
   2.00000000000000      -0.896802219154805     
   2.00000000000000      -0.585643077308190     
   2.00000000000000      -0.878273560411138     
   2.00000000000000      -0.573306182974943     
   2.00000000000000      -0.863433289682526     
   2.00000000000000      -0.564571386158677     
   2.00000000000000      -0.851744984775121     
   2.00000000000000      -0.558410676907374     
   2.00000000000000      -0.842617583226912     
   2.00000000000000      -0.554051107289471     
   2.00000000000000      -0.835517313842101     
   2.00000000000000      -0.550940233530073     
   2.00000000000000      -0.829998894990405     
   2.00000000000000      -0.548694818586662     
   2.00000000000000      -0.825706008575560     
   2.00000000000000      -0.547053289323903     
   2.00000000000000      -0.822360159461828     
   2.00000000000000      -0.545837920834552     
   2.00000000000000      -0.819746368375073     
   2.00000000000000      -0.544927432662752     
   2.00000000000000      -0.817699566486405     
   2.00000000000000      -0.544238207226749     
   2.00000000000000      -0.816093119676277     
   2.00000000000000      -0.543711796793132     
   2.00000000000000      -0.814829711486760     
   2.00000000000000      -0.543306718799967     
   2.00000000000000      -0.813834323253983     
   2.00000000000000      -0.542993074333027     
   2.00000000000000      -0.813048912068871     
   2.00000000000000      -0.542748995572198     
   2.00000000000000      -0.812428400444583     
   2.00000000000000      -0.542558273653369     
   2.00000000000000      -0.811937655727346     
   2.00000000000000      -0.542408751640855     
   2.00000000000000      -0.811549208455711     
   2.00000000000000      -0.542291218207300     
   2.00000000000000      -0.811241520882590     
   2.00000000000000      -0.542198633286403     
   2.00000000000000      -0.810997665877824     
   2.00000000000000      -0.542125577177860     
   2.00000000000000      -0.810804313351592     
   2.00000000000000      -0.542067852516148     
   2.00000000000000      -0.810650948501916     
   2.00000000000000      -0.542022192557738     
   2.00000000000000      -0.810529265960984     
   2.00000000000000      -0.541986044628183     
   2.00000000000000      -0.810432698269428     
   2.00000000000000      -0.541957407536018     
   2.00000000000000      -0.810356047554438     
   2.00000000000000      -0.541934708302930     
   2.00000000000000      -0.810295196933449     
   2.00000000000000      -0.541916707918416     
   2.00000000000000      -0.810246883802424     
   2.00000000000000      -0.541902428775708     
   2.00000000000000      -0.810208521358782     
   2.00000000000000      -0.541891098472363     
   2.00000000000000      -0.810178057851001     
   2.00000000000000      -0.541882106073355     
   2.00000000000000      -0.810153865422402     
   2.00000000000000      -0.541874967937584     
   2.00000000000000      -0.810134652225349     
   2.00000000000000      -0.541869300929911     
   2.00000000000000      -0.810119392869706     
   2.00000000000000      -0.541864801367481     
   2.00000000000000      -0.810107273339588     
   2.00000000000000      -0.541861228437606     
   2.00000000000000      -0.810097647342493     
   2.00000000000000      -0.541858391115280     
   2.00000000000000      -0.810090001701502     
   2.00000000000000      -0.541856137827432     
   2.00000000000000      -0.810083928906557     
   2.00000000000000      -0.541854348278448     
   2.00000000000000      -0.810079105337181     
   2.00000000000000      -0.541852926979170     
   2.00000000000000      -0.810075273980608     
   2.00000000000000      -0.541851798120905     
   2.00000000000000      -0.810072230714738     
   2.00000000000000      -0.541850901512541     
   2.00000000000000      -0.810069813418785     
   2.00000000000000      -0.541850189358916     
   2.00000000000000      -0.810067893327727     
   2.00000000000000      -0.541849623705296     
   2.00000000000000      -0.810066368167502     
   2.00000000000000      -0.541849174409647     
   2.00000000000000      -0.810065156703754     
   2.00000000000000      -0.541848817533416     
   2.00000000000000      -0.810064194412773     
   2.00000000000000      -0.541848534064106     
   2.00000000000000      -0.810063430043487     
   2.00000000000000      -0.541848308901204     
   2.00000000000000      -0.810062822886919     
   2.00000000000000      -0.541848130050962     
