   2.00000000000000       -7.80583237943110     
   2.00000000000000       -8.87045931071538     
   2.00000000000000       -7.41844957315230     
   2.00000000000000       -8.40046494038880     
   2.00000000000000       -7.03632904641002     
   2.00000000000000       -7.94578985187836     
   2.00000000000000       -6.66512026179033     
   2.00000000000000       -7.50402399802345     
   2.00000000000000       -6.31180814284800     
   2.00000000000000       -7.07264467944823     
   2.00000000000000       -5.95989022163380     
   2.00000000000000       -6.64551424384955     
   2.00000000000000       -5.60850175683689     
   2.00000000000000       -6.21524043157926     
   2.00000000000000       -5.26914393163438     
   2.00000000000000       -5.78504726533091     
   2.00000000000000       -4.92425571621568     
   2.00000000000000       -5.37669825601806     
   2.00000000000000       -4.55711700241737     
   2.00000000000000       -5.02457694541360     
   2.00000000000000       -4.20443159356968     
   2.00000000000000       -4.77627499727234     
   2.00000000000000       -3.90796767554402     
   2.00000000000000       -4.74550171824887     
   2.00000000000000       -3.63107099805389     
   2.00000000000000       -5.13198518329974     
   2.00000000000000       -3.34098377352885     
   2.00000000000000       -4.09438673840016     
   2.00000000000000       -3.05239939460858     
   2.00000000000000       -3.72263457506211     
   2.00000000000000       -2.70833291520637     
   2.00000000000000       -3.56126172359768     
   2.00000000000000       -2.39942172402194     
   2.00000000000000       -3.56285593150655     
   2.00000000000000       -2.12501547303048     
   2.00000000000000       -3.72137340158402     
   2.00000000000000       -1.90065552842664     
   2.00000000000000       -3.94971098960619     
   2.00000000000000       -1.71710704944724     
   2.00000000000000       -3.71418195038074     
   2.00000000000000       -1.56232967313400     
   2.00000000000000       -3.10897703373520     
   2.00000000000000       -1.42953190616955     
   2.00000000000000       -2.56647235222663     
   2.00000000000000       -1.29580147069054     
   2.00000000000000       -2.13295549769517     
   2.00000000000000       -1.17507263627005     
   2.00000000000000       -1.79533421295974     
   2.00000000000000       -1.07338621502493     
   2.00000000000000       -1.53519613214881     
   2.00000000000000      -0.990217555517644     
   2.00000000000000       -1.33570803616593     
   2.00000000000000      -0.923245668412553     
   2.00000000000000       -1.18295044449131     
   2.00000000000000      -0.869861473000424     
   2.00000000000000       -1.06565041299406     
   2.00000000000000      -0.822604730027496     
   2.00000000000000      -0.974677575162444     
   2.00000000000000      -0.784616210721118     
   2.00000000000000      -0.902876058652200     
   2.00000000000000      -0.753085906901041     
   2.00000000000000      -0.845129419464675     
   2.00000000000000      -0.725389211170073     
   2.00000000000000      -0.798293010275152     
   2.00000000000000      -0.700537413089589     
   2.00000000000000      -0.760758254285040     
   2.00000000000000      -0.679065736593095     
   2.00000000000000      -0.731624530459221     
   2.00000000000000      -0.661801958565920     
   2.00000000000000      -0.709886546143800     
   2.00000000000000      -0.648879022158801     
   2.00000000000000      -0.694195315953913     
   2.00000000000000      -0.639715977593540     
   2.00000000000000      -0.683128836183490     
   2.00000000000000      -0.633456211505411     
   2.00000000000000      -0.675471920845697     
   2.00000000000000      -0.626481959816972     
   2.00000000000000      -0.670281217459268     
   2.00000000000000      -0.621149307215816     
   2.00000000000000      -0.666839385770575     
   2.00000000000000      -0.617228381170610     
   2.00000000000000      -0.664607850123291     
   2.00000000000000      -0.614338232306945     
   2.00000000000000      -0.663193294943815     
   2.00000000000000      -0.612197814710248     
   2.00000000000000      -0.662317678000694     
   2.00000000000000      -0.610602879899819     
   2.00000000000000      -0.661790166388376     
   2.00000000000000      -0.609406185909241     
   2.00000000000000      -0.661483037804793     
   2.00000000000000      -0.608501878976230     
   2.00000000000000      -0.661312620317231     
   2.00000000000000      -0.607813759540047     
   2.00000000000000      -0.661225116726063     
   2.00000000000000      -0.607286735240466     
   2.00000000000000      -0.661186530136187     
   2.00000000000000      -0.606880714015920     
   2.00000000000000      -0.661175742570745     
   2.00000000000000      -0.606566288675290     
   2.00000000000000      -0.661179879904924     
   2.00000000000000      -0.606321702715009     
   2.00000000000000      -0.661191268639499     
   2.00000000000000      -0.606130717814406     
   2.00000000000000      -0.661205469203393     
   2.00000000000000      -0.605981110277926     
   2.00000000000000      -0.661220021849612     
   2.00000000000000      -0.605863604631314     
   2.00000000000000      -0.661233656599025     
   2.00000000000000      -0.605771111252910     
   2.00000000000000      -0.661245801466735     
   2.00000000000000      -0.605698176284806     
   2.00000000000000      -0.661256280317385     
   2.00000000000000      -0.605640580722264     
   2.00000000000000      -0.661265130065796     
   2.00000000000000      -0.605595045222371     
   2.00000000000000      -0.661272492238653     
   2.00000000000000      -0.605559010567701     
   2.00000000000000      -0.661278550365613     
   2.00000000000000      -0.605530472843762     
   2.00000000000000      -0.661283495253735     
   2.00000000000000      -0.605507858615730     
   2.00000000000000      -0.661287506952548     
   2.00000000000000      -0.605489929660389     
   2.00000000000000      -0.661290746492689     
   2.00000000000000      -0.605475709758752     
   2.00000000000000      -0.661293353169532     
   2.00000000000000      -0.605464428110304     
   2.00000000000000      -0.661295444821895     
   2.00000000000000      -0.605455475377013     
   2.00000000000000      -0.661297119595509     
   2.00000000000000      -0.605448369395744     
   2.00000000000000      -0.661298458319147     
   2.00000000000000      -0.605442728339845     
   2.00000000000000      -0.661299527008675     
   2.00000000000000      -0.605438249651870     
   2.00000000000000      -0.661300379245876     
   2.00000000000000      -0.605434693467965     
   2.00000000000000      -0.661301058314005     
   2.00000000000000      -0.605431869551703     
   2.00000000000000      -0.661301599049773     
   2.00000000000000      -0.605429626978620     
   2.00000000000000      -0.661302029412463     
   2.00000000000000      -0.605427845982361     
   2.00000000000000      -0.661302371792371     
   2.00000000000000      -0.605426431503092     
   2.00000000000000      -0.661302644089249     
   2.00000000000000      -0.605425308078784     
   2.00000000000000      -0.661302860593639     
   2.00000000000000      -0.605424415797277     
   2.00000000000000      -0.661303032702497     
   2.00000000000000      -0.605423707087234     
   2.00000000000000      -0.661303169497555     
   2.00000000000000      -0.605423144173131     
   2.00000000000000      -0.661303278210797     
   2.00000000000000      -0.605422697056206     
   2.00000000000000      -0.661303364598292     
   2.00000000000000      -0.605422341912262     
   2.00000000000000      -0.661303433239453     
   2.00000000000000      -0.605422059820014     
   2.00000000000000      -0.661303487776393     
   2.00000000000000      -0.605421835751612     
   2.00000000000000      -0.661303531105035     
