   2.00000000000000       -8.29205592895760     
   2.00000000000000       -8.71556757709228     
   2.00000000000000       -7.87786741561464     
   2.00000000000000       -8.31642661607744     
   2.00000000000000       -7.44418120337902     
   2.00000000000000       -7.91445899439651     
   2.00000000000000       -7.00831233671484     
   2.00000000000000       -7.50885642476204     
   2.00000000000000       -6.58825212100286     
   2.00000000000000       -7.09567280562891     
   2.00000000000000       -6.21029981224980     
   2.00000000000000       -6.67192618201822     
   2.00000000000000       -5.88111551429068     
   2.00000000000000       -6.24509135873820     
   2.00000000000000       -5.55795480786908     
   2.00000000000000       -5.83975722714615     
   2.00000000000000       -5.21408779873548     
   2.00000000000000       -5.50079729878818     
   2.00000000000000       -4.89530434628889     
   2.00000000000000       -5.31232207902865     
   2.00000000000000       -4.62895818953797     
   2.00000000000000       -5.69312844649423     
   2.00000000000000       -4.44976345766869     
   2.00000000000000       -4.86203123838767     
   2.00000000000000       -4.39673132261564     
   2.00000000000000       -4.36054874980163     
   2.00000000000000       -4.52388216096373     
   2.00000000000000       -4.17917565530165     
   2.00000000000000       -4.68171148275281     
   2.00000000000000       -4.28911186319810     
   2.00000000000000       -4.34251054835805     
   2.00000000000000       -5.49894271823861     
   2.00000000000000       -4.32935878145098     
   2.00000000000000       -4.44380615099131     
   2.00000000000000       -4.50168548461411     
   2.00000000000000       -4.41269301160818     
   2.00000000000000       -4.83314019525483     
   2.00000000000000       -4.68746955761804     
   2.00000000000000       -5.32920840206636     
   2.00000000000000       -5.20398047924796     
   2.00000000000000       -6.07953594691123     
   2.00000000000000       -5.96612147114057     
   2.00000000000000       -7.17760521887976     
   2.00000000000000       -7.09706803845014     
   2.00000000000000       -7.02560937142316     
   2.00000000000000       -8.04736841651457     
   2.00000000000000       -7.44549201372327     
   2.00000000000000       -8.43285094115669     
   2.00000000000000       -8.04703860863758     
   2.00000000000000       -9.20862627805026     
   2.00000000000000       -8.77814909072807     
   2.00000000000000       -10.1626705452840     
   2.00000000000000       -9.62499317451078     
   2.00000000000000       -11.2613642196089     
   2.00000000000000       -10.5856072079461     
   2.00000000000000       -12.4997258625966     
   2.00000000000000       -11.6631771587719     
   2.00000000000000       -13.8763142481044     
   2.00000000000000       -12.8637130055647     
   2.00000000000000       -15.2778961605661     
   2.00000000000000       -14.1969760679204     
   2.00000000000000       -16.2556197658550     
   2.00000000000000       -15.6484340008927     
   2.00000000000000       -15.8576797571829     
   2.00000000000000       -17.1411052235381     
   2.00000000000000       -16.0795285067993     
   2.00000000000000       -16.9782025549614     
   2.00000000000000       -16.8576797571829     
   2.00000000000000       -17.0625848350434     
   2.00000000000000       -16.8576797571829     
   2.00000000000000       -32.1968455744880     
   2.00000000000000       -15.0000000000000     
   2.00000000000000       -32.3217843110963     
   2.00000000000000       -15.0000000000000     
   2.00000000000000       -32.4309287805214     
   2.00000000000000       -15.0000000000000     
   2.00000000000000       -32.5356641310414     
   2.00000000000000       -15.0000000000000     
   2.00000000000000       -32.6476378904853     
   2.00000000000000       -15.0000000000000     
   2.00000000000000       -32.7811767988555     
   2.00000000000000       -15.0000000000000     
   2.00000000000000       -32.9003632065747     
   2.00000000000000       -15.0000000000000     
