   2.00000000000000       -7.98090838283233     
   2.00000000000000       -9.36186421597199     
   2.00000000000000       -7.62012689473028     
   2.00000000000000       -8.96669506926465     
   2.00000000000000       -7.26925055134668     
   2.00000000000000       -8.51280769011638     
   2.00000000000000       -6.89151570601068     
   2.00000000000000       -8.01495503056420     
   2.00000000000000       -6.48066384501983     
   2.00000000000000       -7.48117123135024     
   2.00000000000000       -6.07070058365252     
   2.00000000000000       -6.92223950040722     
   2.00000000000000       -5.68658569006556     
   2.00000000000000       -6.36268927116843     
   2.00000000000000       -5.34046454447217     
   2.00000000000000       -5.82951751052252     
   2.00000000000000       -5.01361885836753     
   2.00000000000000       -5.34007819559014     
   2.00000000000000       -4.70445023237395     
   2.00000000000000       -4.90155413418425     
   2.00000000000000       -4.39786104749165     
   2.00000000000000       -4.51886825540219     
   2.00000000000000       -4.07733681318175     
   2.00000000000000       -4.20815781776314     
   2.00000000000000       -3.78605334426056     
   2.00000000000000       -4.01743884910854     
   2.00000000000000       -3.54537830875966     
   2.00000000000000       -4.13834414447235     
   2.00000000000000       -3.39156826075229     
   2.00000000000000       -3.89256885127784     
   2.00000000000000       -3.48097051836250     
   2.00000000000000       -3.24477674027469     
   2.00000000000000       -2.92114033231147     
   2.00000000000000       -2.98329159836979     
   2.00000000000000       -2.47640848492887     
   2.00000000000000       -2.95329238117551     
   2.00000000000000       -2.12481044473887     
   2.00000000000000       -3.19440464580717     
   2.00000000000000       -1.85430814546560     
   2.00000000000000       -4.76364877541509     
   2.00000000000000       -1.66732563614676     
   2.00000000000000       -3.40387745553667     
   2.00000000000000       -1.53879820729446     
   2.00000000000000       -3.39226271813640     
   2.00000000000000       -1.45046940797558     
   2.00000000000000       -3.59567600545803     
   2.00000000000000       -1.38850669908773     
   2.00000000000000       -3.92836120336213     
   2.00000000000000       -1.34286174556767     
   2.00000000000000       -4.35611991956651     
   2.00000000000000       -1.30702248461358     
   2.00000000000000       -4.86728628536330     
   2.00000000000000       -1.27790595184864     
   2.00000000000000       -5.47091459145661     
   2.00000000000000       -1.25518501393884     
   2.00000000000000       -6.21320867565758     
   2.00000000000000       -1.23926508273213     
   2.00000000000000       -7.35682053500720     
   2.00000000000000       -1.22876147128390     
   2.00000000000000       -7.73153041461135     
   2.00000000000000       -1.21963141137799     
   2.00000000000000       -8.09515538186287     
   2.00000000000000       -1.20704792179105     
   2.00000000000000       -9.58608967300491     
   2.00000000000000       -1.18848362144250     
   2.00000000000000       -8.78967039591003     
   2.00000000000000       -1.16502536132428     
   2.00000000000000       -8.86935210363564     
   2.00000000000000       -1.13985055114139     
   2.00000000000000       -9.14306232652685     
   2.00000000000000       -1.11587586979555     
   2.00000000000000       -9.63544012739898     
   2.00000000000000       -1.09466798557801     
   2.00000000000000       -10.2588172750823     
   2.00000000000000       -1.07664848091559     
   2.00000000000000       -9.71627297636057     
   2.00000000000000       -1.06165977858586     
   2.00000000000000       -9.62239422961464     
   2.00000000000000       -1.04934554160594     
   2.00000000000000       -9.62568767116507     
   2.00000000000000       -1.03931230023039     
   2.00000000000000       -9.67198787728416     
   2.00000000000000       -1.03118640972110     
   2.00000000000000       -9.74198821804385     
   2.00000000000000       -1.02463441557579     
   2.00000000000000       -9.82680825112163     
   2.00000000000000       -1.01936904967924     
   2.00000000000000       -9.92196083697735     
   2.00000000000000       -1.01514837392929     
   2.00000000000000       -10.0252508769955     
   2.00000000000000       -1.01177171080565     
   2.00000000000000       -10.1359240297129     
   2.00000000000000       -1.00907437211242     
   2.00000000000000       -10.2543563968183     
   2.00000000000000       -1.00692223916262     
   2.00000000000000       -10.3820887537032     
   2.00000000000000       -1.00520670627116     
   2.00000000000000       -10.5222539533457     
   2.00000000000000       -1.00384020203868     
   2.00000000000000       -10.6807557411654     
   2.00000000000000       -1.00275234517344     
   2.00000000000000       -10.8694767644169     
   2.00000000000000       -1.00188671209128     
   2.00000000000000       -11.1170834011667     
   2.00000000000000       -1.00119815719596     
   2.00000000000000       -11.5290188709645     
   2.00000000000000       -1.00065061378560     
   2.00000000000000       -12.1142875971351     
   2.00000000000000       -1.00021530281784     
   2.00000000000000       -11.4277773567098     
   2.00000000000000      -0.999869282051727     
   2.00000000000000       -11.2151271998306     
   2.00000000000000      -0.999594275896577     
   2.00000000000000       -11.0985651404675     
   2.00000000000000      -0.999375734755542     
   2.00000000000000       -11.0240654401963     
   2.00000000000000      -0.999202080780230     
   2.00000000000000       -10.9728022983863     
   2.00000000000000      -0.999064104296849     
   2.00000000000000       -10.9359818393607     
   2.00000000000000      -0.998954481556987     
   2.00000000000000       -10.9087980260039     
   2.00000000000000      -0.998867389897025     
   2.00000000000000       -10.8883500599087     
   2.00000000000000      -0.998798200926890     
   2.00000000000000       -10.8727637779803     
   2.00000000000000      -0.998743236113207     
   2.00000000000000       -10.8607681229301     
   2.00000000000000      -0.998699572185226     
   2.00000000000000       -10.8514688041310     
   2.00000000000000      -0.998664886281150     
   2.00000000000000       -10.8442206297587     
   2.00000000000000      -0.998637332765480     
   2.00000000000000       -10.8385480900743     
   2.00000000000000      -0.998615445269227     
   2.00000000000000       -10.8340927521099     
   2.00000000000000      -0.998598058806731     
   2.00000000000000       -10.8305867239901     
   2.00000000000000      -0.998584247866157     
   2.00000000000000       -10.8278225725093     
   2.00000000000000      -0.998573277204751     
   2.00000000000000       -10.8256378871118     
   2.00000000000000      -0.998564562746362     
   2.00000000000000       -10.8239111158358     
   2.00000000000000      -0.998557640509924     
   2.00000000000000       -10.8225439176368     
   2.00000000000000      -0.998552141921446     
   2.00000000000000       -10.8214614002191     
   2.00000000000000      -0.998547774199116     
   2.00000000000000       -10.8206032264087     
   2.00000000000000      -0.998544304769816     
   2.00000000000000       -10.8199230819172     
   2.00000000000000      -0.998541548888929     
   2.00000000000000       -10.8193831518775     
   2.00000000000000      -0.998539359805319     
   2.00000000000000       -10.8189547096899     
   2.00000000000000      -0.998537620948341     
   2.00000000000000       -10.8186148003777     
   2.00000000000000      -0.998536239721317     
   2.00000000000000       -10.8183453651335     
   2.00000000000000      -0.998535142571284     
   2.00000000000000       -10.8181304130172     
