   2.00000000000000       -7.95809450727656     
   2.00000000000000       -10.2100308142520     
   2.00000000000000       -7.59599784038542     
   2.00000000000000       -9.67912592096790     
   2.00000000000000       -7.25120283283364     
   2.00000000000000       -9.41965437609535     
   2.00000000000000       -6.87461460663178     
   2.00000000000000       -9.71974764658891     
   2.00000000000000       -6.47148102074386     
   2.00000000000000       -8.17861207820277     
   2.00000000000000       -6.06057322651261     
   2.00000000000000       -7.34749337346774     
   2.00000000000000       -5.67388711033551     
   2.00000000000000       -6.66154704468068     
   2.00000000000000       -5.31029028290773     
   2.00000000000000       -6.06803692335404     
   2.00000000000000       -4.98444730272535     
   2.00000000000000       -5.54234115086242     
   2.00000000000000       -4.65249239807534     
   2.00000000000000       -5.06106791200117     
   2.00000000000000       -4.33980213940632     
   2.00000000000000       -4.60440687590291     
   2.00000000000000       -4.01949381111476     
   2.00000000000000       -4.16451788208740     
   2.00000000000000       -3.68260465642342     
   2.00000000000000       -3.74589401938642     
   2.00000000000000       -3.35935280639427     
   2.00000000000000       -3.35970245273504     
   2.00000000000000       -3.05836378628607     
   2.00000000000000       -3.02191578458882     
   2.00000000000000       -2.80382556028987     
   2.00000000000000       -2.75827436556092     
   2.00000000000000       -2.60636273194170     
   2.00000000000000       -2.62076885787024     
   2.00000000000000       -2.52279932479894     
   2.00000000000000       -2.79475456220432     
   2.00000000000000       -2.69612515172430     
   2.00000000000000       -2.62922085711035     
   2.00000000000000       -2.66454804139005     
   2.00000000000000       -2.01458388102172     
   2.00000000000000       -2.02696370251262     
   2.00000000000000       -1.75668117147435     
   2.00000000000000       -1.68582960608967     
   2.00000000000000       -1.66530749233715     
   2.00000000000000       -1.46069338780027     
   2.00000000000000       -1.69941389505130     
   2.00000000000000       -1.30026678466841     
   2.00000000000000       -1.84309268283068     
   2.00000000000000       -1.18181591354404     
   2.00000000000000       -2.09100737256389     
   2.00000000000000       -1.09223251288064     
   2.00000000000000       -2.45142461226876     
   2.00000000000000       -1.02300243987431     
   2.00000000000000       -2.98542547018676     
   2.00000000000000      -0.968333245649297     
   2.00000000000000       -4.74340196680678     
   2.00000000000000      -0.924294078860889     
   2.00000000000000       -3.49369150514241     
   2.00000000000000      -0.888284263582433     
   2.00000000000000       -3.49625598153206     
   2.00000000000000      -0.858595429135982     
   2.00000000000000       -3.63680335127779     
   2.00000000000000      -0.834047307610587     
   2.00000000000000       -3.84216970497366     
   2.00000000000000      -0.813727122916765     
   2.00000000000000       -4.08200025478381     
   2.00000000000000      -0.796828250593976     
   2.00000000000000       -4.32512930261659     
   2.00000000000000      -0.782583377919547     
   2.00000000000000       -4.52526181337482     
   2.00000000000000      -0.770295131433280     
   2.00000000000000       -4.64090799000007     
   2.00000000000000      -0.759419858192157     
   2.00000000000000       -4.68078142856649     
   2.00000000000000      -0.749634887254670     
   2.00000000000000       -4.68946133520731     
   2.00000000000000      -0.740844247562629     
   2.00000000000000       -4.70029523022673     
   2.00000000000000      -0.733108219190382     
   2.00000000000000       -4.72604934667633     
   2.00000000000000      -0.726529091962599     
   2.00000000000000       -4.76808598286975     
   2.00000000000000      -0.721155824443178     
   2.00000000000000       -4.82333353389815     
