   2.00000000000000       -7.82582588026915     
   2.00000000000000       -9.01265379121611     
   2.00000000000000       -7.44236416348002     
   2.00000000000000       -8.54472259027322     
   2.00000000000000       -7.06943085274862     
   2.00000000000000       -8.09097347374893     
   2.00000000000000       -6.71111016507983     
   2.00000000000000       -7.65006972173643     
   2.00000000000000       -6.34896677463441     
   2.00000000000000       -7.22244253439955     
   2.00000000000000       -5.97161447322599     
   2.00000000000000       -6.80164179083408     
   2.00000000000000       -5.58753495864583     
   2.00000000000000       -6.37027005093432     
   2.00000000000000       -5.21586804544581     
   2.00000000000000       -5.91409380941738     
   2.00000000000000       -4.88467365668101     
   2.00000000000000       -5.44329448756198     
   2.00000000000000       -4.57924296393067     
   2.00000000000000       -4.98511838710956     
   2.00000000000000       -4.24273684339265     
   2.00000000000000       -4.56410619183942     
   2.00000000000000       -3.94596588522770     
   2.00000000000000       -4.20129070790601     
   2.00000000000000       -3.60400527177690     
   2.00000000000000       -3.92688607087793     
   2.00000000000000       -3.30028788394753     
   2.00000000000000       -3.81139982575073     
   2.00000000000000       -3.04334784390879     
   2.00000000000000       -4.32040395189715     
   2.00000000000000       -2.75567427839781     
   2.00000000000000       -3.44100726908934     
   2.00000000000000       -2.45582483065040     
   2.00000000000000       -2.99375932318292     
   2.00000000000000       -2.18850935272215     
   2.00000000000000       -2.86490576371977     
   2.00000000000000       -1.97130707374086     
   2.00000000000000       -3.15200121417390     
   2.00000000000000       -1.79450095569044     
   2.00000000000000       -3.06047763288178     
   2.00000000000000       -1.64776792606504     
   2.00000000000000       -2.77007926941024     
   2.00000000000000       -1.52181278712221     
   2.00000000000000       -2.93862816676188     
   2.00000000000000       -1.40542363516870     
   2.00000000000000       -1.97370953728919     
   2.00000000000000       -1.30557582234849     
   2.00000000000000       -1.54739406528048     
   2.00000000000000       -1.21936238988176     
   2.00000000000000       -1.26698526409982     
   2.00000000000000       -1.14551657067748     
   2.00000000000000       -1.06604435805405     
   2.00000000000000       -1.08341289722884     
   2.00000000000000      -0.917321162092896     
   2.00000000000000       -1.03232298316652     
   2.00000000000000      -0.805818010049215     
   2.00000000000000      -0.990996686811534     
   2.00000000000000      -0.721563870966672     
   2.00000000000000      -0.957430342477135     
   2.00000000000000      -0.656876007673192     
   2.00000000000000      -0.928975729330986     
   2.00000000000000      -0.605348225773890     
   2.00000000000000      -0.902952995761921     
   2.00000000000000      -0.561924906758517     
   2.00000000000000      -0.877586468083750     
   2.00000000000000      -0.523576276279353     
   2.00000000000000      -0.852575394328241     
   2.00000000000000      -0.489472921914169     
   2.00000000000000      -0.828751058361361     
   2.00000000000000      -0.460033612470016     
   2.00000000000000      -0.807171106739570     
   2.00000000000000      -0.435669933533479     
   2.00000000000000      -0.788479131960427     
   2.00000000000000      -0.416226171067862     
   2.00000000000000      -0.772816418404962     
   2.00000000000000      -0.401096564338085     
   2.00000000000000      -0.759996858460962     
   2.00000000000000      -0.389513726304745     
   2.00000000000000      -0.749677191356410     
   2.00000000000000      -0.380734921735129     
   2.00000000000000      -0.741463845346770     
   2.00000000000000      -0.374117807011095     
   2.00000000000000      -0.734974186582811     
   2.00000000000000      -0.369139418574122     
   2.00000000000000      -0.729867736397064     
   2.00000000000000      -0.365390387526521     
   2.00000000000000      -0.725857474845678     
   2.00000000000000      -0.362558733036794     
   2.00000000000000      -0.722709537757817     
   2.00000000000000      -0.360410802204866     
   2.00000000000000      -0.720237363787567     
   2.00000000000000      -0.358773371391409     
   2.00000000000000      -0.718293995095183     
   2.00000000000000      -0.357518596744933     
   2.00000000000000      -0.716764467593369     
   2.00000000000000      -0.356552151352756     
   2.00000000000000      -0.715559126200324     
   2.00000000000000      -0.355804241709230     
   2.00000000000000      -0.714608101877593     
   2.00000000000000      -0.355222972344775     
   2.00000000000000      -0.713856902959475     
   2.00000000000000      -0.354769516409094     
   2.00000000000000      -0.713262963502476     
   2.00000000000000      -0.354414626490010     
   2.00000000000000      -0.712792968424841     
   2.00000000000000      -0.354136118678814     
   2.00000000000000      -0.712420789911626     
   2.00000000000000      -0.353917054731499     
   2.00000000000000      -0.712125896829380     
   2.00000000000000      -0.353744422172757     
   2.00000000000000      -0.711892127177902     
   2.00000000000000      -0.353608169358385     
   2.00000000000000      -0.711706738381806     
   2.00000000000000      -0.353500494355032     
   2.00000000000000      -0.711559670314560     
   2.00000000000000      -0.353415316371850     
   2.00000000000000      -0.711442971594511     
   2.00000000000000      -0.353347879499155     
   2.00000000000000      -0.711350351620324     
   2.00000000000000      -0.353294453187092     
   2.00000000000000      -0.711276829811800     
   2.00000000000000      -0.353252104121555     
   2.00000000000000      -0.711218460285587     
   2.00000000000000      -0.353218521288508     
   2.00000000000000      -0.711172115282927     
   2.00000000000000      -0.353191881018930     
   2.00000000000000      -0.711135314505170     
   2.00000000000000      -0.353170742337674     
   2.00000000000000      -0.711106090423461     
   2.00000000000000      -0.353153965454966     
   2.00000000000000      -0.711082881847489     
   2.00000000000000      -0.353140648049102     
   2.00000000000000      -0.711064449738639     
   2.00000000000000      -0.353130075304981     
   2.00000000000000      -0.711049810563260     
   2.00000000000000      -0.353121680640545     
   2.00000000000000      -0.711038183496130     
   2.00000000000000      -0.353115014771510     
   2.00000000000000      -0.711028948573232     
   2.00000000000000      -0.353109721303527     
   2.00000000000000      -0.711021613508607     
   2.00000000000000      -0.353105517448590     
   2.00000000000000      -0.711015787372333     
   2.00000000000000      -0.353102178773445     
   2.00000000000000      -0.711011159705117     
   2.00000000000000      -0.353099527126377     
   2.00000000000000      -0.711007483942916     
   2.00000000000000      -0.353097421073433     
   2.00000000000000      -0.711004564259797     
   2.00000000000000      -0.353095748318219     
   2.00000000000000      -0.711002245122655     
   2.00000000000000      -0.353094419691184     
   2.00000000000000      -0.711000402997834     
   2.00000000000000      -0.353093364381797     
   2.00000000000000      -0.710998939765821     
   2.00000000000000      -0.353092526155450     
   2.00000000000000      -0.710997777491778     
   2.00000000000000      -0.353091860351125     
   2.00000000000000      -0.710996854272553     
   2.00000000000000      -0.353091331498164     
   2.00000000000000      -0.710996120938415     
   2.00000000000000      -0.353090911424287     
