   2.00000000000000       -8.30611108607368     
   2.00000000000000       -8.75324356237177     
   2.00000000000000       -7.88111772898772     
   2.00000000000000       -8.35502209076397     
   2.00000000000000       -7.44655282757999     
   2.00000000000000       -7.95131468867037     
   2.00000000000000       -7.01101260594905     
   2.00000000000000       -7.54085279110916     
   2.00000000000000       -6.58641575008882     
   2.00000000000000       -7.11941566180462     
   2.00000000000000       -6.20038470103506     
   2.00000000000000       -6.68433197315333     
   2.00000000000000       -5.86931218755860     
   2.00000000000000       -6.24407712332261     
   2.00000000000000       -5.56684403739221     
   2.00000000000000       -5.82366165039354     
   2.00000000000000       -5.21835579696585     
   2.00000000000000       -5.46525461222945     
   2.00000000000000       -4.88961973033854     
   2.00000000000000       -5.23976164325802     
   2.00000000000000       -4.60622034568697     
   2.00000000000000       -5.39292090363459     
   2.00000000000000       -4.40096066938942     
   2.00000000000000       -4.95057838774636     
   2.00000000000000       -4.30899228251161     
   2.00000000000000       -4.35213943155346     
   2.00000000000000       -4.38096157929841     
   2.00000000000000       -4.11955599753630     
   2.00000000000000       -4.86134877518300     
   2.00000000000000       -4.16286844576670     
   2.00000000000000       -4.31575971070199     
   2.00000000000000       -4.77607391684246     
   2.00000000000000       -4.23829822211002     
   2.00000000000000       -4.44943184732389     
   2.00000000000000       -4.36084126306283     
   2.00000000000000       -4.32302802163038     
   2.00000000000000       -4.63970693210775     
   2.00000000000000       -4.53955106408169     
   2.00000000000000       -5.06924271745144     
   2.00000000000000       -4.99740814183303     
   2.00000000000000       -5.68191781951981     
   2.00000000000000       -5.68459985104569     
   2.00000000000000       -6.72794222172469     
   2.00000000000000       -6.65328126662508     
   2.00000000000000       -7.01059710485220     
   2.00000000000000       -8.54989546908629     
   2.00000000000000       -7.25821790800602     
   2.00000000000000       -8.23111797660649     
   2.00000000000000       -7.77419246549455     
   2.00000000000000       -8.90483838251057     
   2.00000000000000       -8.43705890392682     
   2.00000000000000       -9.78817238636573     
   2.00000000000000       -9.21986561103605     
   2.00000000000000       -10.8222644290083     
   2.00000000000000       -10.1161030936005     
   2.00000000000000       -11.9958586990563     
   2.00000000000000       -11.1268544620737     
   2.00000000000000       -13.3089219286092     
   2.00000000000000       -12.2571659800107     
   2.00000000000000       -14.7273459886879     
   2.00000000000000       -13.5155010324490     
   2.00000000000000       -16.0125817171687     
   2.00000000000000       -14.9119102063169     
   2.00000000000000       -15.9034372477436     
   2.00000000000000       -16.4305540454025     
   2.00000000000000       -16.0795285067993     
   2.00000000000000       -16.9657885834576     
   2.00000000000000       -16.8576797571829     
   2.00000000000000       -17.0625848350434     
   2.00000000000000       -16.8576797571829     
   2.00000000000000       -32.1968455744880     
   2.00000000000000       -15.0000000000000     
   2.00000000000000       -32.3217843110963     
   2.00000000000000       -15.0000000000000     
   2.00000000000000       -32.4309287805214     
   2.00000000000000       -15.0000000000000     
   2.00000000000000       -32.5356641310414     
   2.00000000000000       -15.0000000000000     
   2.00000000000000       -32.6476378904853     
   2.00000000000000       -15.0000000000000     
   2.00000000000000       -32.7811767988555     
   2.00000000000000       -15.0000000000000     
   2.00000000000000       -32.9003632065747     
   2.00000000000000       -15.0000000000000     
