   2.00000000000000       -7.89925578909382     
   2.00000000000000       -9.36137971135579     
   2.00000000000000       -7.53097979497999     
   2.00000000000000       -8.90031225536870     
   2.00000000000000       -7.18733359118497     
   2.00000000000000       -8.46787690046466     
   2.00000000000000       -6.82503017118096     
   2.00000000000000       -8.06347817443922     
   2.00000000000000       -6.43106497123209     
   2.00000000000000       -7.71093448438662     
   2.00000000000000       -6.02160052812607     
   2.00000000000000       -7.46104561334076     
   2.00000000000000       -5.62308636257642     
   2.00000000000000       -7.44324696237927     
   2.00000000000000       -5.24240147360421     
   2.00000000000000       -7.70643825884695     
   2.00000000000000       -4.89217833216599     
   2.00000000000000       -6.81669764684530     
   2.00000000000000       -4.55290773961220     
   2.00000000000000       -6.72948299031387     
   2.00000000000000       -4.23238624629703     
   2.00000000000000       -6.19249442273527     
   2.00000000000000       -3.89663352051913     
   2.00000000000000       -5.30825133508077     
   2.00000000000000       -3.57416562865094     
   2.00000000000000       -4.66607938094064     
   2.00000000000000       -3.28451440765701     
   2.00000000000000       -4.09309055529832     
   2.00000000000000       -3.04462980326234     
   2.00000000000000       -3.56065409431115     
   2.00000000000000       -2.91139873142854     
   2.00000000000000       -3.06708964563189     
   2.00000000000000       -2.92597024589380     
   2.00000000000000       -2.61542281062686     
   2.00000000000000       -2.54861603532113     
   2.00000000000000       -2.20864755249811     
   2.00000000000000       -2.09228595440336     
   2.00000000000000       -1.84768049679059     
   2.00000000000000       -1.72439293109205     
   2.00000000000000       -1.52988448213015     
   2.00000000000000       -1.44966164478428     
   2.00000000000000       -1.25143129310041     
   2.00000000000000       -1.25019486883238     
   2.00000000000000       -1.01095836543758     
   2.00000000000000       -1.10252274889396     
   2.00000000000000      -0.809590599007025     
   2.00000000000000      -0.991397675369303     
   2.00000000000000      -0.647838239585151     
   2.00000000000000      -0.906318885843033     
   2.00000000000000      -0.523258017530856     
   2.00000000000000      -0.840039724520097     
   2.00000000000000      -0.430500623344922     
   2.00000000000000      -0.787555496281794     
   2.00000000000000      -0.362823340532890     
   2.00000000000000      -0.745399094021071     
   2.00000000000000      -0.313752491747930     
   2.00000000000000      -0.711160212520181     
   2.00000000000000      -0.278082297018385     
   2.00000000000000      -0.683151076905058     
   2.00000000000000      -0.252026761279621     
   2.00000000000000      -0.660176347780074     
   2.00000000000000      -0.232897450820411     
   2.00000000000000      -0.641363009980676     
   2.00000000000000      -0.218758477662102     
   2.00000000000000      -0.626030278402926     
   2.00000000000000      -0.208207967599461     
   2.00000000000000      -0.613610349360831     
   2.00000000000000      -0.200228007911293     
   2.00000000000000      -0.603619765868037     
   2.00000000000000      -0.194053048374749     
   2.00000000000000      -0.595659182217457     
   2.00000000000000      -0.189078851769124     
   2.00000000000000      -0.589417918953288     
   2.00000000000000      -0.184839103820283     
   2.00000000000000      -0.584667502245916     
   2.00000000000000      -0.181026149684462     
   2.00000000000000      -0.581236951646713     
   2.00000000000000      -0.177504893871380     
   2.00000000000000      -0.578975720269637     
   2.00000000000000      -0.174282648488146     
   2.00000000000000      -0.577721487250448     
   2.00000000000000      -0.171438714567947     
   2.00000000000000      -0.577287524239954     
   2.00000000000000      -0.169051043830318     
