   2.00000000000000       -7.95603549035393     
   2.00000000000000       -9.55846403265487     
   2.00000000000000       -7.59378594201284     
   2.00000000000000       -9.16990530616814     
   2.00000000000000       -7.24952706669745     
   2.00000000000000       -8.69435815233111     
   2.00000000000000       -6.87302458776635     
   2.00000000000000       -8.16260235880370     
   2.00000000000000       -6.47069593331748     
   2.00000000000000       -7.59248189645327     
   2.00000000000000       -6.05974802527889     
   2.00000000000000       -7.00184737121235     
   2.00000000000000       -5.67164020298022     
   2.00000000000000       -6.41989790675950     
   2.00000000000000       -5.30769924399873     
   2.00000000000000       -5.87213137069414     
   2.00000000000000       -4.98212915304095     
   2.00000000000000       -5.37018024153549     
   2.00000000000000       -4.64833698761822     
   2.00000000000000       -4.91408357197545     
   2.00000000000000       -4.33260419195120     
   2.00000000000000       -4.50124022487299     
   2.00000000000000       -4.01602081333781     
   2.00000000000000       -4.13800950444824     
   2.00000000000000       -3.67621774901959     
   2.00000000000000       -3.84884169487339     
   2.00000000000000       -3.34770270896699     
   2.00000000000000       -3.69423153739204     
   2.00000000000000       -3.03947058915650     
   2.00000000000000       -3.94920574472099     
   2.00000000000000       -2.77198969834313     
   2.00000000000000       -3.44197687576285     
   2.00000000000000       -2.55396687091474     
   2.00000000000000       -2.89726305267126     
   2.00000000000000       -2.42541655840675     
   2.00000000000000       -2.67473871240721     
   2.00000000000000       -2.45079185950405     
   2.00000000000000       -2.66593747185854     
   2.00000000000000       -3.05677820742330     
   2.00000000000000       -2.90053884907103     
   2.00000000000000       -2.27946925210466     
   2.00000000000000       -3.98699477311396     
   2.00000000000000       -1.82828463854913     
   2.00000000000000       -3.23920274381500     
   2.00000000000000       -1.56497083855165     
   2.00000000000000       -3.17845328895256     
   2.00000000000000       -1.38564995810921     
   2.00000000000000       -3.33559120578964     
   2.00000000000000       -1.25663668273278     
   2.00000000000000       -3.60896627690411     
   2.00000000000000       -1.16081655731695     
   2.00000000000000       -3.96412739770653     
   2.00000000000000       -1.08722846549087     
   2.00000000000000       -4.39178168104626     
   2.00000000000000       -1.02804423749638     
   2.00000000000000       -4.90308955013548     
   2.00000000000000      -0.978266986071332     
   2.00000000000000       -5.54738615681636     
   2.00000000000000      -0.936012414996534     
   2.00000000000000       -6.65807672863886     
   2.00000000000000      -0.901592520244773     
   2.00000000000000       -6.67178546708673     
   2.00000000000000      -0.875667292106133     
   2.00000000000000       -6.80278393261672     
   2.00000000000000      -0.858062310059203     
   2.00000000000000       -7.17918549226226     
   2.00000000000000      -0.847704821779960     
   2.00000000000000       -7.88865585690544     
   2.00000000000000      -0.843028978662335     
   2.00000000000000       -7.99772665572051     
   2.00000000000000      -0.842403700444693     
   2.00000000000000       -7.77147114106296     
   2.00000000000000      -0.844453758579189     
   2.00000000000000       -7.77845600989983     
   2.00000000000000      -0.848165884809680     
   2.00000000000000       -7.85917356940309     
   2.00000000000000      -0.852814523374637     
   2.00000000000000       -7.97741119318209     
   2.00000000000000      -0.857864689369513     
   2.00000000000000       -8.12027030294090     
   2.00000000000000      -0.862925147475489     
   2.00000000000000       -8.28395045107588     
   2.00000000000000      -0.867728792824974     
   2.00000000000000       -8.47109324062613     
   2.00000000000000      -0.872113497072740     
   2.00000000000000       -8.69336002505244     
   2.00000000000000      -0.875999240394905     
   2.00000000000000       -8.98570793261269     
   2.00000000000000      -0.879365067865410     
   2.00000000000000       -9.50860074863005     
   2.00000000000000      -0.882228877623491     
   2.00000000000000       -9.66324279043656     
   2.00000000000000      -0.884631402503683     
   2.00000000000000       -9.21992703893476     
   2.00000000000000      -0.886624517131607     
   2.00000000000000       -9.05244701418661     
   2.00000000000000      -0.888263366993046     
   2.00000000000000       -8.96004238038170     
   2.00000000000000      -0.889601430136032     
   2.00000000000000       -8.90194181821680     
   2.00000000000000      -0.890687783936786     
   2.00000000000000       -8.86281624769476     
   2.00000000000000      -0.891565839402767     
   2.00000000000000       -8.83532008667215     
   2.00000000000000      -0.892273012376277     
   2.00000000000000       -8.81542539882113     
   2.00000000000000      -0.892840947313724     
   2.00000000000000       -8.80072450013501     
   2.00000000000000      -0.893296032306506     
   2.00000000000000       -8.78968900800751     
   2.00000000000000      -0.893660037745162     
   2.00000000000000       -8.78130456896047     
   2.00000000000000      -0.893950777339941     
   2.00000000000000       -8.77487447079358     
   2.00000000000000      -0.894182734808367     
   2.00000000000000       -8.76990690825838     
   2.00000000000000      -0.894367628191070     
   2.00000000000000       -8.76604705217889     
   2.00000000000000      -0.894514901311862     
   2.00000000000000       -8.76303421205325     
   2.00000000000000      -0.894632142053818     
   2.00000000000000       -8.76067400842899     
   2.00000000000000      -0.894725432531386     
   2.00000000000000       -8.75881977887908     
   2.00000000000000      -0.894799638714831     
   2.00000000000000       -8.75735975171782     
   2.00000000000000      -0.894858647809105     
   2.00000000000000       -8.75620804243475     
   2.00000000000000      -0.894905561472334     
   2.00000000000000       -8.75529824201463     
   2.00000000000000      -0.894942852257323     
   2.00000000000000       -8.75457872863271     
   2.00000000000000      -0.894972489757376     
   2.00000000000000       -8.75400918670296     
   2.00000000000000      -0.894996041998974     
   2.00000000000000       -8.75355802684813     
   2.00000000000000      -0.895014756735409     
   2.00000000000000       -8.75320045095001     
   2.00000000000000      -0.895029626497940     
   2.00000000000000       -8.75291691886361     
   2.00000000000000      -0.895041440569774     
   2.00000000000000       -8.75269200044599     
   2.00000000000000      -0.895050826461181     
   2.00000000000000       -8.75251354379282     
   2.00000000000000      -0.895058282975054     
   2.00000000000000       -8.75237192243118     
   2.00000000000000      -0.895064206547885     
   2.00000000000000       -8.75225949260083     
   2.00000000000000      -0.895068912221299     
   2.00000000000000       -8.75217025025352     
   2.00000000000000      -0.895072650330689     
   2.00000000000000       -8.75209939268911     
   2.00000000000000      -0.895075619780688     
   2.00000000000000       -8.75204312086456     
   2.00000000000000      -0.895077978602240     
   2.00000000000000       -8.75199843620420     
   2.00000000000000      -0.895079852346154     
   2.00000000000000       -8.75196295189811     
   2.00000000000000      -0.895081340755089     
   2.00000000000000       -8.75193476944216     
   2.00000000000000      -0.895082523066349     
   2.00000000000000       -8.75191238615384     
