   2.00000000000000       -8.28124785440892     
   2.00000000000000       -8.69723696635314     
   2.00000000000000       -7.87157870923137     
   2.00000000000000       -8.29745677473636     
   2.00000000000000       -7.44300273093596     
   2.00000000000000       -7.89624156886270     
   2.00000000000000       -7.00700920172472     
   2.00000000000000       -7.49292424022146     
   2.00000000000000       -6.58808563652357     
   2.00000000000000       -7.08378179735736     
   2.00000000000000       -6.21113633758079     
   2.00000000000000       -6.66581007968117     
   2.00000000000000       -5.88747043356321     
   2.00000000000000       -6.24602936512121     
   2.00000000000000       -5.55422335622482     
   2.00000000000000       -5.84881242179561     
   2.00000000000000       -5.21285522609776     
   2.00000000000000       -5.52051417751856     
   2.00000000000000       -4.89917656751661     
   2.00000000000000       -5.35341530347229     
   2.00000000000000       -4.64193579374472     
   2.00000000000000       -5.96321090702010     
   2.00000000000000       -4.47637352412726     
   2.00000000000000       -4.83100358592184     
   2.00000000000000       -4.44428934412305     
   2.00000000000000       -4.36857394489502     
   2.00000000000000       -4.60331346484032     
   2.00000000000000       -4.21194717332031     
   2.00000000000000       -4.63796475360297     
   2.00000000000000       -4.35822363932154     
   2.00000000000000       -4.36354292730008     
   2.00000000000000       -5.71825685392547     
   2.00000000000000       -4.37879805776886     
   2.00000000000000       -4.45262375600005     
   2.00000000000000       -4.57510719850396     
   2.00000000000000       -4.46125431278900     
   2.00000000000000       -4.93373898593008     
   2.00000000000000       -4.76393167702212     
   2.00000000000000       -5.46706103762843     
   2.00000000000000       -5.30995726788230     
   2.00000000000000       -6.31932666471141     
   2.00000000000000       -6.11239933310359     
   2.00000000000000       -6.96896422193683     
   2.00000000000000       -7.36154582168653     
   2.00000000000000       -7.08194111534978     
   2.00000000000000       -8.04698312360803     
   2.00000000000000       -7.55641862178146     
   2.00000000000000       -8.54969096770799     
   2.00000000000000       -8.19387946137800     
   2.00000000000000       -9.36762086755191     
   2.00000000000000       -8.95643193006731     
   2.00000000000000       -10.3545225984653     
   2.00000000000000       -9.83399670247044     
   2.00000000000000       -11.4844053799585     
   2.00000000000000       -10.8261378103118     
   2.00000000000000       -12.7546632668546     
   2.00000000000000       -11.9368291455058     
   2.00000000000000       -14.1587097528469     
   2.00000000000000       -13.1724516122725     
   2.00000000000000       -15.3805585024633     
   2.00000000000000       -14.5429285278395     
   2.00000000000000       -15.9545897701910     
   2.00000000000000       -16.0634134726122     
   2.00000000000000       -15.9034372477436     
   2.00000000000000       -17.1167008895862     
   2.00000000000000       -16.0795285067993     
   2.00000000000000       -16.9782025549614     
   2.00000000000000       -16.8576797571829     
   2.00000000000000       -17.0625848350434     
   2.00000000000000       -16.8576797571829     
   2.00000000000000       -32.1968455744880     
   2.00000000000000       -15.0000000000000     
   2.00000000000000       -32.3217843110963     
   2.00000000000000       -15.0000000000000     
   2.00000000000000       -32.4309287805214     
   2.00000000000000       -15.0000000000000     
   2.00000000000000       -32.5356641310414     
   2.00000000000000       -15.0000000000000     
   2.00000000000000       -32.6476378904853     
   2.00000000000000       -15.0000000000000     
   2.00000000000000       -32.7811767988555     
   2.00000000000000       -15.0000000000000     
   2.00000000000000       -32.9003632065747     
   2.00000000000000       -15.0000000000000     
