   2.00000000000000       -7.91448188001521     
   2.00000000000000       -9.48736804038008     
   2.00000000000000       -7.54826982444572     
   2.00000000000000       -9.02466449693562     
   2.00000000000000       -7.20533505327256     
   2.00000000000000       -8.60415651823694     
   2.00000000000000       -6.84039868710197     
   2.00000000000000       -8.22632616843115     
   2.00000000000000       -6.44137007306721     
   2.00000000000000       -7.94268711480468     
   2.00000000000000       -6.03103833729115     
   2.00000000000000       -8.01015899933259     
   2.00000000000000       -5.63227397913168     
   2.00000000000000       -7.35255260815250     
   2.00000000000000       -5.26596505475097     
   2.00000000000000       -6.54095318627901     
   2.00000000000000       -4.91078250392773     
   2.00000000000000       -5.98402974822989     
   2.00000000000000       -4.58389028928501     
   2.00000000000000       -5.51956513217130     
   2.00000000000000       -4.23916956750817     
   2.00000000000000       -5.08571895118143     
   2.00000000000000       -3.89656710415825     
   2.00000000000000       -4.65465235122558     
   2.00000000000000       -3.57367470254444     
   2.00000000000000       -4.22400736452327     
   2.00000000000000       -3.27899740784310     
   2.00000000000000       -3.79911818453881     
   2.00000000000000       -3.02256549277334     
   2.00000000000000       -3.37963173710604     
   2.00000000000000       -2.72171904952777     
   2.00000000000000       -2.95923643843913     
   2.00000000000000       -2.43536682233671     
   2.00000000000000       -2.53754419800887     
   2.00000000000000       -2.17863377958123     
   2.00000000000000       -2.12923899971163     
   2.00000000000000       -1.95336671073668     
   2.00000000000000       -1.75582632212927     
   2.00000000000000       -1.77677630448514     
   2.00000000000000       -1.43186869190405     
   2.00000000000000       -1.65284203246384     
   2.00000000000000       -1.16087457436396     
   2.00000000000000       -1.57528245079102     
   2.00000000000000      -0.938899227893977     
   2.00000000000000       -1.53798101341092     
   2.00000000000000      -0.759352103194497     
   2.00000000000000       -1.53485495675379     
   2.00000000000000      -0.616205228491835     
   2.00000000000000       -1.55952952572277     
   2.00000000000000      -0.505377899122638     
   2.00000000000000       -1.60574539661386     
   2.00000000000000      -0.424712348169445     
   2.00000000000000       -1.66893506644710     
   2.00000000000000      -0.372912920542434     
   2.00000000000000       -1.74798370345175     
   2.00000000000000      -0.347934722103690     
   2.00000000000000       -1.84551384692800     
   2.00000000000000      -0.345665156961362     
   2.00000000000000       -1.94655322073358     
   2.00000000000000      -0.359827887720774     
   2.00000000000000       -1.82367589326602     
   2.00000000000000      -0.383365934253868     
   2.00000000000000       -1.73334526039936     
   2.00000000000000      -0.410379535138249     
   2.00000000000000       -1.66581376615247     
   2.00000000000000      -0.437077793873095     
   2.00000000000000       -1.61577137046559     
   2.00000000000000      -0.461141201809230     
   2.00000000000000       -1.58102200178287     
   2.00000000000000      -0.480564715977128     
   2.00000000000000       -1.56140536499695     
   2.00000000000000      -0.493289390450381     
   2.00000000000000       -1.55773531058332     
   2.00000000000000      -0.497693424874953     
   2.00000000000000       -1.57113940887845     
   2.00000000000000      -0.493262547203183     
   2.00000000000000       -1.60280576145646     
   2.00000000000000      -0.480903063383260     
   2.00000000000000       -1.65409677007889     
   2.00000000000000      -0.462669050235118     
   2.00000000000000       -1.72707513276612     
   2.00000000000000      -0.441073716249993     
   2.00000000000000       -1.82558116123787     
   2.00000000000000      -0.418421724765086     
