   5.00000000000000       -11.7784828581592     
   5.00000000000000       -12.0856163865969     
   5.00000000000000       -12.3949779700895     
   5.00000000000000       -12.7073753234980     
   5.00000000000000       -13.0243968806693     
   5.00000000000000       -13.3490606507454     
   5.00000000000000       -13.6875072212482     
   5.00000000000000       -14.0521190622420     
   5.00000000000000       -14.4686386602271     
   5.00000000000000       -14.8065663052070     
   5.00000000000000       -14.8251981369657     
   5.00000000000000       -14.7973374032431     
   5.00000000000000       -14.8124031386754     
   5.00000000000000       -14.8680772374546     
   5.00000000000000       -14.9483782817445     
   5.00000000000000       -15.0465379391845     
   5.00000000000000       -15.1496835953678     
   5.00000000000000       -15.2215833402773     
   5.00000000000000       -15.2664765190738     
   5.00000000000000       -15.2917993099093     
   5.00000000000000       -15.3044140916242     
   5.00000000000000       -15.3095942474769     
   5.00000000000000       -15.3110087559186     
   5.00000000000000       -15.3111333661414     
   5.00000000000000       -15.3102212637440     
   5.00000000000000       -15.3096383342971     
   5.00000000000000       -15.3090835419046     
   5.00000000000000       -15.3085932749167     
   5.00000000000000       -15.3079910307347     
   5.00000000000000       -15.3074002593828     
   5.00000000000000       -15.3068416061028     
   5.00000000000000       -15.3061928293565     
   5.00000000000000       -15.3055671374224     
   5.00000000000000       -15.3050275422294     
   5.00000000000000       -15.3043332779604     
   5.00000000000000       -15.3039798022939     
   5.00000000000000       -15.3036680636554     
   5.00000000000000       -15.3034153567980     
   5.00000000000000       -15.3030918255349     
   5.00000000000000       -15.3028219076271     
   5.00000000000000       -15.3028252320839     
   5.00000000000000       -15.3025595405005     
   5.00000000000000       -15.3023425288873     
   5.00000000000000       -15.3022121157454     
   5.00000000000000       -15.3023746309140     
   5.00000000000000       -15.3022914288319     
   5.00000000000000       -15.3019434811343     
   5.00000000000000       -15.3018708658540     
   5.00000000000000       -15.3021632439632     
   5.00000000000000       -15.3020843230366     
   5.00000000000000       -15.3019589641350     
   5.00000000000000       -15.3019538030734     
   5.00000000000000       -15.3021195406501     
   5.00000000000000       -15.3019289202445     
   5.00000000000000       -15.3018904007508     
   5.00000000000000       -15.3021099523258     
   5.00000000000000       -15.3020059694828     
   5.00000000000000       -15.3020131589846     
   5.00000000000000       -15.3020332533515     
   5.00000000000000       -15.3018214796564     
   5.00000000000000       -15.3019090150078     
   5.00000000000000       -15.3016300690752     
   5.00000000000000       -15.3020400745865     
   5.00000000000000       -15.3018305088028     
   5.00000000000000       -15.3020315941483     
   5.00000000000000       -15.3018944552735     
   5.00000000000000       -15.3019169401316     
   5.00000000000000       -15.3019023801316     
   5.00000000000000       -15.3020680980814     
   5.00000000000000       -15.3018435921849     
   5.00000000000000       -15.3021938573418     
