   2.00000000000000       -7.86009610398072     
   2.00000000000000       -9.28440442560586     
   2.00000000000000       -7.48473346162119     
   2.00000000000000       -8.82100143170315     
   2.00000000000000       -7.12842581685371     
   2.00000000000000       -8.38146175448881     
   2.00000000000000       -6.77577191275101     
   2.00000000000000       -7.96477084341980     
   2.00000000000000       -6.39281678148754     
   2.00000000000000       -7.58582637515507     
   2.00000000000000       -5.99219323039214     
   2.00000000000000       -7.26452575703497     
   2.00000000000000       -5.59330492670568     
   2.00000000000000       -7.00131994218621     
   2.00000000000000       -5.20828017644528     
   2.00000000000000       -6.71692084359714     
   2.00000000000000       -4.85460067661592     
   2.00000000000000       -6.26368264878012     
   2.00000000000000       -4.53123800447538     
   2.00000000000000       -5.68941443493022     
   2.00000000000000       -4.24956636603867     
   2.00000000000000       -5.12100595720514     
   2.00000000000000       -3.96228033365580     
   2.00000000000000       -4.58741662461756     
   2.00000000000000       -3.67415485667767     
   2.00000000000000       -4.08074724812406     
   2.00000000000000       -3.31872181030965     
   2.00000000000000       -3.59434793150849     
   2.00000000000000       -3.02961113298053     
   2.00000000000000       -3.12866307113510     
   2.00000000000000       -2.85383447224648     
   2.00000000000000       -2.68819490447343     
   2.00000000000000       -2.85065493156767     
   2.00000000000000       -2.27812521065226     
   2.00000000000000       -2.73150534445576     
   2.00000000000000       -1.90451787713235     
   2.00000000000000       -2.28960797531075     
   2.00000000000000       -1.57526825007920     
   2.00000000000000       -1.92046123381229     
   2.00000000000000       -1.29816826026958     
   2.00000000000000       -1.63487183786025     
   2.00000000000000       -1.07786125883005     
   2.00000000000000       -1.42201355874558     
   2.00000000000000      -0.914458155197870     
   2.00000000000000       -1.25870057157653     
   2.00000000000000      -0.804048897928606     
   2.00000000000000       -1.13007928033852     
   2.00000000000000      -0.740182508570540     
   2.00000000000000       -1.02658165776333     
   2.00000000000000      -0.715481384959453     
   2.00000000000000      -0.942229864018326     
   2.00000000000000      -0.722644515831925     
   2.00000000000000      -0.873448366716370     
   2.00000000000000      -0.754083882290194     
   2.00000000000000      -0.818086809564462     
   2.00000000000000      -0.800667015743048     
   2.00000000000000      -0.774406868443855     
   2.00000000000000      -0.852554582540210     
   2.00000000000000      -0.740206225540277     
   2.00000000000000      -0.904593489276157     
   2.00000000000000      -0.712551171613427     
   2.00000000000000      -0.962424399004270     
   2.00000000000000      -0.688448314716225     
   2.00000000000000       -1.04280657682992     
   2.00000000000000      -0.666041869199503     
   2.00000000000000       -1.17161052415038     
   2.00000000000000      -0.645111557837434     
   2.00000000000000       -1.39763722831632     
   2.00000000000000      -0.626345170328317     
   2.00000000000000       -1.95066742166771     
   2.00000000000000      -0.610322034541270     
   2.00000000000000       -1.78223976668022     
   2.00000000000000      -0.597120305886128     
   2.00000000000000       -1.38168728688148     
   2.00000000000000      -0.586460095036220     
   2.00000000000000       -1.19882911369984     
   2.00000000000000      -0.577939036760902     
   2.00000000000000       -1.08754705222851     
   2.00000000000000      -0.571163341052860     
   2.00000000000000       -1.01226022143068     
   2.00000000000000      -0.565790649191264     
   2.00000000000000      -0.958484201924496     
   2.00000000000000      -0.561536548081225     
   2.00000000000000      -0.918822326008162     
   2.00000000000000      -0.558170081478868     
   2.00000000000000      -0.888962659812139     
   2.00000000000000      -0.555506193742186     
   2.00000000000000      -0.866167197750782     
   2.00000000000000      -0.553397770688025     
   2.00000000000000      -0.848593026939042     
   2.00000000000000      -0.551728368808695     
   2.00000000000000      -0.834947550079320     
   2.00000000000000      -0.550406017006360     
   2.00000000000000      -0.824296676391457     
   2.00000000000000      -0.549358128983219     
   2.00000000000000      -0.815950338107146     
   2.00000000000000      -0.548527415868487     
   2.00000000000000      -0.809390250175583     
   2.00000000000000      -0.547868641638229     
   2.00000000000000      -0.804222245092982     
   2.00000000000000      -0.547346063890012     
   2.00000000000000      -0.800143667822841     
   2.00000000000000      -0.546931421152975     
   2.00000000000000      -0.796920411288965     
   2.00000000000000      -0.546602351469507     
   2.00000000000000      -0.794370354631412     
   2.00000000000000      -0.546341149532204     
   2.00000000000000      -0.792351188271019     
   2.00000000000000      -0.546133789057630     
   2.00000000000000      -0.790751324520606     
   2.00000000000000      -0.545969152922122     
   2.00000000000000      -0.789483026854666     
   2.00000000000000      -0.545838426178038     
   2.00000000000000      -0.788477164140754     
   2.00000000000000      -0.545734616936580     
   2.00000000000000      -0.787679173318691     
   2.00000000000000      -0.545652177783552     
   2.00000000000000      -0.787045932163308     
   2.00000000000000      -0.545586706357594     
   2.00000000000000      -0.786543324542616     
   2.00000000000000      -0.545534708351192     
   2.00000000000000      -0.786144337058880     
   2.00000000000000      -0.545493409796317     
   2.00000000000000      -0.785827566238614     
   2.00000000000000      -0.545460608304089     
   2.00000000000000      -0.785576044671535     
   2.00000000000000      -0.545434555121462     
   2.00000000000000      -0.785376316041030     
   2.00000000000000      -0.545413861586500     
   2.00000000000000      -0.785217705073002     
   2.00000000000000      -0.545397424912759     
   2.00000000000000      -0.785091740572526     
   2.00000000000000      -0.545384369294591     
   2.00000000000000      -0.784991698971358     
   2.00000000000000      -0.545373999161505     
   2.00000000000000      -0.784912242915714     
   2.00000000000000      -0.545365762069606     
   2.00000000000000      -0.784849134916887     
   2.00000000000000      -0.545359219239663     
   2.00000000000000      -0.784799010356026     
   2.00000000000000      -0.545354022163823     
   2.00000000000000      -0.784759197465128     
   2.00000000000000      -0.545349894029424     
   2.00000000000000      -0.784727574515653     
   2.00000000000000      -0.545346614967065     
   2.00000000000000      -0.784702456494307     
   2.00000000000000      -0.545344010335033     
   2.00000000000000      -0.784682505159216     
   2.00000000000000      -0.545341941414754     
   2.00000000000000      -0.784666657640642     
   2.00000000000000      -0.545340298020838     
   2.00000000000000      -0.784654069755382     
   2.00000000000000      -0.545338992631620     
   2.00000000000000      -0.784644070998011     
   2.00000000000000      -0.545337955727244     
   2.00000000000000      -0.784636128800713     
   2.00000000000000      -0.545337132086800     
   2.00000000000000      -0.784629820150998     
   2.00000000000000      -0.545336477847189     
   2.00000000000000      -0.784624809051405     
   2.00000000000000      -0.545335958166981     
   2.00000000000000      -0.784620828618141     
