   2.00000000000000       -7.98120953155716     
   2.00000000000000       -8.49858933604347     
   2.00000000000000       -7.64245954957086     
   2.00000000000000       -8.08837503821393     
   2.00000000000000       -7.28949576038446     
   2.00000000000000       -7.68800200157742     
   2.00000000000000       -6.92272889906093     
   2.00000000000000       -7.30182800031570     
   2.00000000000000       -6.55900498927964     
   2.00000000000000       -6.93307328608678     
   2.00000000000000       -6.20139118823749     
   2.00000000000000       -6.58539506176671     
   2.00000000000000       -5.85538117254168     
   2.00000000000000       -6.26912770527479     
   2.00000000000000       -5.53916428081290     
   2.00000000000000       -6.01492805840506     
   2.00000000000000       -5.24359157049746     
   2.00000000000000       -5.92449022763035     
   2.00000000000000       -5.00503417524080     
   2.00000000000000       -6.50959232326354     
   2.00000000000000       -4.86021398901715     
   2.00000000000000       -5.19547838491920     
   2.00000000000000       -4.86773856086007     
   2.00000000000000       -4.76270655250219     
   2.00000000000000       -5.09375486255320     
   2.00000000000000       -4.60948888136377     
   2.00000000000000       -4.88145698164303     
   2.00000000000000       -4.77183060416709     
   2.00000000000000       -4.72943409339141     
   2.00000000000000       -5.58714767109284     
   2.00000000000000       -4.82187131752295     
   2.00000000000000       -4.78955339487982     
   2.00000000000000       -5.10639632552245     
   2.00000000000000       -4.82858545225700     
   2.00000000000000       -5.60026219848148     
   2.00000000000000       -5.16906907583993     
   2.00000000000000       -6.42852989196640     
   2.00000000000000       -5.78528790014340     
   2.00000000000000       -6.98560253774755     
   2.00000000000000       -6.74207472497513     
   2.00000000000000       -7.16149671724398     
   2.00000000000000       -8.60743292650178     
   2.00000000000000       -7.69347982575306     
   2.00000000000000       -8.45550983559629     
   2.00000000000000       -8.40237065285767     
   2.00000000000000       -9.26165684842071     
   2.00000000000000       -9.24745320703040     
   2.00000000000000       -10.2893077526395     
   2.00000000000000       -10.2162638089018     
   2.00000000000000       -11.4725187295459     
   2.00000000000000       -11.3081281331397     
   2.00000000000000       -12.7998995803884     
   2.00000000000000       -12.5281229559001     
   2.00000000000000       -14.2588892504198     
   2.00000000000000       -13.8808135694957     
   2.00000000000000       -15.5566497615190     
   2.00000000000000       -15.3302773343728     
   2.00000000000000       -15.9545897701910     
   2.00000000000000       -16.4688200259001     
   2.00000000000000       -15.7437364048761     
   2.00000000000000       -17.5124930804586     
   2.00000000000000       -16.0125817171687     
   2.00000000000000       -16.7639239864866     
   2.00000000000000       -16.0795285067993     
   2.00000000000000       -17.5167963574377     
   2.00000000000000       -16.0795285067993     
   2.00000000000000       -16.9782025549614     
   2.00000000000000       -16.8576797571829     
   2.00000000000000       -17.0625848350434     
   2.00000000000000       -16.8576797571829     
   2.00000000000000       -32.1968455744880     
   2.00000000000000       -15.0000000000000     
   2.00000000000000       -32.3217843110963     
   2.00000000000000       -15.0000000000000     
   2.00000000000000       -32.4309287805214     
   2.00000000000000       -15.0000000000000     
   2.00000000000000       -32.5356641310414     
   2.00000000000000       -15.0000000000000     
   2.00000000000000       -32.6476378904853     
   2.00000000000000       -15.0000000000000     
   2.00000000000000       -32.7811767988555     
   2.00000000000000       -15.0000000000000     
   2.00000000000000       -32.9003632065747     
   2.00000000000000       -15.0000000000000     
