   2.00000000000000       -7.31969414046819     
   2.00000000000000       -6.86181808943246     
   2.00000000000000       -6.45291623971445     
   2.00000000000000       -6.08677648344456     
   2.00000000000000       -5.74438141479589     
   2.00000000000000       -5.38545704689509     
   2.00000000000000       -4.99073300458750     
   2.00000000000000       -4.63140766224167     
   2.00000000000000       -4.48266040293098     
   2.00000000000000       -4.67799688405355     
   2.00000000000000       -3.62274026097538     
   2.00000000000000       -3.21906369427236     
   2.00000000000000       -3.07320511190445     
   2.00000000000000       -3.12277614776801     
   2.00000000000000       -2.98082185765396     
   2.00000000000000       -2.38768787672631     
   2.00000000000000       -1.85798286684653     
   2.00000000000000       -1.45470383573880     
   2.00000000000000       -1.14082587603413     
   2.00000000000000      -0.892442036540549     
   2.00000000000000      -0.700324365349491     
   2.00000000000000      -0.562749717167371     
   2.00000000000000      -0.478181013792075     
   2.00000000000000      -0.440877402959611     
   2.00000000000000      -0.424972312155986     
   2.00000000000000      -0.305903416696134     
   2.00000000000000      -0.358940321280671     
   2.00000000000000       0.225596726577430     
   2.00000000000000       2.966585015849444E-003
   2.00000000000000       0.222285706855245     
   2.00000000000000       0.275861114497605     
   2.00000000000000       0.280950998614296     
   2.00000000000000       0.284094388084736     
   2.00000000000000       0.286597180409992     
   2.00000000000000       0.288587600772689     
   2.00000000000000       0.290169000230630     
   2.00000000000000       0.291424782302587     
   2.00000000000000       0.292421752383235     
   2.00000000000000       0.293213185098040     
   2.00000000000000       0.293841457081713     
   2.00000000000000       0.294340229323813     
   2.00000000000000       0.294736220800616     
   2.00000000000000       0.295050633658050     
   2.00000000000000       0.295300290974119     
   2.00000000000000       0.295498541765631     
   2.00000000000000       0.295655979460777     
   2.00000000000000       0.295781011749862     
   2.00000000000000       0.295880312393786     
   2.00000000000000       0.295959179426189     
   2.00000000000000       0.296021819176756     
   2.00000000000000       0.296071571520845     
   2.00000000000000       0.296111088556412     
   2.00000000000000       0.296142476367767     
   2.00000000000000       0.296167407523968     
   2.00000000000000       0.296187204076479     
   2.00000000000000       0.296202861159151     
   2.00000000000000       0.296215297846104     
   2.00000000000000       0.296225176546384     
   2.00000000000000       0.296233023406537     
   2.00000000000000       0.296239256344605     
   2.00000000000000       0.296244207315175     
   2.00000000000000       0.296248139993122     
   2.00000000000000       0.296251263819034     
   2.00000000000000       0.296253745155071     
   2.00000000000000       0.296255716145872     
   2.00000000000000       0.296257281756693     
   2.00000000000000       0.296258525363790     
   2.00000000000000       0.296259513194895     
   2.00000000000000       0.296260297856323     
   2.00000000000000       0.296260921134603     
   2.00000000000000       0.296261416221855     
   2.00000000000000       0.296261809483460     
   2.00000000000000       0.296262121862144     
   2.00000000000000       0.296262369993282     
   2.00000000000000       0.296262567090805     
   2.00000000000000       0.296262723650905     
   2.00000000000000       0.296262848010995     
   2.00000000000000       0.296262946793714     
   2.00000000000000       0.296263025259610     
   2.00000000000000       0.296263087587282     
   2.00000000000000       0.296263137095909     
