   2.00000000000000       -7.86499890341038     
   2.00000000000000       -9.33102294051512     
   2.00000000000000       -7.49067964070746     
   2.00000000000000       -8.86778533571009     
   2.00000000000000       -7.13661712714399     
   2.00000000000000       -8.43179714535880     
   2.00000000000000       -6.78271215653846     
   2.00000000000000       -8.02207278115809     
   2.00000000000000       -6.39752248479043     
   2.00000000000000       -7.65843538240247     
   2.00000000000000       -5.99511752322786     
   2.00000000000000       -7.37658465282148     
   2.00000000000000       -5.59414832216748     
   2.00000000000000       -7.22553336345844     
   2.00000000000000       -5.21354137595543     
   2.00000000000000       -7.23545415373767     
   2.00000000000000       -4.85502553477056     
   2.00000000000000       -6.97241257751627     
   2.00000000000000       -4.53420950268874     
   2.00000000000000       -6.18371657403350     
   2.00000000000000       -4.23272733003305     
   2.00000000000000       -5.48110226382053     
   2.00000000000000       -3.93934784338822     
   2.00000000000000       -4.88132569606186     
   2.00000000000000       -3.69171078691392     
   2.00000000000000       -4.33341749554704     
   2.00000000000000       -3.35907728986304     
   2.00000000000000       -3.81331342549207     
   2.00000000000000       -3.06072778681311     
   2.00000000000000       -3.31583587839540     
   2.00000000000000       -2.86872040066595     
   2.00000000000000       -2.84403968178671     
   2.00000000000000       -2.65137445303209     
   2.00000000000000       -2.40277768563897     
   2.00000000000000       -2.49897681390014     
   2.00000000000000       -1.99788348391160     
   2.00000000000000       -2.34636341794472     
   2.00000000000000       -1.63579522334806     
   2.00000000000000       -2.01892413659512     
   2.00000000000000       -1.32140746532508     
   2.00000000000000       -1.74234602095578     
   2.00000000000000       -1.05694657047045     
   2.00000000000000       -1.54697836116851     
   2.00000000000000      -0.842211718368485     
   2.00000000000000       -1.40444367730668     
   2.00000000000000      -0.674656787737916     
   2.00000000000000       -1.30077275751988     
   2.00000000000000      -0.549333170289489     
   2.00000000000000       -1.22732468059585     
   2.00000000000000      -0.459436320271048     
   2.00000000000000       -1.17751993052946     
   2.00000000000000      -0.397400134604266     
   2.00000000000000       -1.14557983879392     
   2.00000000000000      -0.355879359332252     
   2.00000000000000       -1.12620918370074     
   2.00000000000000      -0.328283790378224     
   2.00000000000000       -1.11484863117594     
   2.00000000000000      -0.309301185756201     
   2.00000000000000       -1.10808642885763     
   2.00000000000000      -0.295709472844414     
   2.00000000000000       -1.10380662565583     
   2.00000000000000      -0.286704495977543     
   2.00000000000000       -1.10101135681150     
   2.00000000000000      -0.283022709148108     
   2.00000000000000       -1.09941825468216     
   2.00000000000000      -0.285426349436410     
   2.00000000000000       -1.09901564119926     
   2.00000000000000      -0.293630441003191     
   2.00000000000000       -1.09505333022519     
   2.00000000000000      -0.306210994722333     
   2.00000000000000       -1.04499886866101     
   2.00000000000000      -0.321272092120824     
   2.00000000000000       -1.00234546004874     
   2.00000000000000      -0.337168032171756     
   2.00000000000000      -0.967209428548357     
   2.00000000000000      -0.352786089025828     
   2.00000000000000      -0.938701765059672     
   2.00000000000000      -0.367462344029061     
   2.00000000000000      -0.915746091794836     
   2.00000000000000      -0.380823113581751     
   2.00000000000000      -0.897344485119305     
   2.00000000000000      -0.392686302444996     
   2.00000000000000      -0.882637131502590     
   2.00000000000000      -0.403006641222334     
   2.00000000000000      -0.870905603122435     
   2.00000000000000      -0.411834589954805     
   2.00000000000000      -0.861560149691323     
   2.00000000000000      -0.419281560628237     
   2.00000000000000      -0.854122068308718     
   2.00000000000000      -0.425492028967427     
   2.00000000000000      -0.848205611830168     
   2.00000000000000      -0.430622901916785     
   2.00000000000000      -0.843501410258689     
   2.00000000000000      -0.434829491388623     
   2.00000000000000      -0.839762120082502     
   2.00000000000000      -0.438256886252357     
   2.00000000000000      -0.836790395313998     
   2.00000000000000      -0.441035371701102     
   2.00000000000000      -0.834428997007738     
   2.00000000000000      -0.443278658757204     
   2.00000000000000      -0.832552757704902     
   2.00000000000000      -0.445083917893057     
   2.00000000000000      -0.831062102264989     
   2.00000000000000      -0.446532865842172     
   2.00000000000000      -0.829877849152989     
   2.00000000000000      -0.447693383059218     
   2.00000000000000      -0.828937052473012     
   2.00000000000000      -0.448621321248780     
   2.00000000000000      -0.828189683447224     
   2.00000000000000      -0.449362294246783     
   2.00000000000000      -0.827595985629731     
   2.00000000000000      -0.449953338063941     
   2.00000000000000      -0.827124369104748     
   2.00000000000000      -0.450424386408958     
   2.00000000000000      -0.826749734939656     
   2.00000000000000      -0.450799545406758     
   2.00000000000000      -0.826452142598683     
   2.00000000000000      -0.451098172815985     
   2.00000000000000      -0.826215750462935     
   2.00000000000000      -0.451335778321160     
   2.00000000000000      -0.826027973680805     
   2.00000000000000      -0.451524766311991     
   2.00000000000000      -0.825878814880661     
   2.00000000000000      -0.451675043593454     
   2.00000000000000      -0.825760332329311     
   2.00000000000000      -0.451794513402568     
   2.00000000000000      -0.825666217348657     
   2.00000000000000      -0.451889475011600     
   2.00000000000000      -0.825591458568491     
   2.00000000000000      -0.451964945714481     
   2.00000000000000      -0.825532075185191     
   2.00000000000000      -0.452024919489922     
   2.00000000000000      -0.825484905052150     
   2.00000000000000      -0.452072574302975     
   2.00000000000000      -0.825447436335666     
   2.00000000000000      -0.452110437934492     
   2.00000000000000      -0.825417673783018     
   2.00000000000000      -0.452140520440712     
   2.00000000000000      -0.825394032488379     
   2.00000000000000      -0.452164419835349     
   2.00000000000000      -0.825375253503506     
   2.00000000000000      -0.452183406330363     
   2.00000000000000      -0.825360336802270     
   2.00000000000000      -0.452198489436678     
   2.00000000000000      -0.825348488030582     
   2.00000000000000      -0.452210471381834     
   2.00000000000000      -0.825339076207404     
   2.00000000000000      -0.452219989615212     
   2.00000000000000      -0.825331600124661     
   2.00000000000000      -0.452227550618070     
   2.00000000000000      -0.825325661657369     
   2.00000000000000      -0.452233556789362     
   2.00000000000000      -0.825320944562784     
   2.00000000000000      -0.452238327820610     
   2.00000000000000      -0.825317197639908     
   2.00000000000000      -0.452242117686271     
   2.00000000000000      -0.825314221352344     
   2.00000000000000      -0.452245128147187     
   2.00000000000000      -0.825311857202515     
   2.00000000000000      -0.452247519481441     
   2.00000000000000      -0.825309979291187     
   2.00000000000000      -0.452249419011082     
