   2.00000000000000       -8.99125157589875     
   2.00000000000000       -8.98878471092656     
   2.00000000000000       -9.01116787360193     
   2.00000000000000       -7.99259040067796     
   2.00000000000000       -7.40503558347412     
   2.00000000000000       -6.94943251795528     
   2.00000000000000       -6.58550896075582     
   2.00000000000000       -6.30286355445574     
   2.00000000000000       -6.10324728781855     
   2.00000000000000       -5.99965596603294     
   2.00000000000000       -6.01441847993379     
   2.00000000000000       -6.17618344903450     
   2.00000000000000       -6.51974769910588     
   2.00000000000000       -7.08800714981307     
   2.00000000000000       -7.93415148169278     
   2.00000000000000       -9.12741674951524     
   2.00000000000000       -10.9303833229009     
   2.00000000000000       -11.5293164655804     
   2.00000000000000       -12.1109832982665     
   2.00000000000000       -12.5615413037742     
   2.00000000000000       -12.2267233207235     
   2.00000000000000       -12.2426139158392     
   2.00000000000000       -12.1675545881648     
   2.00000000000000       -11.2563151935166     
   2.00000000000000       -9.20105450929985     
   2.00000000000000       -7.79113479686879     
   2.00000000000000       -6.80026073990562     
   2.00000000000000       -6.06264368196068     
   2.00000000000000       -5.50283841731770     
   2.00000000000000       -5.07918714687792     
   2.00000000000000       -4.76854940120517     
   2.00000000000000       -4.55601243255280     
   2.00000000000000       -4.41731610983255     
   2.00000000000000       -4.27677583352816     
   2.00000000000000       -4.02174371696183     
   2.00000000000000       -3.68134979086426     
   2.00000000000000       -3.36302541541366     
   2.00000000000000       -3.10691867439998     
   2.00000000000000       -2.91162321179941     
   2.00000000000000       -2.76601982883511     
   2.00000000000000       -2.65882080383515     
   2.00000000000000       -2.58057845441900     
   2.00000000000000       -2.52383995501386     
   2.00000000000000       -2.48288651115178     
   2.00000000000000       -2.45340933461410     
   2.00000000000000       -2.43221017785840     
   2.00000000000000       -2.41694629392837     
   2.00000000000000       -2.40592144735332     
   2.00000000000000       -2.39791939238817     
   2.00000000000000       -2.39207451950166     
   2.00000000000000       -2.38777376753527     
   2.00000000000000       -2.38458388294779     
   2.00000000000000       -2.38219852656102     
   2.00000000000000       -2.38040044074513     
   2.00000000000000       -2.37903473767176     
   2.00000000000000       -2.37799021586716     
   2.00000000000000       -2.37718636883964     
   2.00000000000000       -2.37656437474211     
   2.00000000000000       -2.37608084395679     
   2.00000000000000       -2.37570346625770     
   2.00000000000000       -2.37540796325745     
   2.00000000000000       -2.37517593841671     
   2.00000000000000       -2.37499334638142     
   2.00000000000000       -2.37484939215158     
   2.00000000000000       -2.37473573091309     
   2.00000000000000       -2.37464588014256     
   2.00000000000000       -2.37457478316538     
   2.00000000000000       -2.37451848196354     
   2.00000000000000       -2.37447386968759     
   2.00000000000000       -2.37443850195734     
   2.00000000000000       -2.37441045197436     
   2.00000000000000       -2.37438819860780     
   2.00000000000000       -2.37437053950586     
   2.00000000000000       -2.37435652335020     
   2.00000000000000       -2.37434539684369     
   2.00000000000000       -2.37433656311358     
   2.00000000000000       -2.37432954898892     
   2.00000000000000       -2.37432397921157     
   2.00000000000000       -2.37431955607758     
   2.00000000000000       -2.37431604334999     
   2.00000000000000       -2.37431325352833     
