   2.00000000000000       -7.13069983540841     
   2.00000000000000       -6.75381539879418     
   2.00000000000000       -6.41068481615540     
   2.00000000000000       -6.11418573327500     
   2.00000000000000       -5.87939685779617     
   2.00000000000000       -5.71160111306997     
   2.00000000000000       -5.55787292037129     
   2.00000000000000       -5.44958931096882     
   2.00000000000000       -5.41230267994139     
   2.00000000000000       -5.43027539529229     
   2.00000000000000       -5.16759049640885     
   2.00000000000000       -5.11001080033230     
   2.00000000000000       -5.21833033730452     
   2.00000000000000       -5.49031895454521     
   2.00000000000000       -5.94788225490200     
   2.00000000000000       -6.67907434404474     
   2.00000000000000       -8.28710488987455     
   2.00000000000000       -7.89401171701496     
   2.00000000000000       -8.50758549182406     
   2.00000000000000       -9.40448420016275     
   2.00000000000000       -10.5029423594538     
   2.00000000000000       -11.7615310629584     
   2.00000000000000       -13.1630274072296     
   2.00000000000000       -14.7101795696785     
   2.00000000000000       -16.1469222292112     
   2.00000000000000       -16.6044930009870     
   2.00000000000000       -16.5805792428359     
   2.00000000000000       -16.7736089169810     
   2.00000000000000       -16.9491735921369     
   2.00000000000000       -17.0015884296674     
   2.00000000000000       -17.1075811239826     
   2.00000000000000       -17.0289358478356     
   2.00000000000000       -17.2486060434665     
   2.00000000000000       -17.9398083732862     
   2.00000000000000       -20.5263416982527     
   2.00000000000000       -19.8010221937607     
   2.00000000000000       -32.4156888139646     
   2.00000000000000       -32.5558675171297     
   2.00000000000000       -32.6739668292077     
   2.00000000000000       -32.7811767988555     
   2.00000000000000       -32.9003632065747     
   2.00000000000000       -33.0822067945195     
   2.00000000000000       -33.2248742980883     
   2.00000000000000       -33.4589575041216     
   2.00000000000000       -33.7599874997856     
   2.00000000000000       -34.5703234335406     
   2.00000000000000       -34.0822067945195     
   2.00000000000000       -33.7599874997856     
   2.00000000000000       -33.6050855397999     
   2.00000000000000       -33.5259042937522     
   2.00000000000000       -33.4589575041216     
   2.00000000000000       -33.4387541180333     
   2.00000000000000       -33.4009655571439     
   2.00000000000000       -33.3832367901835     
   2.00000000000000       -33.3340187675133     
   2.00000000000000       -33.3340187675133     
   2.00000000000000       -33.3340187675133     
   2.00000000000000       -33.3187788009566     
   2.00000000000000       -33.3340187675133     
   2.00000000000000       -33.3187788009566     
   2.00000000000000       -33.3187788009566     
   2.00000000000000       -33.3040555441359     
   2.00000000000000       -33.2898151050213     
   2.00000000000000       -33.3040555441359     
   2.00000000000000       -33.2760268205356     
   2.00000000000000       -33.2898151050213     
   2.00000000000000       -33.2898151050213     
   2.00000000000000       -33.2898151050213     
   2.00000000000000       -33.2898151050213     
   2.00000000000000       -33.2898151050213     
   2.00000000000000       -33.2898151050213     
   2.00000000000000       -33.3040555441359     
   2.00000000000000       -33.3040555441359     
   2.00000000000000       -33.2898151050213     
   2.00000000000000       -33.2898151050213     
   2.00000000000000       -33.2898151050213     
   2.00000000000000       -33.3040555441359     
   2.00000000000000       -33.2898151050213     
   2.00000000000000       -33.3040555441359     
   2.00000000000000       -33.2898151050213     
   2.00000000000000       -33.3040555441359     
