   2.00000000000000       -8.03107129721696     
   2.00000000000000       -9.55226888056950     
   2.00000000000000       -7.66829847094749     
   2.00000000000000       -9.15844036537293     
   2.00000000000000       -7.30649683056826     
   2.00000000000000       -8.68178509851190     
   2.00000000000000       -6.91384405278359     
   2.00000000000000       -8.15158521205500     
   2.00000000000000       -6.50227540719918     
   2.00000000000000       -7.58457102871233     
   2.00000000000000       -6.09617664292937     
   2.00000000000000       -6.99707987656790     
   2.00000000000000       -5.71881974468375     
   2.00000000000000       -6.41727568338762     
   2.00000000000000       -5.38387562125266     
   2.00000000000000       -5.87066702856186     
   2.00000000000000       -5.09037036366827     
   2.00000000000000       -5.36942470135739     
   2.00000000000000       -4.79326395984714     
   2.00000000000000       -4.91420532613377     
   2.00000000000000       -4.50984817652851     
   2.00000000000000       -4.50296299594466     
   2.00000000000000       -4.29279929615092     
   2.00000000000000       -4.14263454907144     
   2.00000000000000       -4.11303611612597     
   2.00000000000000       -3.85874563679007     
   2.00000000000000       -3.69465569220001     
   2.00000000000000       -3.71560254743522     
   2.00000000000000       -3.30488984987285     
   2.00000000000000       -4.03753886195656     
   2.00000000000000       -2.95695525352210     
   2.00000000000000       -3.41237907200073     
   2.00000000000000       -2.69256278256947     
   2.00000000000000       -2.89722234265886     
   2.00000000000000       -2.50285935320768     
   2.00000000000000       -2.68786328206875     
   2.00000000000000       -2.42415651640886     
   2.00000000000000       -2.69090950650130     
   2.00000000000000       -2.45326832962092     
   2.00000000000000       -2.94211921866035     
   2.00000000000000       -2.58728320473724     
   2.00000000000000       -4.24677808618072     
   2.00000000000000       -2.84255036503034     
   2.00000000000000       -3.25963010070364     
   2.00000000000000       -3.32789144974587     
   2.00000000000000       -3.21842682406610     
   2.00000000000000       -3.78341492086996     
   2.00000000000000       -3.38712468381503     
   2.00000000000000       -3.34046050945483     
   2.00000000000000       -3.66819614878909     
   2.00000000000000       -3.27729188846102     
   2.00000000000000       -4.02473637665967     
   2.00000000000000       -3.32146399227642     
   2.00000000000000       -4.43936379092067     
   2.00000000000000       -3.42405754548864     
   2.00000000000000       -4.90339587576981     
   2.00000000000000       -3.56698728409787     
   2.00000000000000       -5.41173892071138     
   2.00000000000000       -3.74178565123240     
   2.00000000000000       -5.96113146704437     
   2.00000000000000       -3.94404937037708     
   2.00000000000000       -6.55059981253586     
   2.00000000000000       -4.17116327228226     
   2.00000000000000       -7.18323438425812     
   2.00000000000000       -4.42052338252844     
   2.00000000000000       -7.86890828165894     
   2.00000000000000       -4.68664545815985     
   2.00000000000000       -8.62969452001688     
   2.00000000000000       -4.95526407658387     
   2.00000000000000       -9.51837069239630     
   2.00000000000000       -5.19550392290721     
   2.00000000000000       -10.7457589059258     
   2.00000000000000       -5.36665400682153     
   2.00000000000000       -11.6418545598605     
   2.00000000000000       -5.45628847181195     
   2.00000000000000       -13.7909812067600     
   2.00000000000000       -5.49569323998096     
   2.00000000000000       -12.3320001775648     
   2.00000000000000       -5.52174240542197     
   2.00000000000000       -12.8426554938583     
   2.00000000000000       -5.55324540985285     
   2.00000000000000       -13.4075846813113     
   2.00000000000000       -5.59501157799852     
   2.00000000000000       -13.2266420606462     
