   2.00000000000000       -7.86887940437566     
   2.00000000000000       -8.45529090865564     
   2.00000000000000       -7.53808948002427     
   2.00000000000000       -8.04143500406648     
   2.00000000000000       -7.20720178590436     
   2.00000000000000       -7.63921845281700     
   2.00000000000000       -6.86656278796000     
   2.00000000000000       -7.25424827762012     
   2.00000000000000       -6.51623969376894     
   2.00000000000000       -6.89209385360835     
   2.00000000000000       -6.17054506691430     
   2.00000000000000       -6.56010094949339     
   2.00000000000000       -5.84536739318311     
   2.00000000000000       -6.27387854191027     
   2.00000000000000       -5.54356804902196     
   2.00000000000000       -6.07514113667933     
   2.00000000000000       -5.26160127998668     
   2.00000000000000       -6.13724480745701     
   2.00000000000000       -5.04404579147492     
   2.00000000000000       -5.89452035369163     
   2.00000000000000       -4.93503731779818     
   2.00000000000000       -5.13869068418514     
   2.00000000000000       -5.00034245216424     
   2.00000000000000       -4.79239127916918     
   2.00000000000000       -5.33714166050322     
   2.00000000000000       -4.70536556309974     
   2.00000000000000       -4.89034077397894     
   2.00000000000000       -4.98640574047686     
   2.00000000000000       -4.81970597828137     
   2.00000000000000       -5.22627646152817     
   2.00000000000000       -4.97060574682876     
   2.00000000000000       -4.84326525785916     
   2.00000000000000       -5.31737243463001     
   2.00000000000000       -4.96289933698747     
   2.00000000000000       -5.90023457493590     
   2.00000000000000       -5.37086022752856     
   2.00000000000000       -7.08966662981593     
   2.00000000000000       -6.06699307578192     
   2.00000000000000       -7.03124738103922     
   2.00000000000000       -7.17101103303780     
   2.00000000000000       -7.39782293940053     
   2.00000000000000       -8.29573842917185     
   2.00000000000000       -8.02067952731012     
   2.00000000000000       -8.74951388597917     
   2.00000000000000       -8.80465207790703     
   2.00000000000000       -9.66357801060849     
   2.00000000000000       -9.72146868492953     
   2.00000000000000       -10.7725812102524     
   2.00000000000000       -10.7631772225228     
   2.00000000000000       -12.0321108455742     
   2.00000000000000       -11.9316716574345     
   2.00000000000000       -13.4364049659726     
   2.00000000000000       -13.2332878689055     
   2.00000000000000       -14.8891968086290     
   2.00000000000000       -14.6494883010558     
   2.00000000000000       -15.6815884981273     
   2.00000000000000       -15.8718772297040     
   2.00000000000000       -15.9034372477436     
   2.00000000000000       -16.6357418622909     
   2.00000000000000       -15.7115517215047     
   2.00000000000000       -17.5124930804586     
   2.00000000000000       -16.0125817171687     
   2.00000000000000       -16.8315626643142     
   2.00000000000000       -15.9545897701910     
   2.00000000000000       -17.5167963574377     
   2.00000000000000       -16.0795285067993     
   2.00000000000000       -16.9782025549614     
   2.00000000000000       -16.8576797571829     
   2.00000000000000       -17.0625848350434     
   2.00000000000000       -16.8576797571829     
   2.00000000000000       -32.1968455744880     
   2.00000000000000       -15.0000000000000     
   2.00000000000000       -32.3217843110963     
   2.00000000000000       -15.0000000000000     
   2.00000000000000       -32.4309287805214     
   2.00000000000000       -15.0000000000000     
   2.00000000000000       -32.5356641310414     
   2.00000000000000       -15.0000000000000     
   2.00000000000000       -32.6476378904853     
   2.00000000000000       -15.0000000000000     
   2.00000000000000       -32.7811767988555     
   2.00000000000000       -15.0000000000000     
   2.00000000000000       -32.9003632065747     
   2.00000000000000       -15.0000000000000     
