   2.00000000000000       -7.84787584333338     
   2.00000000000000       -9.03806770855119     
   2.00000000000000       -7.46975301675413     
   2.00000000000000       -8.57155094180067     
   2.00000000000000       -7.10766224664700     
   2.00000000000000       -8.11870664288461     
   2.00000000000000       -6.75379819854411     
   2.00000000000000       -7.67863812726279     
   2.00000000000000       -6.37895444073793     
   2.00000000000000       -7.25252907056434     
   2.00000000000000       -5.98479396579867     
   2.00000000000000       -6.83463048324937     
   2.00000000000000       -5.58549139325533     
   2.00000000000000       -6.40640623505869     
   2.00000000000000       -5.20352651162300     
   2.00000000000000       -5.95015305262047     
   2.00000000000000       -4.85702619375182     
   2.00000000000000       -5.47367000510642     
   2.00000000000000       -4.54032754688601     
   2.00000000000000       -5.00434962814657     
   2.00000000000000       -4.25607496276044     
   2.00000000000000       -4.56614331734817     
   2.00000000000000       -3.98694568036406     
   2.00000000000000       -4.17663076887784     
   2.00000000000000       -3.65118529001191     
   2.00000000000000       -3.85765382514132     
   2.00000000000000       -3.32003752066226     
   2.00000000000000       -3.65239759547622     
   2.00000000000000       -3.03088502641707     
   2.00000000000000       -3.70126059281202     
   2.00000000000000       -2.69461589901176     
   2.00000000000000       -3.76654363439075     
   2.00000000000000       -2.39514370952861     
   2.00000000000000       -3.00305576629442     
   2.00000000000000       -2.12535648325450     
   2.00000000000000       -2.78368318274347     
   2.00000000000000       -1.90310568098828     
   2.00000000000000       -3.33860250382144     
   2.00000000000000       -1.71937027836436     
   2.00000000000000       -2.34194278019953     
   2.00000000000000       -1.56444567736111     
   2.00000000000000       -1.84910325878231     
   2.00000000000000       -1.43311543583100     
   2.00000000000000       -1.56982430609462     
   2.00000000000000       -1.32307267231476     
   2.00000000000000       -1.40131839137663     
   2.00000000000000       -1.23083977491770     
   2.00000000000000       -1.30991004448739     
   2.00000000000000       -1.14430509307538     
   2.00000000000000       -1.28056356585021     
   2.00000000000000       -1.06400184260878     
   2.00000000000000       -1.30855223187053     
   2.00000000000000      -0.996842339101461     
   2.00000000000000       -1.40075416368103     
   2.00000000000000      -0.940257990158148     
   2.00000000000000       -1.59152385316189     
   2.00000000000000      -0.892597800211960     
   2.00000000000000       -2.07441704186375     
   2.00000000000000      -0.852687972326349     
   2.00000000000000       -1.98881462309691     
   2.00000000000000      -0.819579349659403     
   2.00000000000000       -1.53552552863137     
   2.00000000000000      -0.792422605545134     
   2.00000000000000       -1.32611477958108     
   2.00000000000000      -0.760862134582983     
   2.00000000000000       -1.19602435991440     
   2.00000000000000      -0.735216513952710     
   2.00000000000000       -1.10780095313032     
   2.00000000000000      -0.715429822377763     
   2.00000000000000       -1.04701743759586     
   2.00000000000000      -0.700943025461358     
   2.00000000000000       -1.00691437269045     
   2.00000000000000      -0.691142612402358     
   2.00000000000000      -0.983871275774371     
   2.00000000000000      -0.685358956778496     
   2.00000000000000      -0.975583978167087     
   2.00000000000000      -0.682923362920159     
   2.00000000000000      -0.980176250418948     
   2.00000000000000      -0.683219535972281     
   2.00000000000000      -0.995771905351098     
   2.00000000000000      -0.685701682711218     
   2.00000000000000       -1.02038474817513     
   2.00000000000000      -0.686568318568852     
   2.00000000000000       -1.05197952996371     
