   2.00000000000000       -6.98992833967288     
   2.00000000000000       -6.60123544847032     
   2.00000000000000       -6.24701774453025     
   2.00000000000000       -5.94155572632805     
   2.00000000000000       -5.70287171877755     
   2.00000000000000       -5.52981056758244     
   2.00000000000000       -5.36886987950172     
   2.00000000000000       -5.25716409378237     
   2.00000000000000       -5.19619695754145     
   2.00000000000000       -4.95635687245234     
   2.00000000000000       -4.78325459359439     
   2.00000000000000       -4.78379994848672     
   2.00000000000000       -4.94419364162906     
   2.00000000000000       -5.27021946036540     
   2.00000000000000       -5.78939460937589     
   2.00000000000000       -6.58434797615246     
   2.00000000000000       -8.31711882181085     
   2.00000000000000       -8.16068833010747     
   2.00000000000000       -8.89776010099920     
   2.00000000000000       -9.94002487925668     
   2.00000000000000       -11.1837882644504     
   2.00000000000000       -12.5776603659140     
   2.00000000000000       -14.0976108294316     
   2.00000000000000       -15.4717408008936     
   2.00000000000000       -15.8195980704899     
   2.00000000000000       -16.0040725644175     
   2.00000000000000       -15.9416861716257     
   2.00000000000000       -16.1562485942495     
   2.00000000000000       -16.2951696464492     
   2.00000000000000       -16.5143814930766     
   2.00000000000000       -16.4469774764800     
   2.00000000000000       -16.6758337055139     
   2.00000000000000       -16.8279791231553     
   2.00000000000000       -16.7488621567220     
   2.00000000000000       -16.9826604437314     
   2.00000000000000       -17.9689734394626     
   2.00000000000000       -17.2961184035806     
   2.00000000000000       -17.2770778918539     
   2.00000000000000       -17.3219571674920     
   2.00000000000000       -17.7188668224715     
   2.00000000000000       -16.9110132026787     
   2.00000000000000       -17.4283160621123     
