   5.00000000000000       -12.3564186321680     
   5.00000000000000       -12.6092835390801     
   5.00000000000000       -12.8578558810513     
   5.00000000000000       -13.1029858841640     
   5.00000000000000       -13.3458092559701     
   5.00000000000000       -13.5875636958586     
   5.00000000000000       -13.8325671423162     
   5.00000000000000       -14.0910693901298     
   5.00000000000000       -14.3816275460565     
   5.00000000000000       -14.7517314976276     
   5.00000000000000       -15.0443846643483     
   5.00000000000000       -15.0764122008407     
   5.00000000000000       -15.0100693855391     
   5.00000000000000       -14.9406301167763     
   5.00000000000000       -14.9108401878442     
   5.00000000000000       -14.9103062005572     
   5.00000000000000       -14.9242813031324     
   5.00000000000000       -14.9460831918721     
   5.00000000000000       -14.9714414188915     
   5.00000000000000       -14.9973461837405     
   5.00000000000000       -15.0225273545949     
   5.00000000000000       -15.0462250117997     
   5.00000000000000       -15.0675669243415     
   5.00000000000000       -15.0864004144218     
   5.00000000000000       -15.1012210306057     
   5.00000000000000       -15.1129404998615     
   5.00000000000000       -15.1223755580420     
   5.00000000000000       -15.1295400676248     
   5.00000000000000       -15.1354296562208     
   5.00000000000000       -15.1398701642704     
   5.00000000000000       -15.1433319340050     
   5.00000000000000       -15.1458543852215     
   5.00000000000000       -15.1482553103421     
   5.00000000000000       -15.1496930716026     
   5.00000000000000       -15.1511047415743     
   5.00000000000000       -15.1519612327835     
   5.00000000000000       -15.1527702569722     
   5.00000000000000       -15.1534883289345     
   5.00000000000000       -15.1539729916291     
   5.00000000000000       -15.1544399531265     
   5.00000000000000       -15.1546619358476     
   5.00000000000000       -15.1548950676265     
   5.00000000000000       -15.1550204194743     
   5.00000000000000       -15.1553163355013     
   5.00000000000000       -15.1552899038802     
   5.00000000000000       -15.1555683714417     
   5.00000000000000       -15.1556804928771     
   5.00000000000000       -15.1556549603337     
   5.00000000000000       -15.1557801368000     
   5.00000000000000       -15.1556882582267     
   5.00000000000000       -15.1557416981265     
   5.00000000000000       -15.1558946831579     
   5.00000000000000       -15.1557045790750     
   5.00000000000000       -15.1558853339895     
   5.00000000000000       -15.1559158841304     
   5.00000000000000       -15.1558846756049     
   5.00000000000000       -15.1558450426934     
   5.00000000000000       -15.1557153722309     
   5.00000000000000       -15.1557642080328     
   5.00000000000000       -15.1558001473190     
   5.00000000000000       -15.1556914170527     
   5.00000000000000       -15.1558870457940     
   5.00000000000000       -15.1558296381856     
   5.00000000000000       -15.1559448560769     
   5.00000000000000       -15.1558583410412     
   5.00000000000000       -15.1558882308934     
   5.00000000000000       -15.1558730882002     
   5.00000000000000       -15.1559600012727     
   5.00000000000000       -15.1558418827498     
   5.00000000000000       -15.1557152406054     
   5.00000000000000       -15.1557527554785     
