   2.00000000000000       -7.94184709643459     
   2.00000000000000       -9.81437344976762     
   2.00000000000000       -7.57847321864327     
   2.00000000000000       -9.33719748212935     
   2.00000000000000       -7.23626023317724     
   2.00000000000000       -8.96220682264598     
   2.00000000000000       -6.86200923119992     
   2.00000000000000       -8.73114408880836     
   2.00000000000000       -6.46181461111242     
   2.00000000000000       -9.18713541996808     
   2.00000000000000       -6.05254421133709     
   2.00000000000000       -7.56850728132893     
   2.00000000000000       -5.65674641790033     
   2.00000000000000       -6.79055313103589     
   2.00000000000000       -5.29093555208595     
   2.00000000000000       -6.17071092369324     
   2.00000000000000       -4.96185357051920     
   2.00000000000000       -5.63830363137718     
   2.00000000000000       -4.62313329746140     
   2.00000000000000       -5.15550438417063     
   2.00000000000000       -4.28869523119793     
   2.00000000000000       -4.69509917267817     
   2.00000000000000       -3.97594169005702     
   2.00000000000000       -4.24525481765442     
   2.00000000000000       -3.64411022014832     
   2.00000000000000       -3.80777170265660     
   2.00000000000000       -3.29232954838070     
   2.00000000000000       -3.38971130737402     
   2.00000000000000       -2.95028491304250     
   2.00000000000000       -2.99927116034660     
   2.00000000000000       -2.62283768053732     
   2.00000000000000       -2.64800149971571     
   2.00000000000000       -2.32304352511380     
   2.00000000000000       -2.35563778439035     
   2.00000000000000       -2.05160164502751     
   2.00000000000000       -2.15401464565482     
   2.00000000000000       -1.82589434390411     
   2.00000000000000       -2.10237618932535     
   2.00000000000000       -1.64101918312289     
   2.00000000000000       -2.47357172876084     
   2.00000000000000       -1.49223844732844     
   2.00000000000000       -2.02874462509819     
   2.00000000000000       -1.37353091585153     
   2.00000000000000       -1.54061533046457     
   2.00000000000000       -1.27558230921339     
   2.00000000000000       -1.31238176858311     
   2.00000000000000       -1.19337441127021     
   2.00000000000000       -1.21035801171505     
   2.00000000000000       -1.12226722313874     
   2.00000000000000       -1.19566036318754     
   2.00000000000000       -1.05667204820370     
   2.00000000000000       -1.24468371679512     
   2.00000000000000      -0.993876242160609     
   2.00000000000000       -1.33530130835897     
   2.00000000000000      -0.933387980358721     
   2.00000000000000       -1.44483251015389     
   2.00000000000000      -0.875947514990709     
   2.00000000000000       -1.55422432868018     
   2.00000000000000      -0.822632622321498     
   2.00000000000000       -1.65306874756867     
   2.00000000000000      -0.774317894321778     
   2.00000000000000       -1.73929713995834     
   2.00000000000000      -0.731483204310000     
   2.00000000000000       -1.81506164311798     
   2.00000000000000      -0.694282499374874     
   2.00000000000000       -1.88371007178783     
   2.00000000000000      -0.662767593159778     
   2.00000000000000       -1.94883224506613     
   2.00000000000000      -0.637067648703414     
   2.00000000000000       -2.01423243256281     
   2.00000000000000      -0.617373775114682     
   2.00000000000000       -2.08389042306501     
   2.00000000000000      -0.603817179678746     
   2.00000000000000       -2.16167356611020     
   2.00000000000000      -0.596371197471082     
   2.00000000000000       -2.25098115689689     
   2.00000000000000      -0.594783648327967     
   2.00000000000000       -2.35448187042126     
   2.00000000000000      -0.598533959723064     
   2.00000000000000       -2.47416166953792     
   2.00000000000000      -0.606836294763918     
   2.00000000000000       -2.61191891937134     
   2.00000000000000      -0.618693347510558     
   2.00000000000000       -2.77087154223175     
