   2.00000000000000       -8.11315533519380     
   2.00000000000000       -8.41499209079032     
   2.00000000000000       -7.75419884494569     
   2.00000000000000       -7.99795533338002     
   2.00000000000000       -7.37193345038515     
   2.00000000000000       -7.59385671951289     
   2.00000000000000       -6.97314475520065     
   2.00000000000000       -7.20958036125308     
   2.00000000000000       -6.58188740263758     
   2.00000000000000       -6.85297211810313     
   2.00000000000000       -6.22339775631879     
   2.00000000000000       -6.53542170360290     
   2.00000000000000       -5.87170740305000     
   2.00000000000000       -6.27986445632012     
   2.00000000000000       -5.53851408233991     
   2.00000000000000       -6.14868249883570     
   2.00000000000000       -5.22424508582858     
   2.00000000000000       -6.56460183751352     
   2.00000000000000       -4.95663223868057     
   2.00000000000000       -5.66798454600838     
   2.00000000000000       -4.77085977898191     
   2.00000000000000       -5.10417971196263     
   2.00000000000000       -4.70835308606249     
   2.00000000000000       -4.83297481863724     
   2.00000000000000       -4.82827184319660     
   2.00000000000000       -4.81706235608916     
   2.00000000000000       -4.95160565758141     
   2.00000000000000       -5.28802379502495     
   2.00000000000000       -4.63179065086964     
   2.00000000000000       -5.10327610392246     
   2.00000000000000       -4.63228609381545     
   2.00000000000000       -4.90693824955704     
   2.00000000000000       -4.83023134582110     
   2.00000000000000       -5.09739221551065     
   2.00000000000000       -5.21280422748726     
   2.00000000000000       -5.57028748913049     
   2.00000000000000       -5.81956736242714     
   2.00000000000000       -6.34879037523972     
   2.00000000000000       -7.17102590860472     
   2.00000000000000       -7.65753928657190     
   2.00000000000000       -6.92009746159505     
   2.00000000000000       -8.38843248536604     
   2.00000000000000       -7.27952323626404     
   2.00000000000000       -9.06368779352941     
   2.00000000000000       -7.87325544497706     
   2.00000000000000       -10.0774285665494     
   2.00000000000000       -8.61938254203385     
   2.00000000000000       -11.2789546135375     
   2.00000000000000       -9.49907449466053     
   2.00000000000000       -12.6457853338820     
   2.00000000000000       -10.5164338687885     
   2.00000000000000       -14.2132411677151     
   2.00000000000000       -11.6957155688603     
   2.00000000000000       -15.7437364048761     
   2.00000000000000       -13.0974706869114     
   2.00000000000000       -15.5789261562301     
   2.00000000000000       -14.9074786160757     
   2.00000000000000       -15.7437364048761     
   2.00000000000000       -17.0386155036014     
   2.00000000000000       -16.5566497615190     
   2.00000000000000       -17.0132803315583     
   2.00000000000000       -16.0795285067993     
   2.00000000000000       -17.0433862891304     
   2.00000000000000       -16.5566497615190     
   2.00000000000000       -17.2778482996225     
   2.00000000000000       -15.0000000000000     
   2.00000000000000       -17.7021882349020     
   2.00000000000000       -15.0000000000000     
   2.00000000000000       -32.1968455744880     
   2.00000000000000       -15.0000000000000     
   2.00000000000000       -32.3217843110963     
   2.00000000000000       -15.0000000000000     
   2.00000000000000       -32.4156888139646     
   2.00000000000000       -15.0000000000000     
   2.00000000000000       -32.5558675171297     
   2.00000000000000       -15.0000000000000     
   2.00000000000000       -32.6739668292077     
   2.00000000000000       -15.0000000000000     
   2.00000000000000       -32.7811767988555     
   2.00000000000000       -15.0000000000000     
   2.00000000000000       -32.9003632065747     
   2.00000000000000       -15.0000000000000     
   2.00000000000000       -33.0822067945195     
   2.00000000000000       -15.0000000000000     
   2.00000000000000       -33.2248742980883     
   2.00000000000000       -15.0000000000000     
   2.00000000000000       -33.4589575041216     
   2.00000000000000       -15.0000000000000     
   2.00000000000000       -33.7599874997856     
   2.00000000000000       -15.0000000000000     
   2.00000000000000       -34.5703234335406     
   2.00000000000000       -15.0000000000000     
   2.00000000000000       -34.0822067945195     
   2.00000000000000       -15.0000000000000     
   2.00000000000000       -33.7599874997856     
   2.00000000000000       -15.0000000000000     
   2.00000000000000       -33.6050855397999     
   2.00000000000000       -15.0000000000000     
   2.00000000000000       -33.5259042937522     
   2.00000000000000       -15.0000000000000     
   2.00000000000000       -33.4589575041216     
   2.00000000000000       -15.0000000000000     
   2.00000000000000       -33.4387541180333     
   2.00000000000000       -15.0000000000000     
   2.00000000000000       -33.4009655571439     
   2.00000000000000       -15.0000000000000     
   2.00000000000000       -33.3832367901835     
   2.00000000000000       -15.0000000000000     
   2.00000000000000       -33.3340187675133     
   2.00000000000000       -15.0000000000000     
   2.00000000000000       -33.3340187675133     
   2.00000000000000       -15.0000000000000     
   2.00000000000000       -33.3340187675133     
   2.00000000000000       -15.0000000000000     
   2.00000000000000       -33.3187788009566     
   2.00000000000000       -15.0000000000000     
   2.00000000000000       -33.3340187675133     
   2.00000000000000       -15.0000000000000     
   2.00000000000000       -33.3187788009566     
   2.00000000000000       -15.0000000000000     
   2.00000000000000       -33.3187788009566     
   2.00000000000000       -15.0000000000000     
   2.00000000000000       -33.3040555441359     
   2.00000000000000       -15.0000000000000     
   2.00000000000000       -33.2898151050213     
   2.00000000000000       -15.0000000000000     
   2.00000000000000       -33.3040555441359     
   2.00000000000000       -15.0000000000000     
   2.00000000000000       -33.2760268205356     
   2.00000000000000       -15.0000000000000     
   2.00000000000000       -33.2898151050213     
   2.00000000000000       -15.0000000000000     
   2.00000000000000       -33.2898151050213     
   2.00000000000000       -15.0000000000000     
   2.00000000000000       -33.2898151050213     
   2.00000000000000       -15.0000000000000     
   2.00000000000000       -33.2898151050213     
   2.00000000000000       -15.0000000000000     
   2.00000000000000       -33.2898151050213     
   2.00000000000000       -15.0000000000000     
   2.00000000000000       -33.2898151050213     
   2.00000000000000       -15.0000000000000     
   2.00000000000000       -33.3040555441359     
   2.00000000000000       -15.0000000000000     
   2.00000000000000       -33.3040555441359     
   2.00000000000000       -15.0000000000000     
   2.00000000000000       -33.2898151050213     
   2.00000000000000       -15.0000000000000     
   2.00000000000000       -33.2898151050213     
   2.00000000000000       -15.0000000000000     
   2.00000000000000       -33.2898151050213     
   2.00000000000000       -15.0000000000000     
   2.00000000000000       -33.3040555441359     
   2.00000000000000       -15.0000000000000     
   2.00000000000000       -33.2898151050213     
   2.00000000000000       -15.0000000000000     
   2.00000000000000       -33.3040555441359     
   2.00000000000000       -15.0000000000000     
   2.00000000000000       -33.2898151050213     
   2.00000000000000       -15.0000000000000     
   2.00000000000000       -33.3040555441359     
   2.00000000000000       -15.0000000000000     
