   2.00000000000000       -7.21415051168850     
   2.00000000000000       -8.24292035664198     
   2.00000000000000       -6.84379511031014     
   2.00000000000000       -7.79632688168603     
   2.00000000000000       -6.50618518215722     
   2.00000000000000       -7.36597191004602     
   2.00000000000000       -6.21287997462308     
   2.00000000000000       -6.96188820791755     
   2.00000000000000       -5.97644287562913     
   2.00000000000000       -6.59999398642574     
   2.00000000000000       -5.80321392456320     
   2.00000000000000       -6.31006233040410     
   2.00000000000000       -5.64435359440697     
   2.00000000000000       -6.16549908509315     
   2.00000000000000       -5.51752674825013     
   2.00000000000000       -6.66685425036721     
   2.00000000000000       -5.46886942330750     
   2.00000000000000       -5.68806542019223     
   2.00000000000000       -5.50085041144451     
   2.00000000000000       -5.19615330571601     
   2.00000000000000       -5.41823945780076     
   2.00000000000000       -5.01402278732513     
   2.00000000000000       -5.24903991426774     
   2.00000000000000       -5.14066232011354     
   2.00000000000000       -5.27081743986435     
   2.00000000000000       -6.26158060842182     
   2.00000000000000       -5.46328626172390     
   2.00000000000000       -5.17723887795979     
   2.00000000000000       -5.83800009928760     
   2.00000000000000       -5.18848308454687     
   2.00000000000000       -6.45823008535030     
   2.00000000000000       -5.51689733758891     
   2.00000000000000       -7.69003604441921     
   2.00000000000000       -6.14222625903753     
   2.00000000000000       -7.71735812092167     
   2.00000000000000       -7.13693055358661     
   2.00000000000000       -8.21165722798613     
   2.00000000000000       -9.57130961597357     
   2.00000000000000       -9.01740663912397     
   2.00000000000000       -9.31824734422253     
   2.00000000000000       -10.0295747391681     
   2.00000000000000       -10.4127937451095     
   2.00000000000000       -11.2025654642632     
   2.00000000000000       -11.7917379701701     
   2.00000000000000       -12.5144115874927     
   2.00000000000000       -13.3345839189304     
   2.00000000000000       -13.9557633907161     
   2.00000000000000       -14.9600526658925     
   2.00000000000000       -15.3229876490895     
   2.00000000000000       -16.5566497615190     
   2.00000000000000       -15.6334233824474     
   2.00000000000000       -16.0795285067993     
   2.00000000000000       -16.0289341980466     
   2.00000000000000       -16.0125817171687     
   2.00000000000000       -16.0489261515621     
   2.00000000000000       -16.0125817171687     
   2.00000000000000       -16.3495955241255     
   2.00000000000000       -16.0125817171687     
   2.00000000000000       -16.4637022754800     
   2.00000000000000       -15.8162870720247     
   2.00000000000000       -16.5253815053372     
   2.00000000000000       -16.0795285067993     
   2.00000000000000       -16.6197730380035     
   2.00000000000000       -16.0125817171687     
   2.00000000000000       -16.6294275820799     
   2.00000000000000       -16.3805585024633     
   2.00000000000000       -16.9641808901133     
   2.00000000000000       -15.0000000000000     
   2.00000000000000       -17.0604344863339     
   2.00000000000000       -16.8576797571829     
   2.00000000000000       -32.1968455744880     
   2.00000000000000       -15.0000000000000     
   2.00000000000000       -32.3217843110963     
   2.00000000000000       -15.0000000000000     
   2.00000000000000       -32.4309287805214     
   2.00000000000000       -16.8576797571829     
   2.00000000000000       -32.5356641310414     
   2.00000000000000       -16.8576797571829     
   2.00000000000000       -32.6476378904853     
   2.00000000000000       -16.8576797571829     
   2.00000000000000       -32.7811767988555     
   2.00000000000000       -15.0000000000000     
   2.00000000000000       -32.9003632065747     
   2.00000000000000       -16.8576797571829     
