   2.00000000000000       -7.49307169178142     
   2.00000000000000       -8.36158675153759     
   2.00000000000000       -7.14177500619096     
   2.00000000000000       -7.87494579111542     
   2.00000000000000       -6.81555081578751     
   2.00000000000000       -7.42020561279460     
   2.00000000000000       -6.51870470062874     
   2.00000000000000       -7.00095017289589     
   2.00000000000000       -6.25323936670105     
   2.00000000000000       -6.62926857390188     
   2.00000000000000       -6.01701064301656     
   2.00000000000000       -6.33215062855587     
   2.00000000000000       -5.79805617278852     
   2.00000000000000       -6.17909427559746     
   2.00000000000000       -5.57527867815759     
   2.00000000000000       -6.61230459297471     
   2.00000000000000       -5.38601105472598     
   2.00000000000000       -5.72635501143629     
   2.00000000000000       -5.28207916997616     
   2.00000000000000       -5.22297560628196     
   2.00000000000000       -5.33313954032169     
   2.00000000000000       -5.03552871230356     
   2.00000000000000       -5.61007935611336     
   2.00000000000000       -5.15926414590493     
   2.00000000000000       -5.19995034304541     
   2.00000000000000       -6.19342272903504     
   2.00000000000000       -5.14648641419498     
   2.00000000000000       -5.17066111843584     
   2.00000000000000       -5.31540476608973     
   2.00000000000000       -5.17374418642180     
   2.00000000000000       -5.69324248369413     
   2.00000000000000       -5.48776511852018     
   2.00000000000000       -6.34900539566741     
   2.00000000000000       -6.09017821886501     
   2.00000000000000       -7.86749083561693     
   2.00000000000000       -7.04413212097642     
   2.00000000000000       -7.40749438287080     
   2.00000000000000       -8.94069494631967     
   2.00000000000000       -7.91114870471821     
   2.00000000000000       -9.22778478419502     
   2.00000000000000       -8.66715817569622     
   2.00000000000000       -10.2593850885282     
   2.00000000000000       -9.59890128974974     
   2.00000000000000       -11.5928029307793     
   2.00000000000000       -10.6783919312926     
   2.00000000000000       -13.1059388833720     
   2.00000000000000       -11.9000692112265     
   2.00000000000000       -14.7894938954368     
   2.00000000000000       -13.2756626701612     
   2.00000000000000       -16.1587097528469     
   2.00000000000000       -14.8259032962680     
   2.00000000000000       -15.0000000000000     
   2.00000000000000       -16.4480529936949     
   2.00000000000000       -16.1587097528469     
   2.00000000000000       -16.7690837012743     
   2.00000000000000       -16.1587097528469     
   2.00000000000000       -16.8435435195004     
   2.00000000000000       -16.8576797571829     
   2.00000000000000       -17.1960599620065     
   2.00000000000000       -16.8576797571829     
   2.00000000000000       -17.1463576756896     
   2.00000000000000       -16.8576797571829     
   2.00000000000000       -17.1176988807975     
   2.00000000000000       -16.8576797571829     
   2.00000000000000       -17.2487338729852     
   2.00000000000000       -15.0000000000000     
   2.00000000000000       -17.7021882349020     
   2.00000000000000       -15.0000000000000     
   2.00000000000000       -32.1968455744880     
   2.00000000000000       -16.8576797571829     
   2.00000000000000       -32.3217843110963     
   2.00000000000000       -16.8576797571829     
   2.00000000000000       -32.4156888139646     
   2.00000000000000       -15.0000000000000     
   2.00000000000000       -32.5558675171297     
   2.00000000000000       -15.0000000000000     
   2.00000000000000       -32.6739668292077     
   2.00000000000000       -15.0000000000000     
   2.00000000000000       -32.7811767988555     
   2.00000000000000       -15.0000000000000     
   2.00000000000000       -32.9003632065747     
   2.00000000000000       -15.0000000000000     
   2.00000000000000       -33.0822067945195     
   2.00000000000000       -15.0000000000000     
   2.00000000000000       -33.2248742980883     
   2.00000000000000       -15.0000000000000     
   2.00000000000000       -33.4589575041216     
   2.00000000000000       -15.0000000000000     
   2.00000000000000       -33.7599874997856     
   2.00000000000000       -15.0000000000000     
   2.00000000000000       -34.5703234335406     
   2.00000000000000       -15.0000000000000     
   2.00000000000000       -34.0822067945195     
   2.00000000000000       -15.0000000000000     
   2.00000000000000       -33.7599874997856     
   2.00000000000000       -15.0000000000000     
   2.00000000000000       -33.6050855397999     
   2.00000000000000       -15.0000000000000     
   2.00000000000000       -33.5259042937522     
   2.00000000000000       -15.0000000000000     
   2.00000000000000       -33.4589575041216     
   2.00000000000000       -15.0000000000000     
   2.00000000000000       -33.4387541180333     
   2.00000000000000       -15.0000000000000     
   2.00000000000000       -33.4009655571439     
   2.00000000000000       -15.0000000000000     
   2.00000000000000       -33.3832367901835     
   2.00000000000000       -15.0000000000000     
   2.00000000000000       -33.3340187675133     
   2.00000000000000       -15.0000000000000     
   2.00000000000000       -33.3340187675133     
   2.00000000000000       -15.0000000000000     
   2.00000000000000       -33.3340187675133     
   2.00000000000000       -15.0000000000000     
   2.00000000000000       -33.3187788009566     
   2.00000000000000       -15.0000000000000     
   2.00000000000000       -33.3340187675133     
   2.00000000000000       -15.0000000000000     
   2.00000000000000       -33.3187788009566     
   2.00000000000000       -15.0000000000000     
   2.00000000000000       -33.3187788009566     
   2.00000000000000       -15.0000000000000     
   2.00000000000000       -33.3040555441359     
   2.00000000000000       -15.0000000000000     
   2.00000000000000       -33.2898151050213     
   2.00000000000000       -15.0000000000000     
   2.00000000000000       -33.3040555441359     
   2.00000000000000       -15.0000000000000     
   2.00000000000000       -33.2760268205356     
   2.00000000000000       -15.0000000000000     
   2.00000000000000       -33.2898151050213     
   2.00000000000000       -15.0000000000000     
   2.00000000000000       -33.2898151050213     
   2.00000000000000       -15.0000000000000     
   2.00000000000000       -33.2898151050213     
   2.00000000000000       -15.0000000000000     
   2.00000000000000       -33.2898151050213     
   2.00000000000000       -15.0000000000000     
   2.00000000000000       -33.2898151050213     
   2.00000000000000       -15.0000000000000     
   2.00000000000000       -33.2898151050213     
   2.00000000000000       -15.0000000000000     
   2.00000000000000       -33.3040555441359     
   2.00000000000000       -15.0000000000000     
   2.00000000000000       -33.3040555441359     
   2.00000000000000       -15.0000000000000     
   2.00000000000000       -33.2898151050213     
   2.00000000000000       -15.0000000000000     
   2.00000000000000       -33.2898151050213     
   2.00000000000000       -15.0000000000000     
   2.00000000000000       -33.2898151050213     
   2.00000000000000       -15.0000000000000     
   2.00000000000000       -33.3040555441359     
   2.00000000000000       -15.0000000000000     
   2.00000000000000       -33.2898151050213     
   2.00000000000000       -15.0000000000000     
   2.00000000000000       -33.3040555441359     
   2.00000000000000       -15.0000000000000     
   2.00000000000000       -33.2898151050213     
   2.00000000000000       -15.0000000000000     
   2.00000000000000       -33.3040555441359     
   2.00000000000000       -15.0000000000000     
