   2.00000000000000       -7.90467743991151     
   2.00000000000000       -8.46940174632681     
   2.00000000000000       -7.57577107117627     
   2.00000000000000       -8.05682911265798     
   2.00000000000000       -7.24295516407690     
   2.00000000000000       -7.65529413975106     
   2.00000000000000       -6.89221273887630     
   2.00000000000000       -7.27005798004602     
   2.00000000000000       -6.53591273274262     
   2.00000000000000       -6.90589387266629     
   2.00000000000000       -6.18089524614341     
   2.00000000000000       -6.56885640541673     
   2.00000000000000       -5.84858364082108     
   2.00000000000000       -6.27255248481742     
   2.00000000000000       -5.54174774754770     
   2.00000000000000       -6.05414736608739     
   2.00000000000000       -5.25506103770674     
   2.00000000000000       -6.05472305781628     
   2.00000000000000       -5.03032019917614     
   2.00000000000000       -6.01604237480808     
   2.00000000000000       -4.90908078584155     
   2.00000000000000       -5.15463259063428     
   2.00000000000000       -4.95483068096191     
   2.00000000000000       -4.78117016664459     
   2.00000000000000       -5.24908005129499     
   2.00000000000000       -4.67179971313430     
   2.00000000000000       -4.88379477346433     
   2.00000000000000       -4.90890731384866     
   2.00000000000000       -4.78812767018669     
   2.00000000000000       -5.29810335496689     
   2.00000000000000       -4.92002520049362     
   2.00000000000000       -4.82293766499447     
   2.00000000000000       -5.24591856797735     
   2.00000000000000       -4.91704458999769     
   2.00000000000000       -5.79895987827976     
   2.00000000000000       -5.30275827553911     
   2.00000000000000       -6.82293722212786     
   2.00000000000000       -5.97194643127046     
   2.00000000000000       -6.99990857273120     
   2.00000000000000       -7.02264977023549     
   2.00000000000000       -7.31502660228100     
   2.00000000000000       -8.30878904108248     
   2.00000000000000       -7.90931422329176     
   2.00000000000000       -8.64734380170644     
   2.00000000000000       -8.66887440600053     
   2.00000000000000       -9.52767303134099     
   2.00000000000000       -9.56209806437820     
   2.00000000000000       -10.6102006898594     
   2.00000000000000       -10.5797057055593     
   2.00000000000000       -11.8445938330749     
   2.00000000000000       -11.7228065776313     
   2.00000000000000       -13.2241103146289     
   2.00000000000000       -12.9974608356169     
   2.00000000000000       -14.7053914127999     
   2.00000000000000       -14.4056704503993     
   2.00000000000000       -15.7115517215047     
   2.00000000000000       -15.8952279100358     
   2.00000000000000       -16.0125817171687     
   2.00000000000000       -16.4815103835476     
   2.00000000000000       -15.8576797571829     
   2.00000000000000       -17.5124930804586     
   2.00000000000000       -16.1587097528469     
   2.00000000000000       -17.0563317800749     
   2.00000000000000       -16.0795285067993     
   2.00000000000000       -17.5167963574377     
   2.00000000000000       -16.0795285067993     
   2.00000000000000       -16.9782025549614     
   2.00000000000000       -16.8576797571829     
   2.00000000000000       -17.0625848350434     
   2.00000000000000       -16.8576797571829     
   2.00000000000000       -32.1968455744880     
   2.00000000000000       -15.0000000000000     
   2.00000000000000       -32.3217843110963     
   2.00000000000000       -15.0000000000000     
   2.00000000000000       -32.4309287805214     
   2.00000000000000       -15.0000000000000     
   2.00000000000000       -32.5356641310414     
   2.00000000000000       -15.0000000000000     
   2.00000000000000       -32.6476378904853     
   2.00000000000000       -15.0000000000000     
   2.00000000000000       -32.7811767988555     
   2.00000000000000       -15.0000000000000     
   2.00000000000000       -32.9003632065747     
   2.00000000000000       -15.0000000000000     
