   2.00000000000000       -8.16147815416766     
   2.00000000000000       -8.59287094115672     
   2.00000000000000       -7.79661374739899     
   2.00000000000000       -8.18882387137516     
   2.00000000000000       -7.40149641166879     
   2.00000000000000       -7.78978787196530     
   2.00000000000000       -6.98688608202145     
   2.00000000000000       -7.39748150717937     
   2.00000000000000       -6.58898190291516     
   2.00000000000000       -7.01085170267597     
   2.00000000000000       -6.21968381373426     
   2.00000000000000       -6.62843949221204     
   2.00000000000000       -5.88002273545354     
   2.00000000000000       -6.25617758624985     
   2.00000000000000       -5.54035939798268     
   2.00000000000000       -5.91795660271739     
   2.00000000000000       -5.21841802462467     
   2.00000000000000       -5.67318511629038     
   2.00000000000000       -4.93912093688015     
   2.00000000000000       -5.71990366759661     
   2.00000000000000       -4.73706462210693     
   2.00000000000000       -5.45577834513515     
   2.00000000000000       -4.64705472814087     
   2.00000000000000       -4.74759592374577     
   2.00000000000000       -4.72953925873344     
   2.00000000000000       -4.45926356590918     
   2.00000000000000       -5.04617110461915     
   2.00000000000000       -4.44953275702452     
   2.00000000000000       -4.60375012098970     
   2.00000000000000       -4.91942263925472     
   2.00000000000000       -4.55743947812498     
   2.00000000000000       -4.78857834161941     
   2.00000000000000       -4.71636718899236     
   2.00000000000000       -4.59720791117655     
   2.00000000000000       -5.05405896614034     
   2.00000000000000       -4.79141219252527     
   2.00000000000000       -5.59236760765723     
   2.00000000000000       -5.25256199157141     
   2.00000000000000       -6.52547449489003     
   2.00000000000000       -5.98471785306826     
   2.00000000000000       -6.89957831978354     
   2.00000000000000       -7.11713886853415     
   2.00000000000000       -7.12954182074699     
   2.00000000000000       -8.09269421773911     
   2.00000000000000       -7.65798318524119     
   2.00000000000000       -8.53026606835638     
   2.00000000000000       -8.34621529021750     
   2.00000000000000       -9.36700163417398     
   2.00000000000000       -9.16169913104164     
   2.00000000000000       -10.3858137194636     
   2.00000000000000       -10.0955323622888     
   2.00000000000000       -11.5511539421151     
   2.00000000000000       -11.1481791756085     
   2.00000000000000       -12.8585927345571     
   2.00000000000000       -12.3245227521007     
   2.00000000000000       -14.3013772564157     
   2.00000000000000       -13.6310090271280     
   2.00000000000000       -15.4597397485109     
   2.00000000000000       -15.0604176515645     
   2.00000000000000       -16.0795285067993     
   2.00000000000000       -16.6205945346337     
   2.00000000000000       -16.0795285067993     
   2.00000000000000       -16.9260958688950     
   2.00000000000000       -16.0125817171687     
   2.00000000000000       -17.5167963574377     
   2.00000000000000       -16.0795285067993     
   2.00000000000000       -16.9782025549614     
   2.00000000000000       -16.8576797571829     
   2.00000000000000       -17.0625848350434     
   2.00000000000000       -16.8576797571829     
   2.00000000000000       -32.1968455744880     
   2.00000000000000       -15.0000000000000     
   2.00000000000000       -32.3217843110963     
   2.00000000000000       -15.0000000000000     
   2.00000000000000       -32.4309287805214     
   2.00000000000000       -15.0000000000000     
   2.00000000000000       -32.5356641310414     
   2.00000000000000       -15.0000000000000     
   2.00000000000000       -32.6476378904853     
   2.00000000000000       -15.0000000000000     
   2.00000000000000       -32.7811767988555     
   2.00000000000000       -15.0000000000000     
   2.00000000000000       -32.9003632065747     
   2.00000000000000       -15.0000000000000     
