   2.00000000000000       -7.76497740637441     
   2.00000000000000       -8.65081249297094     
   2.00000000000000       -7.50011543415687     
   2.00000000000000       -8.19165000326732     
   2.00000000000000       -7.19411060937342     
   2.00000000000000       -7.75320711166855     
   2.00000000000000       -6.85353026645527     
   2.00000000000000       -7.35179647320212     
   2.00000000000000       -6.49019405086453     
   2.00000000000000       -7.00236249736690     
   2.00000000000000       -6.11392884925424     
   2.00000000000000       -6.72552287463282     
   2.00000000000000       -5.73305179556273     
   2.00000000000000       -6.56872247899089     
   2.00000000000000       -5.36836670206313     
   2.00000000000000       -6.74414032616733     
   2.00000000000000       -5.02668164075339     
   2.00000000000000       -6.39458930652917     
   2.00000000000000       -4.70981713079989     
   2.00000000000000       -5.76231379580409     
   2.00000000000000       -4.38389397448065     
   2.00000000000000       -5.45807770509096     
   2.00000000000000       -4.09826535965709     
   2.00000000000000       -5.33332200367536     
   2.00000000000000       -3.76993729645845     
   2.00000000000000       -5.37121331664097     
   2.00000000000000       -3.48557160342395     
   2.00000000000000       -5.58559615112687     
   2.00000000000000       -3.25185504222448     
   2.00000000000000       -6.00559694609209     
   2.00000000000000       -2.93819738594412     
   2.00000000000000       -6.66881171118017     
   2.00000000000000       -2.59696794501223     
   2.00000000000000       -7.63799485924927     
   2.00000000000000       -2.29287712617026     
   2.00000000000000       -7.99796038674624     
   2.00000000000000       -2.03539422389308     
   2.00000000000000       -7.26345455978215     
   2.00000000000000       -1.82619256326893     
   2.00000000000000       -6.66149155559377     
   2.00000000000000       -1.66129478298656     
   2.00000000000000       -6.10100991747662     
   2.00000000000000       -1.53432351621760     
   2.00000000000000       -5.53027257113788     
   2.00000000000000       -1.43790422452419     
   2.00000000000000       -4.93356170579833     
   2.00000000000000       -1.36436858659876     
   2.00000000000000       -4.37645062100465     
   2.00000000000000       -1.30705641387719     
   2.00000000000000       -3.91309342346983     
   2.00000000000000       -1.26159831774253     
   2.00000000000000       -3.55178656513003     
   2.00000000000000       -1.22608899814061     
   2.00000000000000       -3.27880998924907     
   2.00000000000000       -1.20020371598002     
   2.00000000000000       -3.07444616624727     
   2.00000000000000       -1.18397887122449     
   2.00000000000000       -2.91849642783858     
   2.00000000000000       -1.17674363773927     
   2.00000000000000       -2.79275276479507     
   2.00000000000000       -1.17644124076424     
   2.00000000000000       -2.68316983150448     
   2.00000000000000       -1.17981080950157     
   2.00000000000000       -2.58133466109518     
   2.00000000000000       -1.18336268145684     
   2.00000000000000       -2.48424693230971     
   2.00000000000000       -1.18581105425403     
   2.00000000000000       -2.39181978629280     
   2.00000000000000       -1.18679063444708     
   2.00000000000000       -2.30366526473518     
   2.00000000000000       -1.18589567886116     
   2.00000000000000       -2.21858954657841     
   2.00000000000000       -1.17599738016137     
   2.00000000000000       -2.13656790020186     
   2.00000000000000       -1.16608585415489     
   2.00000000000000       -2.05954977440301     
   2.00000000000000       -1.15786329020608     
   2.00000000000000       -1.99014942128119     
   2.00000000000000       -1.15105265564804     
   2.00000000000000       -1.93014813513031     
   2.00000000000000       -1.14545820211609     
   2.00000000000000       -1.88000483993041     
   2.00000000000000       -1.14089812133634     
   2.00000000000000       -1.83913332045311     
   2.00000000000000       -1.13720399696375     
   2.00000000000000       -1.80638339212836     
   2.00000000000000       -1.13422554803212     
   2.00000000000000       -1.78042709336038     
   2.00000000000000       -1.13183274772112     
   2.00000000000000       -1.75998806007824     
   2.00000000000000       -1.12991564058330     
   2.00000000000000       -1.74394745063062     
   2.00000000000000       -1.12838278156316     
   2.00000000000000       -1.73137459132608     
   2.00000000000000       -1.12715903186803     
   2.00000000000000       -1.72151910367562     
   2.00000000000000       -1.12618318808996     
   2.00000000000000       -1.71378707494869     
   2.00000000000000       -1.12540571306335     
   2.00000000000000       -1.70771333821417     
   2.00000000000000       -1.12478669766940     
   2.00000000000000       -1.70293548688700     
   2.00000000000000       -1.12429409916562     
   2.00000000000000       -1.69917172241492     
   2.00000000000000       -1.12390225580874     
   2.00000000000000       -1.69620289321295     
   2.00000000000000       -1.12359065509356     
   2.00000000000000       -1.69385833413268     
   2.00000000000000       -1.12334292396272     
   2.00000000000000       -1.69200487276295     
   2.00000000000000       -1.12314600766583     
   2.00000000000000       -1.69053835928255     
   2.00000000000000       -1.12298950590051     
   2.00000000000000       -1.68937715855647     
   2.00000000000000       -1.12286513838481     
   2.00000000000000       -1.68845714847385     
   2.00000000000000       -1.12276631597598     
   2.00000000000000       -1.68772786789635     
   2.00000000000000       -1.12268779729899     
   2.00000000000000       -1.68714954096399     
   2.00000000000000       -1.12262541432393     
   2.00000000000000       -1.68669077050053     
   2.00000000000000       -1.12257585334444     
   2.00000000000000       -1.68632674389327     
   2.00000000000000       -1.12253648035418     
   2.00000000000000       -1.68603783304684     
   2.00000000000000       -1.12250520193338     
   2.00000000000000       -1.68580849863870     
   2.00000000000000       -1.12248035449347     
   2.00000000000000       -1.68562643032652     
   2.00000000000000       -1.12246061614194     
   2.00000000000000       -1.68548187060712     
   2.00000000000000       -1.12244493657437     
   2.00000000000000       -1.68536708210921     
   2.00000000000000       -1.12243248132287     
   2.00000000000000       -1.68527592724030     
   2.00000000000000       -1.12242258743174     
   2.00000000000000       -1.68520353606790     
   2.00000000000000       -1.12241472822453     
   2.00000000000000       -1.68514604363949     
   2.00000000000000       -1.12240848530178     
   2.00000000000000       -1.68510038204626     
   2.00000000000000       -1.12240352628834     
   2.00000000000000       -1.68506411570941     
   2.00000000000000       -1.12239958715121     
   2.00000000000000       -1.68503531083115     
   2.00000000000000       -1.12239645815007     
   2.00000000000000       -1.68501243187924     
   2.00000000000000       -1.12239397267512     
   2.00000000000000       -1.68499425947651     
   2.00000000000000       -1.12239199837895     
   2.00000000000000       -1.68497982525167     
   2.00000000000000       -1.12239043013139     
   2.00000000000000       -1.68496836013558     
   2.00000000000000       -1.12238918442281     
   2.00000000000000       -1.68495925332013     
   2.00000000000000       -1.12238819491798     
   2.00000000000000       -1.68495201967731     
   2.00000000000000       -1.12238740892427     
   2.00000000000000       -1.68494627389009     
   2.00000000000000       -1.12238678458594     
   2.00000000000000       -1.68494170991189     
