   2.00000000000000       -7.78545880534421     
   2.00000000000000       -8.71528193066291     
   2.00000000000000       -7.40595095765795     
   2.00000000000000       -8.24578295292712     
   2.00000000000000       -7.02285330151790     
   2.00000000000000       -7.79796118112578     
   2.00000000000000       -6.64635073336814     
   2.00000000000000       -7.37084433121409     
   2.00000000000000       -6.28744451432862     
   2.00000000000000       -6.96238238644149     
   2.00000000000000       -5.95745360297847     
   2.00000000000000       -6.57172164426942     
   2.00000000000000       -5.66455504052815     
   2.00000000000000       -6.20624579665021     
   2.00000000000000       -5.31519877645775     
   2.00000000000000       -5.89193023894690     
   2.00000000000000       -4.95319090610496     
   2.00000000000000       -5.68661451333623     
   2.00000000000000       -4.59841836881379     
   2.00000000000000       -5.76920599120858     
   2.00000000000000       -4.24154202877374     
   2.00000000000000       -5.61348701484520     
   2.00000000000000       -3.92963334901820     
   2.00000000000000       -4.90865545554882     
   2.00000000000000       -3.64468838979097     
   2.00000000000000       -4.59585159466936     
   2.00000000000000       -3.35314334394014     
   2.00000000000000       -4.47280988024996     
   2.00000000000000       -3.05918262607551     
   2.00000000000000       -4.51322541729860     
   2.00000000000000       -2.71036249192116     
   2.00000000000000       -4.72518135914433     
   2.00000000000000       -2.39943889564389     
   2.00000000000000       -5.13108002826968     
   2.00000000000000       -2.12454274430917     
   2.00000000000000       -5.85213488819582     
   2.00000000000000       -1.89998468616401     
   2.00000000000000       -5.68076586678299     
   2.00000000000000       -1.71646983301358     
   2.00000000000000       -4.89662945201484     
   2.00000000000000       -1.56189934960350     
   2.00000000000000       -4.26232232557999     
   2.00000000000000       -1.42943235804216     
   2.00000000000000       -3.78693887435213     
   2.00000000000000       -1.28722030510458     
   2.00000000000000       -3.51613834233695     
   2.00000000000000       -1.16534480156062     
   2.00000000000000       -3.66525529955488     
   2.00000000000000       -1.06197011084199     
   2.00000000000000       -3.18365829852051     
   2.00000000000000      -0.975794559011898     
   2.00000000000000       -2.52988155971642     
   2.00000000000000      -0.904973497831689     
   2.00000000000000       -2.15147747788752     
   2.00000000000000      -0.847210621963636     
   2.00000000000000       -1.89061412033470     
   2.00000000000000      -0.800417212932962     
   2.00000000000000       -1.70150384081146     
   2.00000000000000      -0.762369842504290     
   2.00000000000000       -1.56013035008590     
   2.00000000000000      -0.730919602196276     
   2.00000000000000       -1.45074231984497     
   2.00000000000000      -0.704362038033849     
   2.00000000000000       -1.36279303820751     
   2.00000000000000      -0.681741744835395     
   2.00000000000000       -1.29019523463841     
   2.00000000000000      -0.662825652124708     
   2.00000000000000       -1.23024605754725     
   2.00000000000000      -0.647286461840480     
   2.00000000000000       -1.18167920358284     
   2.00000000000000      -0.632442699438791     
   2.00000000000000       -1.14310636116300     
   2.00000000000000      -0.620655660327536     
   2.00000000000000       -1.11271483298253     
   2.00000000000000      -0.611479652587963     
   2.00000000000000       -1.08867411744217     
   2.00000000000000      -0.604390864157602     
   2.00000000000000       -1.06948205135923     
   2.00000000000000      -0.598922751705646     
   2.00000000000000       -1.05403580579920     
   2.00000000000000      -0.594699645819694     
   2.00000000000000       -1.04154817883654     
   2.00000000000000      -0.591430019393895     
   2.00000000000000       -1.03144155128543     
   2.00000000000000      -0.588890975073924     
   2.00000000000000       -1.02327140144200     
   2.00000000000000      -0.586913098779909     
   2.00000000000000       -1.01668153021839     
   2.00000000000000      -0.585367752204139     
   2.00000000000000       -1.01137984630397     
   2.00000000000000      -0.584157060985988     
   2.00000000000000       -1.00712487962910     
   2.00000000000000      -0.583206282218172     
   2.00000000000000       -1.00371717703599     
   2.00000000000000      -0.582458082339681     
   2.00000000000000       -1.00099278843357     
   2.00000000000000      -0.581868276936187     
   2.00000000000000      -0.998817746621176     
   2.00000000000000      -0.581402661828206     
   2.00000000000000      -0.997083201758866     
   2.00000000000000      -0.581034649330009     
   2.00000000000000      -0.995701139666053     
   2.00000000000000      -0.580743496376368     
   2.00000000000000      -0.994600673074097     
   2.00000000000000      -0.580512968273749     
   2.00000000000000      -0.993724885977366     
   2.00000000000000      -0.580330324470727     
   2.00000000000000      -0.993028190314390     
   2.00000000000000      -0.580185543858031     
   2.00000000000000      -0.992474139447351     
   2.00000000000000      -0.580070729496037     
   2.00000000000000      -0.992033636956144     
   2.00000000000000      -0.579979648745310     
   2.00000000000000      -0.991683480033676     
   2.00000000000000      -0.579907376312340     
   2.00000000000000      -0.991405181531975     
   2.00000000000000      -0.579850016043214     
   2.00000000000000      -0.991184021326320     
   2.00000000000000      -0.579804483338621     
   2.00000000000000      -0.991008284764380     
   2.00000000000000      -0.579768334485590     
   2.00000000000000      -0.990868652767710     
   2.00000000000000      -0.579739632466740     
   2.00000000000000      -0.990757714278310     
   2.00000000000000      -0.579716841241759     
   2.00000000000000      -0.990669577053963     
   2.00000000000000      -0.579698742325365     
   2.00000000000000      -0.990599557309219     
   2.00000000000000      -0.579684368873061     
   2.00000000000000      -0.990543932436262     
   2.00000000000000      -0.579672953545236     
   2.00000000000000      -0.990499744113066     
   2.00000000000000      -0.579663887234211     
   2.00000000000000      -0.990464641611430     
   2.00000000000000      -0.579656686368580     
   2.00000000000000      -0.990436757146529     
   2.00000000000000      -0.579650966998059     
   2.00000000000000      -0.990414606746997     
   2.00000000000000      -0.579646424243702     
   2.00000000000000      -0.990397011440052     
   2.00000000000000      -0.579642815996927     
   2.00000000000000      -0.990383034600404     
   2.00000000000000      -0.579639949985338     
   2.00000000000000      -0.990371932155655     
   2.00000000000000      -0.579637673507576     
   2.00000000000000      -0.990363113014919     
   2.00000000000000      -0.579635865285068     
   2.00000000000000      -0.990356107624378     
   2.00000000000000      -0.579634428993199     
   2.00000000000000      -0.990350542983039     
   2.00000000000000      -0.579633288125147     
   2.00000000000000      -0.990346122792276     
   2.00000000000000      -0.579632381913513     
   2.00000000000000      -0.990342611685322     
   2.00000000000000      -0.579631662091647     
   2.00000000000000      -0.990339822698416     
   2.00000000000000      -0.579631090321618     
   2.00000000000000      -0.990337607317561     
   2.00000000000000      -0.579630636151572     
   2.00000000000000      -0.990335847571815     
   2.00000000000000      -0.579630275393399     
   2.00000000000000      -0.990334449752181     
