   2.00000000000000       -7.70795803666769     
   2.00000000000000       -8.38903229415958     
   2.00000000000000       -7.36875928421995     
   2.00000000000000       -7.96876266801329     
   2.00000000000000       -7.04284338432837     
   2.00000000000000       -7.56211871935406     
   2.00000000000000       -6.72658836251742     
   2.00000000000000       -7.17663929422347     
   2.00000000000000       -6.41717268193015     
   2.00000000000000       -6.82162399378076     
   2.00000000000000       -6.11658723317477     
   2.00000000000000       -6.51131647716390     
   2.00000000000000       -5.83027280531347     
   2.00000000000000       -6.27460830263662     
   2.00000000000000       -5.55382202496459     
   2.00000000000000       -6.19452164353301     
   2.00000000000000       -5.30242479788342     
   2.00000000000000       -8.00252137928843     
   2.00000000000000       -5.12388780257693     
   2.00000000000000       -5.57203261345094     
   2.00000000000000       -5.07201380955646     
   2.00000000000000       -5.08888800061214     
   2.00000000000000       -5.19743368618576     
   2.00000000000000       -4.86496335496814     
   2.00000000000000       -5.22074921211721     
   2.00000000000000       -4.90078749736249     
   2.00000000000000       -4.96014649811679     
   2.00000000000000       -5.58683368922156     
   2.00000000000000       -4.99524682302524     
   2.00000000000000       -5.08550480197818     
   2.00000000000000       -5.23644532891877     
   2.00000000000000       -4.97077551432147     
   2.00000000000000       -5.69061218309288     
   2.00000000000000       -5.20547674094458     
   2.00000000000000       -6.46204351016184     
   2.00000000000000       -5.72268566168609     
   2.00000000000000       -7.18302336896079     
   2.00000000000000       -6.56042611473983     
   2.00000000000000       -7.30301469110834     
   2.00000000000000       -8.07952170942003     
   2.00000000000000       -7.85374672560738     
   2.00000000000000       -8.53240860311023     
   2.00000000000000       -8.60432768316008     
   2.00000000000000       -9.30347724131269     
   2.00000000000000       -9.50412264989698     
   2.00000000000000       -10.3661382186189     
   2.00000000000000       -10.5353220782620     
   2.00000000000000       -11.6005533991604     
   2.00000000000000       -11.6951690535968     
   2.00000000000000       -12.9819819952027     
   2.00000000000000       -12.9888449746522     
   2.00000000000000       -14.5035713180355     
   2.00000000000000       -14.4171408633720     
   2.00000000000000       -15.7437364048761     
   2.00000000000000       -15.6654617345966     
   2.00000000000000       -16.0795285067993     
   2.00000000000000       -16.1729958302239     
   2.00000000000000       -16.0125817171687     
   2.00000000000000       -16.1754140630993     
   2.00000000000000       -15.9545897701910     
   2.00000000000000       -17.5124930804586     
   2.00000000000000       -15.8162870720247     
   2.00000000000000       -16.8090879720096     
   2.00000000000000       -15.7437364048761     
   2.00000000000000       -17.5167963574377     
   2.00000000000000       -16.1587097528469     
   2.00000000000000       -16.9782025549614     
   2.00000000000000       -16.8576797571829     
   2.00000000000000       -17.0625848350434     
   2.00000000000000       -16.8576797571829     
   2.00000000000000       -32.1968455744880     
   2.00000000000000       -15.0000000000000     
   2.00000000000000       -32.3217843110963     
   2.00000000000000       -15.0000000000000     
   2.00000000000000       -32.4309287805214     
   2.00000000000000       -15.0000000000000     
   2.00000000000000       -32.5356641310414     
   2.00000000000000       -15.0000000000000     
   2.00000000000000       -32.6476378904853     
   2.00000000000000       -15.0000000000000     
   2.00000000000000       -32.7811767988555     
   2.00000000000000       -15.0000000000000     
   2.00000000000000       -32.9003632065747     
   2.00000000000000       -15.0000000000000     
