   2.00000000000000       -7.89432901358351     
   2.00000000000000       -9.72775538350053     
   2.00000000000000       -7.52531721779404     
   2.00000000000000       -9.25104751973359     
   2.00000000000000       -7.18138834972009     
   2.00000000000000       -8.85776989132647     
   2.00000000000000       -6.81896365293777     
   2.00000000000000       -8.56506338862811     
   2.00000000000000       -6.42803061179186     
   2.00000000000000       -8.73617664087743     
   2.00000000000000       -6.01918602116655     
   2.00000000000000       -7.70401842554902     
   2.00000000000000       -5.61940108602656     
   2.00000000000000       -6.85446625790917     
   2.00000000000000       -5.23602716163050     
   2.00000000000000       -6.21923754092163     
   2.00000000000000       -4.88841362530452     
   2.00000000000000       -5.68421426137574     
   2.00000000000000       -4.54616448436462     
   2.00000000000000       -5.20251571764641     
   2.00000000000000       -4.22228323337619     
   2.00000000000000       -4.74296242472189     
   2.00000000000000       -3.90648749157250     
   2.00000000000000       -4.29175103596562     
   2.00000000000000       -3.58784102852503     
   2.00000000000000       -3.84971930413451     
   2.00000000000000       -3.30083324343767     
   2.00000000000000       -3.42273214445256     
   2.00000000000000       -3.06492083452366     
   2.00000000000000       -3.01659712067432     
   2.00000000000000       -2.92769978046961     
   2.00000000000000       -2.63892251981941     
   2.00000000000000       -2.59452930822764     
   2.00000000000000       -2.30382322753033     
   2.00000000000000       -2.26473314849371     
   2.00000000000000       -2.03292255696062     
   2.00000000000000       -1.99967856177666     
   2.00000000000000       -1.85352795488100     
   2.00000000000000       -1.79101113011278     
   2.00000000000000       -1.80941229525888     
   2.00000000000000       -1.54853060500109     
   2.00000000000000       -2.07026987409318     
   2.00000000000000       -1.34507204783167     
   2.00000000000000       -1.96963444151632     
   2.00000000000000       -1.19210530442570     
   2.00000000000000       -1.38563725346755     
   2.00000000000000       -1.07505863743227     
   2.00000000000000       -1.11836106997564     
   2.00000000000000      -0.984366650033136     
   2.00000000000000      -0.974116231700792     
   2.00000000000000      -0.913397739281381     
   2.00000000000000      -0.908241462750088     
   2.00000000000000      -0.857057292903352     
   2.00000000000000      -0.898318638117785     
   2.00000000000000      -0.811122806318018     
   2.00000000000000      -0.927201154381302     
   2.00000000000000      -0.772516150508496     
   2.00000000000000      -0.979302563812202     
   2.00000000000000      -0.739867615872722     
   2.00000000000000       -1.03985898419475     
   2.00000000000000      -0.713265560912116     
   2.00000000000000       -1.09482513062235     
   2.00000000000000      -0.693162703601813     
   2.00000000000000       -1.13211823553360     
   2.00000000000000      -0.679465968728288     
   2.00000000000000       -1.14496867653002     
   2.00000000000000      -0.671352942495667     
   2.00000000000000       -1.13459526507035     
   2.00000000000000      -0.667553809264617     
   2.00000000000000       -1.10836155208102     
   2.00000000000000      -0.666744131745220     
   2.00000000000000       -1.07477411990330     
   2.00000000000000      -0.667832886885907     
   2.00000000000000       -1.03996843462589     
   2.00000000000000      -0.670043319162459     
   2.00000000000000       -1.00723612980078     
   2.00000000000000      -0.672844969063228     
   2.00000000000000      -0.977991086193005     
   2.00000000000000      -0.675870279227081     
   2.00000000000000      -0.952666497846884     
   2.00000000000000      -0.678868447294868     
   2.00000000000000      -0.931202362881161     
   2.00000000000000      -0.681680388429072     
   2.00000000000000      -0.913290544742271     
   2.00000000000000      -0.684217856392496     
   2.00000000000000      -0.898513818760457     
   2.00000000000000      -0.686443550730164     
   2.00000000000000      -0.886427932465739     
   2.00000000000000      -0.688354298209198     
   2.00000000000000      -0.876607147007894     
   2.00000000000000      -0.689967766511279     
   2.00000000000000      -0.868666644118464     
   2.00000000000000      -0.691312786211855     
   2.00000000000000      -0.862271046788334     
   2.00000000000000      -0.692422769610648     
   2.00000000000000      -0.857135097407418     
   2.00000000000000      -0.693331543484459     
   2.00000000000000      -0.853020259474728     
   2.00000000000000      -0.694070931581511     
   2.00000000000000      -0.849729495983667     
   2.00000000000000      -0.694669529599907     
   2.00000000000000      -0.847101514527611     
   2.00000000000000      -0.695152246145309     
   2.00000000000000      -0.845005175258380     
   2.00000000000000      -0.695540304275390     
   2.00000000000000      -0.843334402006710     
   2.00000000000000      -0.695851496520971     
   2.00000000000000      -0.842003730541803     
   2.00000000000000      -0.696100559756343     
   2.00000000000000      -0.840944513461243     
   2.00000000000000      -0.696299588102541     
   2.00000000000000      -0.840101741956128     
   2.00000000000000      -0.696458436903437     
   2.00000000000000      -0.839431417849898     
   2.00000000000000      -0.696585093300386     
   2.00000000000000      -0.838898400831480     
   2.00000000000000      -0.696686002831447     
   2.00000000000000      -0.838474657218363     
   2.00000000000000      -0.696766349657770     
   2.00000000000000      -0.838137842868404     
   2.00000000000000      -0.696830292511334     
   2.00000000000000      -0.837870161114857     
   2.00000000000000      -0.696881160660099     
   2.00000000000000      -0.837657445220552     
   2.00000000000000      -0.696921615020003     
   2.00000000000000      -0.837488422999765     
   2.00000000000000      -0.696953779600611     
   2.00000000000000      -0.837354128555652     
   2.00000000000000      -0.696979348120635     
   2.00000000000000      -0.837247432399930     
   2.00000000000000      -0.696999670094281     
   2.00000000000000      -0.837162666568544     
   2.00000000000000      -0.697015820098431     
   2.00000000000000      -0.837095325802458     
   2.00000000000000      -0.697028653354688     
   2.00000000000000      -0.837041829532167     
   2.00000000000000      -0.697038850234875     
   2.00000000000000      -0.836999332401804     
   2.00000000000000      -0.697046951837452     
   2.00000000000000      -0.836965573502457     
   2.00000000000000      -0.697053388388859     
   2.00000000000000      -0.836938756449221     
   2.00000000000000      -0.697058501893097     
   2.00000000000000      -0.836917454019364     
   2.00000000000000      -0.697062564179621     
   2.00000000000000      -0.836900532337994     
   2.00000000000000      -0.697065791275008     
   2.00000000000000      -0.836887090615453     
   2.00000000000000      -0.697068354841396     
   2.00000000000000      -0.836876413252834     
   2.00000000000000      -0.697070391276594     
   2.00000000000000      -0.836867931781621     
   2.00000000000000      -0.697072008951584     
   2.00000000000000      -0.836861194620808     
   2.00000000000000      -0.697073293965089     
   2.00000000000000      -0.836855843047766     
   2.00000000000000      -0.697074314718257     
   2.00000000000000      -0.836851592106885     
   2.00000000000000      -0.697075125550667     
   2.00000000000000      -0.836848215442219     
   2.00000000000000      -0.697075769629945     
   2.00000000000000      -0.836845533248082     
