   2.00000000000000       -8.18875748155047     
   2.00000000000000       -8.60952531249816     
   2.00000000000000       -7.81380436750590     
   2.00000000000000       -8.20634484657957     
   2.00000000000000       -7.41091274048738     
   2.00000000000000       -7.80721969596569     
   2.00000000000000       -6.99421237458948     
   2.00000000000000       -7.41340129122269     
   2.00000000000000       -6.58863711039894     
   2.00000000000000       -7.02328249662538     
   2.00000000000000       -6.21786015910390     
   2.00000000000000       -6.63489800009852     
   2.00000000000000       -5.88493203629878     
   2.00000000000000       -6.25408671481069     
   2.00000000000000       -5.54194931680964     
   2.00000000000000       -5.90460081799062     
   2.00000000000000       -5.21601989346985     
   2.00000000000000       -5.64284496649408     
   2.00000000000000       -4.93056263030199     
   2.00000000000000       -5.63660456561091     
   2.00000000000000       -4.71995598817540     
   2.00000000000000       -5.54354025635671     
   2.00000000000000       -4.61554768263474     
   2.00000000000000       -4.75272125085177     
   2.00000000000000       -4.67907706649916     
   2.00000000000000       -4.43967220003659     
   2.00000000000000       -5.13473280336572     
   2.00000000000000       -4.40488224150078     
   2.00000000000000       -4.59361082671706     
   2.00000000000000       -4.79825853369426     
   2.00000000000000       -4.51899081172766     
   2.00000000000000       -4.81554767786036     
   2.00000000000000       -4.65596882444325     
   2.00000000000000       -4.56528900144392     
   2.00000000000000       -4.96976134179403     
   2.00000000000000       -4.73252556651373     
   2.00000000000000       -5.47496125799790     
   2.00000000000000       -5.16786640253980     
   2.00000000000000       -6.29841759753057     
   2.00000000000000       -5.86735441738808     
   2.00000000000000       -6.93253221664968     
   2.00000000000000       -6.92692474955102     
   2.00000000000000       -7.05567381334095     
   2.00000000000000       -8.11905445502359     
   2.00000000000000       -7.54543940488132     
   2.00000000000000       -8.42331156592617     
   2.00000000000000       -8.20439253928033     
   2.00000000000000       -9.22120025593339     
   2.00000000000000       -8.99274719610031     
   2.00000000000000       -10.2102098390622     
   2.00000000000000       -9.89933198010665     
   2.00000000000000       -11.3473412199698     
   2.00000000000000       -10.9235312082142     
   2.00000000000000       -12.6262866337798     
   2.00000000000000       -12.0695631683799     
   2.00000000000000       -14.0447664005401     
   2.00000000000000       -13.3442207861960     
   2.00000000000000       -15.3663180633487     
   2.00000000000000       -14.7451636744607     
   2.00000000000000       -15.9545897701910     
   2.00000000000000       -16.3492206586509     
   2.00000000000000       -16.0795285067993     
   2.00000000000000       -16.9744187998074     
   2.00000000000000       -15.9545897701910     
   2.00000000000000       -17.5167963574377     
   2.00000000000000       -16.0795285067993     
   2.00000000000000       -16.9782025549614     
   2.00000000000000       -16.8576797571829     
   2.00000000000000       -17.0625848350434     
   2.00000000000000       -16.8576797571829     
   2.00000000000000       -32.1968455744880     
   2.00000000000000       -15.0000000000000     
   2.00000000000000       -32.3217843110963     
   2.00000000000000       -15.0000000000000     
   2.00000000000000       -32.4309287805214     
   2.00000000000000       -15.0000000000000     
   2.00000000000000       -32.5356641310414     
   2.00000000000000       -15.0000000000000     
   2.00000000000000       -32.6476378904853     
   2.00000000000000       -15.0000000000000     
   2.00000000000000       -32.7811767988555     
   2.00000000000000       -15.0000000000000     
   2.00000000000000       -32.9003632065747     
   2.00000000000000       -15.0000000000000     
