   2.00000000000000       -7.86120081550021     
   2.00000000000000       -9.11397236288536     
   2.00000000000000       -7.48608622159279     
   2.00000000000000       -8.64940131322685     
   2.00000000000000       -7.13028628956470     
   2.00000000000000       -8.19977663647774     
   2.00000000000000       -6.77777207838819     
   2.00000000000000       -7.76455716011718     
   2.00000000000000       -6.39385197248559     
   2.00000000000000       -7.34774728947563     
   2.00000000000000       -5.99278690303623     
   2.00000000000000       -6.94654886130595     
   2.00000000000000       -5.59337425132664     
   2.00000000000000       -6.53891274968461     
   2.00000000000000       -5.20932951247455     
   2.00000000000000       -6.09283092137773     
   2.00000000000000       -4.85446090039520     
   2.00000000000000       -5.60588221658631     
   2.00000000000000       -4.53162832602198     
   2.00000000000000       -5.10958276867277     
   2.00000000000000       -4.24727535461048     
   2.00000000000000       -4.63165708588910     
   2.00000000000000       -3.95627436827634     
   2.00000000000000       -4.18495762577443     
   2.00000000000000       -3.68252121814405     
   2.00000000000000       -3.77847226482431     
   2.00000000000000       -3.32607045558893     
   2.00000000000000       -3.42704985330019     
   2.00000000000000       -3.03513473376970     
   2.00000000000000       -3.16054008384817     
   2.00000000000000       -2.85961989303895     
   2.00000000000000       -3.05418701953282     
   2.00000000000000       -2.86376313943032     
   2.00000000000000       -3.76600887966901     
   2.00000000000000       -2.73002300607046     
   2.00000000000000       -2.55503511195324     
   2.00000000000000       -2.29714485157609     
   2.00000000000000       -2.04381866650572     
   2.00000000000000       -1.92192823194213     
   2.00000000000000       -1.74838075096496     
   2.00000000000000       -1.65039583053494     
   2.00000000000000       -1.58508422322563     
   2.00000000000000       -1.44915940236250     
   2.00000000000000       -1.53804712339360     
   2.00000000000000       -1.29086900105348     
   2.00000000000000       -1.63552479066462     
   2.00000000000000       -1.16588551660625     
   2.00000000000000       -2.13869233487462     
   2.00000000000000       -1.06469691483254     
   2.00000000000000       -1.75558993350870     
   2.00000000000000      -0.981497454847948     
   2.00000000000000       -1.31167552628354     
   2.00000000000000      -0.912693010802746     
   2.00000000000000       -1.07815116242595     
   2.00000000000000      -0.855828926289747     
   2.00000000000000      -0.923795310593467     
   2.00000000000000      -0.809013518033904     
   2.00000000000000      -0.813220825691868     
   2.00000000000000      -0.770664932793809     
   2.00000000000000      -0.730828313168691     
   2.00000000000000      -0.739403349061582     
   2.00000000000000      -0.668060077172114     
   2.00000000000000      -0.714010486080846     
   2.00000000000000      -0.619621741731602     
   2.00000000000000      -0.693452811668493     
   2.00000000000000      -0.582012230797785     
   2.00000000000000      -0.676955342138811     
   2.00000000000000      -0.552843348901739     
   2.00000000000000      -0.664041844080309     
   2.00000000000000      -0.530456490374606     
   2.00000000000000      -0.654462177932275     
   2.00000000000000      -0.513659894006866     
   2.00000000000000      -0.648049211535470     
   2.00000000000000      -0.501559421711046     
   2.00000000000000      -0.644597092124803     
   2.00000000000000      -0.493460462228759     
   2.00000000000000      -0.643796218751809     
   2.00000000000000      -0.488789761032235     
   2.00000000000000      -0.645226751727118     
   2.00000000000000      -0.487021646763055     
   2.00000000000000      -0.648397631234253     
   2.00000000000000      -0.487626512433058     
   2.00000000000000      -0.652801009200235     
   2.00000000000000      -0.490054129322680     
