   2.00000000000000       -7.93499897071515     
   2.00000000000000       -9.88019174053641     
   2.00000000000000       -7.57101445954685     
   2.00000000000000       -9.52303174291795     
   2.00000000000000       -7.22869195409218     
   2.00000000000000       -8.99355653422034     
   2.00000000000000       -6.85663681004474     
   2.00000000000000       -8.38497342570856     
   2.00000000000000       -6.45657347658297     
   2.00000000000000       -7.74683084572998     
   2.00000000000000       -6.04681358244196     
   2.00000000000000       -7.10718224837164     
   2.00000000000000       -5.64998113780697     
   2.00000000000000       -6.49614499520913     
   2.00000000000000       -5.28363234527390     
   2.00000000000000       -5.93273424721306     
   2.00000000000000       -4.94753628057866     
   2.00000000000000       -5.42016247608367     
   2.00000000000000       -4.61343123974599     
   2.00000000000000       -4.95061727719568     
   2.00000000000000       -4.27139126142613     
   2.00000000000000       -4.51469426949415     
   2.00000000000000       -3.94856659685681     
   2.00000000000000       -4.11201039101989     
   2.00000000000000       -3.63968526162009     
   2.00000000000000       -3.75561485846877     
   2.00000000000000       -3.28336864822143     
   2.00000000000000       -3.47333652556218     
   2.00000000000000       -2.93548170630405     
   2.00000000000000       -3.32395358035043     
   2.00000000000000       -2.59428386534085     
   2.00000000000000       -3.55650943180210     
   2.00000000000000       -2.27690961208447     
   2.00000000000000       -3.13073588281243     
   2.00000000000000       -1.98268993801480     
   2.00000000000000       -2.57401476546891     
   2.00000000000000       -1.72736324410118     
   2.00000000000000       -2.34259529317156     
   2.00000000000000       -1.50991119660591     
   2.00000000000000       -2.30764403927386     
   2.00000000000000       -1.32700241920698     
   2.00000000000000       -2.46432967498814     
   2.00000000000000       -1.17508094367611     
   2.00000000000000       -2.92395205475823     
   2.00000000000000       -1.04969672311208     
   2.00000000000000       -3.35027015947574     
   2.00000000000000      -0.945990134271771     
   2.00000000000000       -2.98296668478023     
   2.00000000000000      -0.858397358748975     
   2.00000000000000       -3.02493581433289     
   2.00000000000000      -0.785535895977206     
   2.00000000000000       -3.19956742554693     
   2.00000000000000      -0.725011264230261     
   2.00000000000000       -3.45269436943386     
   2.00000000000000      -0.675392563793156     
   2.00000000000000       -3.76853262848057     
   2.00000000000000      -0.635396165600235     
   2.00000000000000       -4.14921824987054     
   2.00000000000000      -0.603139277484597     
   2.00000000000000       -4.61616701654218     
   2.00000000000000      -0.576276169362850     
   2.00000000000000       -5.26742304856173     
   2.00000000000000      -0.552842050614893     
   2.00000000000000       -6.05121228857211     
   2.00000000000000      -0.532125867222405     
   2.00000000000000       -5.61451535360286     
   2.00000000000000      -0.514624281183558     
   2.00000000000000       -5.60729400130060     
   2.00000000000000      -0.501025399750331     
   2.00000000000000       -5.66328215486281     
   2.00000000000000      -0.491377113714345     
   2.00000000000000       -5.72475046078104     
   2.00000000000000      -0.485093542231940     
   2.00000000000000       -5.77252273266688     
   2.00000000000000      -0.481355987445159     
   2.00000000000000       -5.80177951888885     
   2.00000000000000      -0.479401608809980     
   2.00000000000000       -5.81476970654005     
   2.00000000000000      -0.478621667062501     
   2.00000000000000       -5.81633248784681     
   2.00000000000000      -0.478566644569899     
   2.00000000000000       -5.81116193096233     
   2.00000000000000      -0.478922780223990     
   2.00000000000000       -5.80273679242269     
   2.00000000000000      -0.479482095642130     
   2.00000000000000       -5.79326545215838     
   2.00000000000000      -0.480113892941817     
   2.00000000000000       -5.78399475114716     
   2.00000000000000      -0.480741067633755     
   2.00000000000000       -5.77554394554852     
   2.00000000000000      -0.481322020406376     
   2.00000000000000       -5.76815794847791     
   2.00000000000000      -0.481837645162110     
   2.00000000000000       -5.76187412815439     
   2.00000000000000      -0.482282393679698     
   2.00000000000000       -5.75662421160820     
   2.00000000000000      -0.482658378811510     
   2.00000000000000       -5.75229345024160     
   2.00000000000000      -0.482971627016486     
   2.00000000000000       -5.74875340080653     
   2.00000000000000      -0.483229790998058     
   2.00000000000000       -5.74587903807715     
   2.00000000000000      -0.483440820889319     
   2.00000000000000       -5.74355683785051     
   2.00000000000000      -0.483612244967478     
   2.00000000000000       -5.74168781778334     
   2.00000000000000      -0.483750825296306     
   2.00000000000000       -5.74018788159503     
   2.00000000000000      -0.483862435138672     
   2.00000000000000       -5.73898682091321     
   2.00000000000000      -0.483952060810068     
   2.00000000000000       -5.73802673948222     
   2.00000000000000      -0.484023867806268     
   2.00000000000000       -5.73726031773384     
   2.00000000000000      -0.484081295170477     
   2.00000000000000       -5.73664913458811     
   2.00000000000000      -0.484127157382866     
   2.00000000000000       -5.73616214794536     
   2.00000000000000      -0.484163742556381     
   2.00000000000000       -5.73577437166172     
   2.00000000000000      -0.484192901464525     
   2.00000000000000       -5.73546575198529     
   2.00000000000000      -0.484216125285814     
   2.00000000000000       -5.73522022972151     
   2.00000000000000      -0.484234611826962     
   2.00000000000000       -5.73502496681619     
   2.00000000000000      -0.484249320962825     
   2.00000000000000       -5.73486971415022     
   2.00000000000000      -0.484261020472712     
   2.00000000000000       -5.73474629807904     
   2.00000000000000      -0.484270323588878     
   2.00000000000000       -5.73464820561365     
   2.00000000000000      -0.484277719543479     
   2.00000000000000       -5.73457025041268     
   2.00000000000000      -0.484283598289004     
   2.00000000000000       -5.73450830468560     
   2.00000000000000      -0.484288270422773     
   2.00000000000000       -5.73445908448713     
   2.00000000000000      -0.484291983195737     
   2.00000000000000       -5.73441997805679     
   2.00000000000000      -0.484294933343851     
   2.00000000000000       -5.73438890875971     
   2.00000000000000      -0.484297277353072     
   2.00000000000000       -5.73436422578334     
   2.00000000000000      -0.484299139659078     
   2.00000000000000       -5.73434461703516     
   2.00000000000000      -0.484300619189493     
   2.00000000000000       -5.73432903974890     
   2.00000000000000      -0.484301794578870     
   2.00000000000000       -5.73431666533570     
   2.00000000000000      -0.484302728322647     
   2.00000000000000       -5.73430683538869     
   2.00000000000000      -0.484303470084043     
   2.00000000000000       -5.73429902681631     
   2.00000000000000      -0.484304059325403     
   2.00000000000000       -5.73429282400354     
   2.00000000000000      -0.484304527401273     
   2.00000000000000       -5.73428789678836     
   2.00000000000000      -0.484304899222815     
   2.00000000000000       -5.73428398286809     
   2.00000000000000      -0.484305194581047     
   2.00000000000000       -5.73428087386335     
