   2.00000000000000       -7.85652624181028     
   2.00000000000000       -9.08704792239757     
   2.00000000000000       -7.48037630828899     
   2.00000000000000       -8.62166840099714     
   2.00000000000000       -7.12240630750192     
   2.00000000000000       -8.17081578429610     
   2.00000000000000       -6.76933782331494     
   2.00000000000000       -7.73360640442310     
   2.00000000000000       -6.38962344182155     
   2.00000000000000       -7.31302662059842     
   2.00000000000000       -5.99058502913478     
   2.00000000000000       -6.90494039717397     
   2.00000000000000       -5.59299092443533     
   2.00000000000000       -6.48831256419722     
   2.00000000000000       -5.20552616260822     
   2.00000000000000       -6.03681063378255     
   2.00000000000000       -4.85608149553199     
   2.00000000000000       -5.55244912675712     
   2.00000000000000       -4.53120861892686     
   2.00000000000000       -5.06480300922289     
   2.00000000000000       -4.24853055913010     
   2.00000000000000       -4.59938091466796     
   2.00000000000000       -3.98533809358443     
   2.00000000000000       -4.17003646097247     
   2.00000000000000       -3.65468333610872     
   2.00000000000000       -3.78921830778599     
   2.00000000000000       -3.30312640859038     
   2.00000000000000       -3.47818393289351     
   2.00000000000000       -3.01844459497624     
   2.00000000000000       -3.28273370993970     
   2.00000000000000       -2.83233724594993     
   2.00000000000000       -3.36261313334150     
   2.00000000000000       -2.64175105087646     
   2.00000000000000       -3.26848647825061     
   2.00000000000000       -2.43415618642015     
   2.00000000000000       -2.54604907486981     
   2.00000000000000       -2.25218753799592     
   2.00000000000000       -2.25157095754689     
   2.00000000000000       -1.97963194284600     
   2.00000000000000       -2.23882253074509     
   2.00000000000000       -1.66860413988894     
   2.00000000000000       -2.98514600347719     
   2.00000000000000       -1.43074252122662     
   2.00000000000000       -1.73838699550501     
   2.00000000000000       -1.24863489789479     
   2.00000000000000       -1.33189788351784     
   2.00000000000000       -1.10672864999854     
   2.00000000000000       -1.07743585405605     
   2.00000000000000      -0.995102391107508     
   2.00000000000000      -0.900727832110427     
   2.00000000000000      -0.906776700178395     
   2.00000000000000      -0.772970620502295     
   2.00000000000000      -0.836556430059880     
   2.00000000000000      -0.678732412393584     
   2.00000000000000      -0.780495729281159     
   2.00000000000000      -0.608477334195356     
   2.00000000000000      -0.735589743182653     
   2.00000000000000      -0.555838172270820     
   2.00000000000000      -0.699546119801773     
   2.00000000000000      -0.516340867102027     
   2.00000000000000      -0.670595882212661     
   2.00000000000000      -0.486728602265196     
   2.00000000000000      -0.647339752439702     
   2.00000000000000      -0.464580066712897     
   2.00000000000000      -0.628628207444830     
   2.00000000000000      -0.448062031434911     
   2.00000000000000      -0.613469695317895     
   2.00000000000000      -0.435718254683766     
   2.00000000000000      -0.600980639965748     
   2.00000000000000      -0.426295396647738     
   2.00000000000000      -0.590398664500914     
   2.00000000000000      -0.418682469177997     
   2.00000000000000      -0.581136898973206     
   2.00000000000000      -0.411974414600659     
   2.00000000000000      -0.572828780638793     
   2.00000000000000      -0.405569813192674     
   2.00000000000000      -0.565327947845269     
   2.00000000000000      -0.399209687106182     
   2.00000000000000      -0.558649741681764     
   2.00000000000000      -0.392917415970755     
   2.00000000000000      -0.552875587873235     
   2.00000000000000      -0.386868831398744     
   2.00000000000000      -0.548066752729821     
   2.00000000000000      -0.381263314964990     
