   2.00000000000000       -8.28885671821660     
   2.00000000000000       -8.87495195880408     
   2.00000000000000       -7.85604095455307     
   2.00000000000000       -8.47818720124604     
   2.00000000000000       -7.42887171307451     
   2.00000000000000       -8.06667026780937     
   2.00000000000000       -6.99494002292600     
   2.00000000000000       -7.63925513041992     
   2.00000000000000       -6.56817791021481     
   2.00000000000000       -7.19226450505013     
   2.00000000000000       -6.17588443399537     
   2.00000000000000       -6.72502216234456     
   2.00000000000000       -5.84090342649510     
   2.00000000000000       -6.24929621225515     
   2.00000000000000       -5.56413471850586     
   2.00000000000000       -5.79100795023076     
   2.00000000000000       -5.24482085637527     
   2.00000000000000       -5.38539424241148     
   2.00000000000000       -4.88980938247130     
   2.00000000000000       -5.07763916873916     
   2.00000000000000       -4.56603785047177     
   2.00000000000000       -4.95576951924187     
   2.00000000000000       -4.29120243129202     
   2.00000000000000       -6.10255787294314     
   2.00000000000000       -4.09992976596775     
   2.00000000000000       -4.41604798470932     
   2.00000000000000       -4.04565607032903     
   2.00000000000000       -3.99454182641813     
   2.00000000000000       -4.14635889504927     
   2.00000000000000       -3.85967462513249     
   2.00000000000000       -4.53963654620311     
   2.00000000000000       -4.01790255581146     
   2.00000000000000       -4.06376322861245     
   2.00000000000000       -5.70698189288443     
   2.00000000000000       -4.00206272309691     
   2.00000000000000       -4.14768980818767     
   2.00000000000000       -4.12213737186281     
   2.00000000000000       -4.14685962688891     
   2.00000000000000       -4.37832364032980     
   2.00000000000000       -4.42365174354282     
   2.00000000000000       -4.75395141855721     
   2.00000000000000       -4.91025038897677     
   2.00000000000000       -5.25154001658052     
   2.00000000000000       -5.58808587954978     
   2.00000000000000       -5.90030977817619     
   2.00000000000000       -6.47911372296531     
   2.00000000000000       -6.83938111705181     
   2.00000000000000       -7.90398604844095     
   2.00000000000000       -7.58506439426490     
   2.00000000000000       -8.25789157572500     
   2.00000000000000       -7.71423528068036     
   2.00000000000000       -8.79319783374812     
   2.00000000000000       -8.21801777098949     
   2.00000000000000       -9.59251065179450     
   2.00000000000000       -8.88569806705623     
   2.00000000000000       -10.5530677473502     
   2.00000000000000       -9.68242571305848     
   2.00000000000000       -11.6547530077281     
   2.00000000000000       -10.6021518302933     
   2.00000000000000       -12.8951210213870     
   2.00000000000000       -11.6509209211933     
   2.00000000000000       -14.2722190276744     
   2.00000000000000       -12.8458294979698     
   2.00000000000000       -15.6272308358047     
   2.00000000000000       -14.2212596351108     
   2.00000000000000       -16.0795285067993     
   2.00000000000000       -15.7961663321219     
   2.00000000000000       -16.8576797571829     
   2.00000000000000       -16.9667640818139     
   2.00000000000000       -16.8576797571829     
   2.00000000000000       -18.1752434417326     
   2.00000000000000       -15.0000000000000     
   2.00000000000000       -32.3217843110963     
   2.00000000000000       -15.0000000000000     
   2.00000000000000       -32.4309287805214     
   2.00000000000000       -15.0000000000000     
   2.00000000000000       -32.5356641310414     
   2.00000000000000       -15.0000000000000     
   2.00000000000000       -32.6476378904853     
   2.00000000000000       -15.0000000000000     
   2.00000000000000       -32.7811767988555     
   2.00000000000000       -15.0000000000000     
   2.00000000000000       -32.9003632065747     
   2.00000000000000       -15.0000000000000     
