 what is ipred?
 what is case?
 which problem?
 Problem name: Burgers
 Casename: ARK436[2]SA_1
           1   1.41419919365245     
 ex   1.41402092534700     
  -3.74892586373313       -3.74970901648913       -3.75050528827342     
  -3.75131303117999       -3.75213347873124       -3.75296643031612     
  -3.75381193136884       -3.75467004612704       -3.75554084124871     
  -3.75642438464393       -3.75732074543323       -3.75822999393835     
  -3.75915220171185       -3.76008744156733       -3.76103578758141     
  -3.76199731513990       -3.76297210094526       -3.76396022304623     
  -3.76496176086302       -3.76597679521259       -3.76700540832834     
  -3.76804768389837       -3.76910370708597       -3.77017356455286     
  -3.77125734449509       -3.77235513667624       -3.77346703244494     
  -3.77459312477348       -3.77573350829112       -3.77688827931526     
  -3.77805753587993       -3.77924137777853       -3.78043990659113     
  -3.78165322572611       -3.78288144045224       -3.78412465794685     
  -3.78538298732060       -3.78665653967123       -3.78794542811261     
  -3.78924976782788       -3.79056967610835       -3.79190527239599     
  -3.79325667833354       -3.79462401780469       -3.79600741700120     
  -3.79740700444284       -3.79882291105876       -3.80025527022032     
  -3.80170421780743       -3.80316989225094       -3.80465243460513     
  -3.80615198860070       -3.80766870069858       -3.80920272016406     
  -3.81075419912988       -3.81232329264609       -3.81391015877308     
  -3.81551495863728       -3.81713785650334       -3.81877901985089     
  -3.82043861945815       -3.82211682947064       -3.82381382748690     
  -3.82552979464938       -3.82726491571669       -3.82901937916743     
  -3.83079337728634       -3.83258710625441       -3.83440076626235     
  -3.83623456159578       -3.83808870074257       -3.83996339651687     
  -3.84185886614693       -3.84377533140694       -3.84571301873083     
  -3.84767215933385       -3.84965298934378       -3.85165574992953     
  -3.85368068742938       -3.85572805351536       -3.85779810530541     
  -3.85989110554044       -3.86200732272519       -3.86414703129875     
  -3.86631051178839       -3.86849805099595       -3.87070994216860     
  -3.87294648518657       -3.87520798675328       -3.87749476058954     
  -3.87980712765386       -3.88214541634294       -3.88450996271519     
  -3.88690111072481       -3.88931921246253       -3.89176462839344     
  -3.89423772762288       -3.89673888815967       -3.89926849719878     
  -3.90182695140586       -3.90441465721301       -3.90703203114516     
  -3.90967950012334       -3.91235750182773       -3.91506648502309     
  -3.91780690994476       -3.92057924867659       -3.92338398553656     
  -3.92622161750321       -3.92909265464301       -3.93199762056268     
  -3.93493705287366       -3.93791150368614       -3.94092154012819     
  -3.94396774486604       -3.94705071667925       -3.95017107103105     
  -3.95332944068210       -3.95652647634304       -3.95976284732405     
  -3.96303924225128       -3.96635636978965       -3.96971495942101     
  -3.97311576224901       -3.97655955182974       -3.98004712508655     
  -3.98357930321112       -3.98715693267452       -3.99078088622825     
  -3.99445206400069       -3.99817139462919       -4.00193983645555     
  -4.00575837879762       -4.00962804326237       -4.01354988515699     
  -4.01752499496128       -4.02155449988963       -4.02563956553029     
  -4.02978139759501       -4.03398124375121       -4.03824039556984     
  -4.04256019057678       -4.04694201445276       -4.05138730333183     
  -4.05589754625259       -4.06047428777574       -4.06511913073559     
  -4.06983373920131       -4.07461984157813       -4.07947923396935     
  -4.08441378369794       -4.08942543310821       -4.09451620360416     
  -4.09968819995504       -4.10494361494651       -4.11028473425142     
  -4.11571394179026       -4.12123372535017       -4.12684668271590     
  -4.13255552816632       -4.13836309953257       -4.14427236576468     
  -4.15028643509495       -4.15640856383403       -4.16264216588448     
  -4.16899082303340       -4.17545829609758       -4.18204853699560     
  -4.18876570187062       -4.19561416535276       -4.20259853608883     
  -4.20972367368304       -4.21699470718115       -4.22441705531838     
  -4.23199644866983       -4.23973895399767       -4.24765100098602     
  -4.25573941169045       -4.26401143310162       -4.27247477302919     
  -4.28113764000265       -4.29000878747454       -4.29909756308871     
  -4.30841396354602       -4.31796869609968       -4.32777324737502     
  -4.33783996077560       -4.34818212378396       -4.35881406662520     
  -4.36975127418337       -4.38101051330773       -4.39260997826249     
  -4.40456945729547       -4.41691052431458       -4.42965676019726     
  -4.44283400959243       -4.45647068004713       -4.47059809231339     
  -4.48525089254057       -4.50046754018842       -4.51629088865465     
  -4.53276888108519       -4.54995538924447       -4.56791123297149     
  -4.58670542851027       -4.60641673048628       -4.62713555435555     
  -4.64896639816053       -4.67203092737705       -4.69647195381480     
  -4.72245863850013       -4.75019339998581       -4.77992124690541     
  -4.81194263240282       -4.84663155697748       -4.88446172159645     
  -4.92604545004044       -4.97219367954965       -5.02401238449333     
  -5.08306570289031       -5.15167016263215       -5.23347110139317     
  -5.33470496417633       -5.46744256454993       -5.66033802946633     
  -6.01783609854609       -6.56792533572493       -5.82258983442910     
  -5.56183695411292       -5.39961819472022       -5.28145863789737     
  -5.18840324009932       -5.11158904685683       -5.04614979022136     
  -4.98912398864764       -4.93857461660422       -4.89316506840782     
  -4.85193408364378       -4.81416715848275       -4.77931870492144     
  -4.74696267293098       -4.71675999308790       -4.68843640022625     
  -4.66176690312363       -4.63656464464675       -4.61267274234242     
  -4.58995820094617       -4.56830729587520       -4.54762202076496     
  -4.52781731772541       -4.50881889263764       -4.49056148080871     
  -4.47298755847195       -4.45604774976852       -4.43968827804272     
  -4.42388034559586     
 0.10000E+01 -0.10633E-15   -0.635 -0.10633E-15   -0.635 -0.10633E-15   -0.635 -0.10008E-15   -0.635 -0.10633E-15   -0.636 -0.10633E-15   -0.636 -0.10633E-15   -0.636 -0.10633E-15   -0.636 -0.10633E-15   -0.636 -0.10008E-15   -0.636 -0.10633E-15   -0.637 -0.10008E-15   -0.637 -0.10633E-15   -0.637 -0.10633E-15   -0.637 -0.10633E-15   -0.637 -0.10633E-15   -0.637 -0.10633E-15   -0.637 -0.11259E-15   -0.638 -0.11259E-15   -0.638 -0.11259E-15   -0.638 -0.11259E-15   -0.638 -0.11259E-15   -0.638 -0.10633E-15   -0.638 -0.11259E-15   -0.639 -0.10633E-15   -0.639 -0.11259E-15   -0.639 -0.10633E-15   -0.639 -0.11259E-15   -0.639 -0.10633E-15   -0.640 -0.11259E-15   -0.640 -0.10633E-15   -0.640 -0.11259E-15   -0.640 -0.11259E-15   -0.640 -0.11259E-15   -0.641 -0.11259E-15   -0.641 -0.11259E-15   -0.641 -0.10008E-15   -0.641 -0.11259E-15   -0.641 -0.10633E-15   -0.642 -0.10633E-15   -0.642 -0.11259E-15   -0.642 -0.10633E-15   -0.642 -0.11259E-15   -0.643 -0.11884E-15   -0.643 -0.10633E-15   -0.643 -0.11259E-15   -0.643 -0.11259E-15   -0.644 -0.10633E-15   -0.644 -0.10008E-15   -0.644 -0.11259E-15   -0.644 -0.10633E-15   -0.645 -0.11259E-15   -0.645 -0.10633E-15   -0.645 -0.11259E-15   -0.645 -0.10008E-15   -0.646 -0.10633E-15   -0.646 -0.10633E-15   -0.646 -0.10633E-15   -0.646 -0.11259E-15   -0.647 -0.11259E-15   -0.647 -0.11259E-15   -0.647 -0.11259E-15   -0.647 -0.10633E-15   -0.648 -0.11259E-15   -0.648 -0.10633E-15   -0.648 -0.10633E-15   -0.649 -0.10633E-15   -0.649 -0.10633E-15   -0.649 -0.10633E-15   -0.650 -0.11259E-15   -0.650 -0.11259E-15   -0.650 -0.10633E-15   -0.651 -0.10633E-15   -0.651 -0.11259E-15   -0.651 -0.10633E-15   -0.651 -0.11259E-15   -0.652 -0.10633E-15   -0.652 -0.11259E-15   -0.652 -0.11884E-15   -0.653 -0.10633E-15   -0.653 -0.11259E-15   -0.654 -0.11259E-15   -0.654 -0.11259E-15   -0.654 -0.11259E-15   -0.655 -0.11884E-15   -0.655 -0.11259E-15   -0.655 -0.11259E-15   -0.656 -0.11259E-15   -0.656 -0.11884E-15   -0.656 -0.11884E-15   -0.657 -0.10633E-15   -0.657 -0.11259E-15   -0.658 -0.11259E-15   -0.658 -0.10633E-15   -0.658 -0.11259E-15   -0.659 -0.11259E-15   -0.659 -0.11884E-15   -0.660 -0.11259E-15   -0.660 -0.11259E-15   -0.661 -0.11259E-15   -0.661 -0.11259E-15   -0.661 -0.10633E-15   -0.662 -0.11259E-15   -0.662 -0.10633E-15   -0.663 -0.10633E-15   -0.663 -0.10633E-15   -0.664 -0.11259E-15   -0.664 -0.11884E-15   -0.665 -0.11259E-15   -0.665 -0.11884E-15   -0.666 -0.11259E-15   -0.666 -0.11259E-15   -0.667 -0.11259E-15   -0.667 -0.10633E-15   -0.668 -0.11884E-15   -0.668 -0.11259E-15   -0.669 -0.11884E-15   -0.669 -0.10633E-15   -0.670 -0.10633E-15   -0.670 -0.11259E-15   -0.671 -0.11884E-15   -0.671 -0.11259E-15   -0.672 -0.11259E-15   -0.672 -0.11259E-15   -0.673 -0.11884E-15   -0.674 -0.11259E-15   -0.674 -0.11259E-15   -0.675 -0.11259E-15   -0.675 -0.11259E-15   -0.676 -0.11259E-15   -0.677 -0.11259E-15   -0.677 -0.12510E-15   -0.678 -0.12510E-15   -0.679 -0.11259E-15   -0.679 -0.11259E-15   -0.680 -0.11259E-15   -0.681 -0.12510E-15   -0.681 -0.12510E-15   -0.682 -0.11259E-15   -0.683 -0.11259E-15   -0.683 -0.11259E-15   -0.684 -0.11259E-15   -0.685 -0.12510E-15   -0.686 -0.11259E-15   -0.686 -0.11259E-15   -0.687 -0.12510E-15   -0.688 -0.11259E-15   -0.689 -0.11259E-15   -0.689 -0.11259E-15   -0.690 -0.11259E-15   -0.691 -0.12510E-15   -0.692 -0.11259E-15   -0.693 -0.11259E-15   -0.694 -0.12510E-15   -0.694 -0.12510E-15   -0.695 -0.12510E-15   -0.696 -0.12510E-15   -0.697 -0.12510E-15   -0.698 -0.12510E-15   -0.699 -0.11259E-15   -0.700 -0.12510E-15   -0.701 -0.11259E-15   -0.702 -0.11259E-15   -0.703 -0.12510E-15   -0.704 -0.12510E-15   -0.705 -0.11259E-15   -0.706 -0.12510E-15   -0.707 -0.12510E-15   -0.708 -0.11259E-15   -0.710 -0.12510E-15   -0.711 -0.12510E-15   -0.712 -0.12510E-15   -0.713 -0.12510E-15   -0.714 -0.11259E-15   -0.716 -0.12510E-15   -0.717 -0.12510E-15   -0.718 -0.12510E-15   -0.720 -0.12510E-15   -0.721 -0.12510E-15   -0.722 -0.12510E-15   -0.724 -0.12510E-15   -0.725 -0.12510E-15   -0.727 -0.12510E-15   -0.728 -0.12510E-15   -0.730 -0.12510E-15   -0.731 -0.12510E-15   -0.733 -0.12510E-15   -0.735 -0.12510E-15   -0.737 -0.12510E-15   -0.738 -0.12510E-15   -0.740 -0.12510E-15   -0.742 -0.12510E-15   -0.744 -0.12510E-15   -0.746 -0.12510E-15   -0.748 -0.12510E-15   -0.750 -0.12510E-15   -0.753 -0.12510E-15   -0.755 -0.12510E-15   -0.757 -0.12510E-15   -0.760 -0.12510E-15   -0.762 -0.12510E-15   -0.765 -0.12510E-15   -0.768 -0.12510E-15   -0.771 -0.12510E-15   -0.774 -0.13761E-15   -0.777 -0.12510E-15   -0.780 -0.13761E-15   -0.784 -0.13761E-15   -0.788 -0.12510E-15   -0.791 -0.12510E-15   -0.796 -0.13761E-15   -0.800 -0.13761E-15   -0.805 -0.13761E-15   -0.810 -0.13761E-15   -0.815 -0.15011E-15   -0.821 -0.13761E-15   -0.827 -0.13761E-15   -0.834 -0.13761E-15   -0.842 -0.13761E-15   -0.851 -0.15011E-15   -0.861 -0.13761E-15   -0.873 -0.15011E-15   -0.887 -0.15011E-15   -0.904 -0.15011E-15   -0.926 -0.16262E-15   -0.959 -0.17513E-15   -1.019 -0.20015E-15   -1.113 -0.16262E-15   -0.986 -0.16262E-15   -0.942 -0.15011E-15   -0.915 -0.16262E-15   -0.895 -0.15011E-15   -0.879 -0.13761E-15   -0.866 -0.13761E-15   -0.855 -0.15011E-15   -0.845 -0.13761E-15   -0.837 -0.13761E-15   -0.829 -0.15011E-15   -0.822 -0.13761E-15   -0.816 -0.13761E-15   -0.810 -0.13761E-15   -0.804 -0.13761E-15   -0.799 -0.12510E-15   -0.794 -0.13761E-15   -0.790 -0.13761E-15   -0.785 -0.12510E-15   -0.781 -0.13761E-15   -0.778 -0.13761E-15   -0.774 -0.13761E-15   -0.770 -0.13761E-15   -0.767 -0.12510E-15   -0.764 -0.12510E-15   -0.761 -0.12510E-15   -0.758 -0.12510E-15   -0.755 -0.12510E-15   -0.752 -0.12510E-15   -0.749 -0.35027E-15   -2.036 -0.35027E-15   -2.015 -0.35027E-15   -1.995 -0.32525E-15   -2.030 -0.35027E-15   -2.013 -0.35027E-15   -2.027 -0.32525E-15   -2.039 -0.32525E-15   -2.043 -0.35027E-15   -2.043 -0.32525E-15   -2.043 -0.35027E-15   -2.043 -0.35027E-15   -2.043 -0.35027E-15   -2.043 -0.32525E-15   -2.043 -0.35027E-15   -2.043 -0.35027E-15   -2.043 -0.32525E-15   -2.043 -0.35027E-15   -2.043 -0.35027E-15   -2.043 -0.32525E-15   -2.043 -0.37529E-15   -2.043 -0.35027E-15   -2.043 -0.35027E-15   -2.043 -0.35027E-15   -2.043 -0.35027E-15   -2.043 -0.37529E-15   -2.043 -0.35027E-15   -2.043 -0.35027E-15   -2.043 -0.35027E-15   -2.043 -0.35027E-15   -2.043 -0.35027E-15   -2.043 -0.37529E-15   -2.043 -0.32525E-15   -2.043 -0.32525E-15   -2.043 -0.32525E-15   -2.043 -0.35027E-15   -2.044 -0.35027E-15   -2.043 -0.32525E-15   -2.043 -0.32525E-15   -2.043 -0.32525E-15   -2.043 -0.35027E-15   -2.043 -0.35027E-15   -2.043 -0.35027E-15   -2.043 -0.32525E-15   -2.043 -0.35027E-15   -2.043 -0.35027E-15   -2.043 -0.32525E-15   -2.043 -0.35027E-15   -2.043 -0.32525E-15   -2.043 -0.35027E-15   -2.043 -0.35027E-15   -2.043 -0.35027E-15   -2.043 -0.32525E-15   -2.043 -0.37529E-15   -2.043 -0.35027E-15   -2.043 -0.37529E-15   -2.043 -0.32525E-15   -2.043 -0.32525E-15   -2.043 -0.32525E-15   -2.043 -0.35027E-15   -2.043 -0.35027E-15   -2.043 -0.32525E-15   -2.043 -0.35027E-15   -2.043 -0.32525E-15   -2.043 -0.32525E-15   -2.043 -0.32525E-15   -2.043 -0.32525E-15   -2.043 -0.35027E-15   -2.043 -0.37529E-15   -2.043 -0.35027E-15   -2.043 -0.35027E-15   -2.043 -0.32525E-15   -2.043 -0.35027E-15   -2.043 -0.32525E-15   -2.043 -0.37529E-15   -2.043 -0.35027E-15   -2.043 -0.37529E-15   -2.043 -0.35027E-15   -2.043 -0.35027E-15   -2.043 -0.35027E-15   -2.044 -0.32525E-15   -2.044 -0.32525E-15   -2.045 -0.35027E-15   -2.045 -0.35027E-15   -2.045 -0.37529E-15   -2.045 -0.35027E-15   -2.045 -0.37529E-15   -2.045 -0.35027E-15   -2.046 -0.35027E-15   -2.045 -0.32525E-15   -2.046 -0.32525E-15   -2.046 -0.35027E-15   -2.046 -0.35027E-15   -2.046 -0.32525E-15   -2.046 -0.35027E-15   -2.047 -0.32525E-15   -2.047 -0.35027E-15   -2.047 -0.35027E-15   -2.047 -0.32525E-15   -2.048 -0.35027E-15   -2.048 -0.35027E-15   -2.048 -0.35027E-15   -2.048 -0.37529E-15   -2.049 -0.35027E-15   -2.049 -0.35027E-15   -2.049 -0.35027E-15   -2.050 -0.32525E-15   -2.050 -0.32525E-15   -2.050 -0.35027E-15   -2.050 -0.35027E-15   -2.050 -0.35027E-15   -2.051 -0.37529E-15   -2.051 -0.35027E-15   -2.051 -0.35027E-15   -2.051 -0.35027E-15   -2.051 -0.35027E-15   -2.052 -0.35027E-15   -2.052 -0.35027E-15   -2.052 -0.35027E-15   -2.052 -0.32525E-15   -2.053 -0.32525E-15   -2.053 -0.35027E-15   -2.053 -0.32525E-15   -2.053 -0.35027E-15   -2.054 -0.35027E-15   -2.054 -0.35027E-15   -2.054 -0.35027E-15   -2.054 -0.35027E-15   -2.055 -0.37529E-15   -2.055 -0.35027E-15   -2.055 -0.35027E-15   -2.056 -0.32525E-15   -2.056 -0.35027E-15   -2.056 -0.35027E-15   -2.056 -0.35027E-15   -2.056 -0.37529E-15   -2.056 -0.32525E-15   -2.056 -0.35027E-15   -2.057 -0.32525E-15   -2.057 -0.35027E-15   -2.057 -0.35027E-15   -2.057 -0.32525E-15   -2.058 -0.35027E-15   -2.058 -0.37529E-15   -2.059 -0.37529E-15   -2.059 -0.35027E-15   -2.059 -0.35027E-15   -2.059 -0.32525E-15   -2.059 -0.32525E-15   -2.060 -0.35027E-15   -2.060 -0.35027E-15   -2.060 -0.35027E-15   -2.061 -0.32525E-15   -2.061 -0.32525E-15   -2.061 -0.35027E-15   -2.062 -0.35027E-15   -2.062 -0.32525E-15   -2.062 -0.35027E-15   -2.062 -0.32525E-15   -2.062 -0.35027E-15   -2.063 -0.35027E-15   -2.063 -0.35027E-15   -2.063 -0.32525E-15   -2.063 -0.35027E-15   -2.064 -0.37529E-15   -2.064 -0.35027E-15   -2.064 -0.35027E-15   -2.065 -0.35027E-15   -2.065 -0.35027E-15   -2.065 -0.35027E-15   -2.066 -0.32525E-15   -2.066 -0.35027E-15   -2.066 -0.35027E-15   -2.066 -0.32525E-15   -2.066 -0.32525E-15   -2.067 -0.32525E-15   -2.067 -0.35027E-15   -2.068 -0.35027E-15   -2.068 -0.35027E-15   -2.068 -0.32525E-15   -2.068 -0.35027E-15   -2.068 -0.35027E-15   -2.069 -0.32525E-15   -2.069 -0.32525E-15   -2.070 -0.35027E-15   -2.070 -0.35027E-15   -2.071 -0.32525E-15   -2.071 -0.35027E-15   -2.071 -0.35027E-15   -2.071 -0.37529E-15   -2.072 -0.37529E-15   -2.073 -0.35027E-15   -2.073 -0.32525E-15   -2.073 -0.35027E-15   -2.073 -0.35027E-15   -2.074 -0.35027E-15   -2.074 -0.35027E-15   -2.074 -0.37529E-15   -2.075 -0.35027E-15   -2.076 -0.32525E-15   -2.076 -0.35027E-15   -2.076 -0.35027E-15   -2.076 -0.37529E-15   -2.077 -0.35027E-15   -2.077 -0.37529E-15   -2.078 -0.35027E-15   -2.078 -0.35027E-15   -2.078 -0.37529E-15   -2.079 -0.35027E-15   -2.079 -0.32525E-15   -2.079 -0.35027E-15   -2.080 -0.35027E-15   -2.080 -0.35027E-15   -2.081 -0.35027E-15   -2.081 -0.32525E-15   -2.082 -0.35027E-15   -2.082 -0.35027E-15   -2.083 -0.35027E-15   -2.083 -0.35027E-15   -2.083 -0.35027E-15   -2.083 -0.35027E-15   -2.083 -0.37529E-15   -2.083 -0.35027E-15   -2.083 -0.37529E-15   -2.083 -0.32525E-15   -2.084 -0.32525E-15   -2.083 -0.35027E-15   -2.083 -0.32525E-15   -2.084 -0.32525E-15   -2.084 -0.37529E-15   -2.084 -0.35027E-15   -2.084 -0.35027E-15   -2.084 -0.35027E-15   -2.085 -0.35027E-15   -2.085 -0.35027E-15   -2.085 -0.35027E-15   -2.085 -0.35027E-15   -2.085 -0.37529E-15   -2.085 -0.35027E-15   -2.085 -0.35027E-15   -2.085 -0.35027E-15   -2.085 -0.35027E-15   -2.086 -0.37529E-15   -2.086 -0.35027E-15   -2.086 -0.32525E-15   -2.085 -0.37529E-15   -2.086 -0.37529E-15   -2.086 -0.32525E-15   -2.086 -0.37529E-15   -2.085 -0.37529E-15   -2.083 -0.37529E-15   -2.075 -0.37529E-15   -2.064 -0.37529E-15   -2.078 -0.35027E-15   -2.052 -0.37529E-15   -2.077 -0.37529E-15   -2.097
 average iterations per step   2.00000000000000     
 error of initial guess is 
           2  1.598776074030407E-006   2.00000000000000     
   2.00000000000000     
           3  5.371889749223448E-007   2.00000000000000     
   2.00000000000000     
           4  9.208948495705870E-007   2.00000000000000     
   2.00000000000000     
           5  7.354363993862059E-007   2.00000000000000     
   2.00000000000000     
           6  4.796322431121603E-007   2.00000000000000     
   2.00000000000000     
 Total time elapsed for this case:    35.5196010000000      sec
