 zone T = "ep =    1.00000000000000      ",
   1.00000000000000      -0.566895732369439     
   1.05000000000000      -0.636533227857384     
   1.10000000000000                          NaN
   1.15000000000000                          NaN
   1.20000000000000                          NaN
   1.25000000000000                          NaN
   1.30000000000000                          NaN
   1.35000000000000                          NaN
   1.40000000000000                          NaN
   1.45000000000000                          NaN
   1.50000000000000                          NaN
   1.55000000000000                          NaN
   1.60000000000000                          NaN
   1.65000000000000                          NaN
   1.70000000000000                          NaN
   1.75000000000000                          NaN
   1.80000000000000                          NaN
   1.85000000000000                          NaN
   1.90000000000000                          NaN
   1.95000000000000                          NaN
   2.00000000000000                          NaN
   2.05000000000000                          NaN
   2.10000000000000                          NaN
   2.15000000000000                          NaN
   2.20000000000000                          NaN
   2.25000000000000                          NaN
   2.30000000000000                          NaN
   2.35000000000000                          NaN
   2.40000000000000                          NaN
   2.45000000000000                          NaN
   2.50000000000000                          NaN
   2.55000000000000                          NaN
   2.60000000000000                          NaN
   2.65000000000000                          NaN
   2.70000000000000                          NaN
   2.75000000000000                          NaN
   2.80000000000000                          NaN
   2.85000000000000                          NaN
   2.90000000000000                          NaN
   2.95000000000000                          NaN
   3.00000000000000                          NaN
   3.05000000000000                          NaN
   3.10000000000000                          NaN
   3.15000000000000                          NaN
   3.20000000000000                          NaN
   3.25000000000000                          NaN
   3.30000000000000                          NaN
   3.35000000000000                          NaN
   3.40000000000000                          NaN
   3.45000000000000                          NaN
   3.50000000000000                          NaN
   3.55000000000000                          NaN
   3.60000000000000                          NaN
   3.65000000000000                          NaN
   3.70000000000000                          NaN
   3.75000000000000                          NaN
   3.80000000000000                          NaN
   3.85000000000000                          NaN
   3.90000000000000                          NaN
   3.95000000000000                          NaN
   4.00000000000000                          NaN
