 zone T = "ep =    1.00000000000000      ",
   1.00000000000000        54.0431392161116     
   1.05000000000000      -0.568249711831499     
   1.10000000000000      -0.568249711831499     
   1.15000000000000      -0.568249711831499     
   1.20000000000000      -0.568249711831499     
   1.25000000000000      -0.568249711831499     
   1.30000000000000      -0.568249711831499     
   1.35000000000000      -0.568249711831501     
   1.40000000000000      -0.568249711831501     
   1.45000000000000      -0.568249711831501     
   1.50000000000000      -0.568249711831502     
   1.55000000000000      -0.568249711831502     
   1.60000000000000      -0.568249711831502     
   1.65000000000000      -0.568249711831504     
   1.70000000000000      -0.568249711831506     
   1.75000000000000      -0.568249711831506     
   1.80000000000000      -0.568249711831508     
   1.85000000000000      -0.568249711831510     
   1.90000000000000      -0.568249711831510     
   1.95000000000000      -0.568249711831511     
   2.00000000000000      -0.568249711831515     
   2.05000000000000      -0.568249711831517     
   2.10000000000000      -0.568249711831519     
   2.15000000000000      -0.568249711831522     
   2.20000000000000      -0.568249711831524     
   2.25000000000000      -0.568249711831527     
   2.30000000000000      -0.568249711831531     
   2.35000000000000      -0.568249711831536     
   2.40000000000000      -0.568249711831542     
   2.45000000000000      -0.568249711831547     
   2.50000000000000      -0.568249711831552     
   2.55000000000000      -0.568249711831560     
   2.60000000000000      -0.568249711831567     
   2.65000000000000      -0.568249711831576     
   2.70000000000000      -0.568249711831586     
   2.75000000000000      -0.568249711831597     
   2.80000000000000      -0.568249711831610     
   2.85000000000000      -0.568249711831622     
   2.90000000000000      -0.568249711831638     
   2.95000000000000      -0.568249711831656     
   3.00000000000000      -0.568249711831674     
   3.05000000000000      -0.568249711831697     
   3.10000000000000      -0.568249711831720     
   3.15000000000000      -0.568249711831749     
   3.20000000000000      -0.568249711831779     
   3.25000000000000      -0.568249711831813     
   3.30000000000000      -0.568249711831852     
   3.35000000000000      -0.568249711831895     
   3.40000000000000      -0.568249711831945     
   3.45000000000000      -0.568249711831998     
   3.50000000000000      -0.568249711832061     
   3.55000000000000      -0.568249711832129     
   3.60000000000000      -0.568249711832207     
   3.65000000000000      -0.568249711832293     
   3.70000000000000      -0.568249711832391     
   3.75000000000000      -0.568249711832500     
   3.80000000000000      -0.568249711832621     
   3.85000000000000      -0.568249711832759     
   3.90000000000000      -0.568249711832914     
   3.95000000000000      -0.568249711833087     
   4.00000000000000      -0.568249711833280     
