 zone T = "ep =    1.00000000000000      ",
   1.69897000433602       -7.25665288084970     
   1.74897000433602       -7.16439847318084     
   1.79897000433602       -7.14194555371646     
   1.84897000433602       -7.11840682819832     
   1.89897000433602       -7.10221936434111     
   1.94897000433602       -7.09510173819025     
   1.99897000433602       -7.09065801481856     
   2.04897000433602       -7.08900779441946     
   2.09897000433602       -7.08714218608576     
   2.14897000433602       -7.08565955311564     
   2.19897000433602       -7.08507142150212     
   2.24897000433602       -7.08471127506922     
   2.29897000433602       -7.08437502671607     
   2.34897000433602       -7.08428435323034     
   2.39897000433602       -7.08411967106931     
   2.44897000433602       -7.08408005276337     
   2.49897000433602       -7.08407286003683     
   2.54897000433602       -7.08404202137255     
   2.59897000433602       -7.08402927555146     
   2.64897000433602       -7.08401819990989     
   2.69897000433602       -7.08401073673670     
   2.74897000433602       -7.08400530735294     
   2.79897000433602       -7.08400574848784     
   2.84897000433602       -7.08400374524756     
   2.89897000433602       -7.08400214219394     
   2.94897000433602       -7.08400248854663     
   2.99897000433602       -7.08400188828016     
   3.04897000433602       -7.08400173616598     
   3.09897000433602       -7.08400136173130     
   3.14897000433602       -7.08400139215410     
   3.19897000433602       -7.08400126344225     
   3.24897000433602       -7.08400118504505     
   3.29897000433602       -7.08400120961730     
   3.34897000433602       -7.08400116281301     
   3.39897000433602       -7.08400116164290     
   3.44897000433602       -7.08400114760161     
   3.49897000433602       -7.08400114292118     
   3.54897000433602       -7.08400115696247     
   3.59897000433602       -7.08400114292118     
   3.64897000433602       -7.08400112770979     
   3.69897000433602       -7.08400113824075     
   3.74897000433602       -7.08400113239022     
   3.79897000433602       -7.08400112653968     
   3.84897000433602       -7.08400113122011     
   3.89897000433602       -7.08400112419947     
   3.94897000433602       -7.08400115228204     
   3.99897000433602       -7.08400110547775     
   4.04897000433602       -7.08400115930268     
   4.09897000433602       -7.08400115111193     
   4.14897000433602       -7.08400113005000     
   4.19897000433602       -7.08400110664786     
   4.24897000433602       -7.08400115228204     
   4.29897000433602       -7.08400118855537     
   4.34897000433602       -7.08400114643150     
   4.39897000433602       -7.08400116281301     
   4.44897000433602       -7.08400107973539     
   4.49897000433602       -7.08400113122011     
   4.54897000433602       -7.08400112302936     
   4.59897000433602       -7.08400120376676     
   4.64897000433602       -7.08400108090550     
   4.69897000433602       -7.08400122716891     
   4.74897000433602       -7.08400117568419     
   4.79897000433602       -7.08400103059090     
   4.84897000433602       -7.08400127397322     
   4.89897000433602       -7.08400119791623     
   4.94897000433602       -7.08400104814250     
   4.99897000433602       -7.08400094634320     
   5.04897000433602       -7.08400139917475     
   5.09897000433602       -7.08400129503515     
   5.14897000433602       -7.08400139800464     
   5.19897000433602       -7.08400119440590     
 zone T = "ep =   0.794328234724281      ",
   1.69897000433602       -7.14502678455628     
   1.74897000433602       -7.03758609179468     
   1.79897000433602       -6.99347800867921     
   1.84897000433602       -6.94597145125980     
   1.89897000433602       -6.92347336717270     
   1.94897000433602       -6.91459854987400     
   1.99897000433602       -6.90756498819889     
   2.04897000433602       -6.90680336379556     
   2.09897000433602       -6.90473418595415     
   2.14897000433602       -6.90189357871107     
   2.19897000433602       -6.90150444646136     
   2.24897000433602       -6.90105159001014     
   2.29897000433602       -6.90051123890887     
   2.34897000433602       -6.90040954293155     
   2.39897000433602       -6.90015057698835     
   2.44897000433602       -6.90011894853566     
   2.49897000433602       -6.90014587295497     
   2.54897000433602       -6.90009816272926     
   2.59897000433602       -6.90008935267935     
   2.64897000433602       -6.90007161360113     
   2.69897000433602       -6.90006496833703     
   2.74897000433602       -6.90005417555387     
   2.79897000433602       -6.90005735942765     
   2.84897000433602       -6.90005292606599     
   2.89897000433602       -6.90005054507757     
   2.94897000433602       -6.90005192479288     
   2.99897000433602       -6.90005066535241     
   3.04897000433602       -6.90005065539335     
   3.09897000433602       -6.90004981117193     
   3.14897000433602       -6.90005001111896     
   3.19897000433602       -6.90004980504329     
   3.24897000433602       -6.90004962118404     
   3.29897000433602       -6.90004969702597     
   3.34897000433602       -6.90004960049987     
   3.39897000433602       -6.90004957292100     
   3.44897000433602       -6.90004957981572     
   3.49897000433602       -6.90004955683332     
   3.54897000433602       -6.90004957751747     
   3.59897000433602       -6.90004955836548     
   3.64897000433602       -6.90004954534212     
   3.69897000433602       -6.90004955223684     
   3.74897000433602       -6.90004955223684     
   3.79897000433602       -6.90004953921348     
   3.84897000433602       -6.90004954227780     
   3.89897000433602       -6.90004954151172     
   3.94897000433602       -6.90004955606724     
   3.99897000433602       -6.90004953155268     
   4.04897000433602       -6.90004956909060     
   4.09897000433602       -6.90004954993860     
   4.14897000433602       -6.90004952465796     
   4.19897000433602       -6.90004952848836     
   4.24897000433602       -6.90004955913156     
   4.29897000433602       -6.90004959207300     
   4.34897000433602       -6.90004958288004     
   4.39897000433602       -6.90004957138884     
   4.44897000433602       -6.90004950473988     
   4.49897000433602       -6.90004954074564     
   4.54897000433602       -6.90004954227780     
   4.59897000433602       -6.90004961352324     
   4.64897000433602       -6.90004951546500     
   4.69897000433602       -6.90004961505540     
   4.74897000433602       -6.90004958134787     
   4.79897000433602       -6.90004946183941     
   4.84897000433602       -6.90004964263428     
   4.89897000433602       -6.90004958594436     
   4.94897000433602       -6.90004949707908     
   4.99897000433602       -6.90004942123719     
   5.04897000433602       -6.90004975448199     
   5.09897000433602       -6.90004969472773     
   5.14897000433602       -6.90004975907847     
   5.19897000433602       -6.90004960433028     
 zone T = "ep =   0.630957344480193      ",
   1.69897000433602       -7.30307382800315     
   1.74897000433602       -7.17022218236903     
   1.79897000433602       -7.03292322277991     
   1.84897000433602       -6.90642668043837     
   1.89897000433602       -6.87048782275816     
   1.94897000433602       -6.85763245570914     
   1.99897000433602       -6.84377975341236     
   2.04897000433602       -6.84497080979678     
   2.09897000433602       -6.84289857749434     
   2.14897000433602       -6.83637987451212     
   2.19897000433602       -6.83677027292712     
   2.24897000433602       -6.83603582025894     
   2.29897000433602       -6.83499696479383     
   2.34897000433602       -6.83476804320459     
   2.39897000433602       -6.83431967567008     
   2.44897000433602       -6.83429054143231     
   2.49897000433602       -6.83439558755298     
   2.54897000433602       -6.83430391847062     
   2.59897000433602       -6.83431065916332     
   2.64897000433602       -6.83427320707340     
   2.69897000433602       -6.83427499137361     
   2.74897000433602       -6.83424809530696     
   2.79897000433602       -6.83425673918444     
   2.84897000433602       -6.83424448150744     
   2.89897000433602       -6.83424079860988     
   2.94897000433602       -6.83424438801913     
   2.99897000433602       -6.83424130423287     
   3.04897000433602       -6.83424166040775     
   3.09897000433602       -6.83423966754393     
   3.14897000433602       -6.83424021859258     
   3.19897000433602       -6.83423985517690     
   3.24897000433602       -6.83423941407496     
   3.29897000433602       -6.83423957142321     
   3.34897000433602       -6.83423936140610     
   3.39897000433602       -6.83423930215364     
   3.44897000433602       -6.83423931861265     
   3.49897000433602       -6.83423927713594     
   3.54897000433602       -6.83423929030315     
   3.59897000433602       -6.83423926989397     
   3.64897000433602       -6.83423924882643     
   3.69897000433602       -6.83423925804348     
   3.74897000433602       -6.83423925277660     
   3.79897000433602       -6.83423924092611     
   3.84897000433602       -6.83423924685135     
   3.89897000433602       -6.83423924092611     
   3.94897000433602       -6.83423925804348     
   3.99897000433602       -6.83423922907562     
   4.04897000433602       -6.83423926726053     
   4.09897000433602       -6.83423925014315     
   4.14897000433602       -6.83423922446709     
   4.19897000433602       -6.83423922249201     
   4.24897000433602       -6.83423924487627     
   4.29897000433602       -6.83423928635299     
   4.34897000433602       -6.83423926791889     
   4.39897000433602       -6.83423926791889     
   4.44897000433602       -6.83423920998316     
   4.49897000433602       -6.83423923895103     
   4.54897000433602       -6.83423922644218     
   4.59897000433602       -6.83423931137069     
   4.64897000433602       -6.83423920998316     
   4.69897000433602       -6.83423931334577     
   4.74897000433602       -6.83423929030315     
   4.79897000433602       -6.83423917048154     
   4.84897000433602       -6.83423935218905     
   4.89897000433602       -6.83423929688675     
   4.94897000433602       -6.83423918759891     
   4.99897000433602       -6.83423911912943     
   5.04897000433602       -6.83423946081857     
   5.09897000433602       -6.83423939300741     
   5.14897000433602       -6.83423946016021     
   5.19897000433602       -6.83423930939561     
 zone T = "ep =   0.501187233627272      ",
   1.69897000433602       -7.06078469954041     
   1.74897000433602       -6.90017737922712     
   1.79897000433602       -7.18363405552019     
   1.84897000433602       -8.02188326372321     
   1.89897000433602       -7.65854144838838     
   1.94897000433602       -7.57895941623225     
   1.99897000433602       -7.45009125509671     
   2.04897000433602       -7.48025310955877     
   2.09897000433602       -7.48570625472899     
   2.14897000433602       -7.42267485647845     
   2.19897000433602       -7.43716833001377     
   2.24897000433602       -7.43227044626204     
   2.29897000433602       -7.42448036850676     
   2.34897000433602       -7.42180881471771     
   2.39897000433602       -7.41926318436728     
   2.44897000433602       -7.41918693313205     
   2.49897000433602       -7.42030659472392     
   2.54897000433602       -7.41963291007236     
   2.59897000433602       -7.41990294474896     
   2.64897000433602       -7.41958916524706     
   2.69897000433602       -7.41975350611410     
   2.74897000433602       -7.41950034097656     
   2.79897000433602       -7.41957175166383     
   2.84897000433602       -7.41944583311313     
   2.89897000433602       -7.41943121929824     
   2.94897000433602       -7.41946114407522     
   2.99897000433602       -7.41943310394358     
   3.04897000433602       -7.41943871993120     
   3.09897000433602       -7.41942169233859     
   3.14897000433602       -7.41942673569907     
   3.19897000433602       -7.41942435713050     
   3.24897000433602       -7.41942056259334     
   3.29897000433602       -7.41942163407811     
   3.34897000433602       -7.41941999518876     
   3.39897000433602       -7.41941947337985     
   3.44897000433602       -7.41941958990024     
   3.49897000433602       -7.41941924033918     
   3.54897000433602       -7.41941928340104     
   3.59897000433602       -7.41941912888499     
   3.64897000433602       -7.41941902249693     
   3.69897000433602       -7.41941905289352     
   3.74897000433602       -7.41941901489778     
   3.79897000433602       -7.41941894903852     
   3.84897000433602       -7.41941895663767     
   3.89897000433602       -7.41941894650547     
   3.94897000433602       -7.41941902502998     
   3.99897000433602       -7.41941889584451     
   4.04897000433602       -7.41941906302571     
   4.09897000433602       -7.41941898956730     
   4.14897000433602       -7.41941885784879     
   4.19897000433602       -7.41941884518355     
   4.24897000433602       -7.41941896423681     
   4.29897000433602       -7.41941912128585     
   4.34897000433602       -7.41941905542657     
   4.39897000433602       -7.41941904782742     
   4.44897000433602       -7.41941878439041     
   4.49897000433602       -7.41941892370804     
   4.54897000433602       -7.41941889584451     
   4.59897000433602       -7.41941921247563     
   4.64897000433602       -7.41941879452260     
   4.69897000433602       -7.41941923020698     
   4.74897000433602       -7.41941912381890     
   4.79897000433602       -7.41941860707712     
   4.84897000433602       -7.41941947591291     
   4.89897000433602       -7.41941911115365     
   4.94897000433602       -7.41941876665908     
   4.99897000433602       -7.41941835630560     
   5.04897000433602       -7.41941986600300     
   5.09897000433602       -7.41941957470192     
   5.14897000433602       -7.41941991666408     
   5.19897000433602       -7.41941927326884     
 zone T = "ep =   0.398107170553497      ",
   1.69897000433602       -6.36656856244101     
   1.74897000433602       -6.14290817124332     
   1.79897000433602       -6.23162493607988     
   1.84897000433602       -6.36488700132469     
   1.89897000433602       -6.35676574469619     
   1.94897000433602       -6.35359316550270     
   1.99897000433602       -6.36873900307795     
   2.04897000433602       -6.36087126041915     
   2.09897000433602       -6.35507972976996     
   2.14897000433602       -6.36516870721149     
   2.19897000433602       -6.36050217749545     
   2.24897000433602       -6.36095250230523     
   2.29897000433602       -6.36191864064244     
   2.34897000433602       -6.36248707687125     
   2.39897000433602       -6.36259830701587     
   2.44897000433602       -6.36256880583832     
   2.49897000433602       -6.36235185399912     
   2.54897000433602       -6.36242967980436     
   2.59897000433602       -6.36234380065589     
   2.64897000433602       -6.36238872475013     
   2.69897000433602       -6.36233358970761     
   2.74897000433602       -6.36237537764414     
   2.79897000433602       -6.36236484076832     
   2.84897000433602       -6.36238742038657     
   2.89897000433602       -6.36238616334100     
   2.94897000433602       -6.36238173494438     
   2.99897000433602       -6.36238618133368     
   3.04897000433602       -6.36238479989826     
   3.09897000433602       -6.36238736041082     
   3.14897000433602       -6.36238651297657     
   3.19897000433602       -6.36238675998738     
   3.24897000433602       -6.36238732775736     
   3.29897000433602       -6.36238719447796     
   3.34897000433602       -6.36238742305216     
   3.39897000433602       -6.36238750724036     
   3.44897000433602       -6.36238749346815     
   3.49897000433602       -6.36238754278156     
   3.54897000433602       -6.36238754367009     
   3.59897000433602       -6.36238756121855     
   3.64897000433602       -6.36238757565717     
   3.69897000433602       -6.36238757365797     
   3.74897000433602       -6.36238757654570     
   3.79897000433602       -6.36238758520886     
   3.84897000433602       -6.36238758343180     
   3.89897000433602       -6.36238758432033     
   3.94897000433602       -6.36238758032195     
   3.99897000433602       -6.36238759165071     
   4.04897000433602       -6.36238757632356     
   4.09897000433602       -6.36238758387607     
   4.14897000433602       -6.36238759298350     
   4.19897000433602       -6.36238759653762     
   4.24897000433602       -6.36238758498673     
   4.29897000433602       -6.36238757054812     
   4.34897000433602       -6.36238757610143     
   4.39897000433602       -6.36238757787849     
   4.44897000433602       -6.36238760031387     
   4.49897000433602       -6.36238758743019     
   4.54897000433602       -6.36238759009578     
   4.59897000433602       -6.36238756055215     
   4.64897000433602       -6.36238759653762     
   4.69897000433602       -6.36238756343988     
   4.74897000433602       -6.36238756810466     
   4.79897000433602       -6.36238761786234     
   4.84897000433602       -6.36238753922744     
   4.89897000433602       -6.36238756766040     
   4.94897000433602       -6.36238760564505     
   4.99897000433602       -6.36238763807640     
   5.04897000433602       -6.36238750124278     
   5.09897000433602       -6.36238752723228     
   5.14897000433602       -6.36238750146491     
   5.19897000433602       -6.36238756033002     
 zone T = "ep =   0.316227766016838      ",
   1.69897000433602       -6.06333850126579     
   1.74897000433602       -5.71837079463340     
   1.79897000433602       -5.78106149171066     
   1.84897000433602       -5.85423613855330     
   1.89897000433602       -5.82385284241791     
   1.94897000433602       -5.81321724624221     
   1.99897000433602       -5.81790130238707     
   2.04897000433602       -5.81167832269950     
   2.09897000433602       -5.80540271993943     
   2.14897000433602       -5.80974953618648     
   2.19897000433602       -5.80615111737474     
   2.24897000433602       -5.80601689549736     
   2.29897000433602       -5.80617941049401     
   2.34897000433602       -5.80641858307710     
   2.39897000433602       -5.80625102408443     
   2.44897000433602       -5.80618354140944     
   2.49897000433602       -5.80606033139128     
   2.54897000433602       -5.80606113528078     
   2.59897000433602       -5.80599750427734     
   2.64897000433602       -5.80600633358770     
   2.69897000433602       -5.80596729862203     
   2.74897000433602       -5.80598152764246     
   2.79897000433602       -5.80597643168700     
   2.84897000433602       -5.80598520541873     
   2.89897000433602       -5.80598245334504     
   2.94897000433602       -5.80598053488633     
   2.99897000433602       -5.80598197328232     
   3.04897000433602       -5.80598107484718     
   3.09897000433602       -5.80598189709663     
   3.14897000433602       -5.80598149136947     
   3.19897000433602       -5.80598150154812     
   3.24897000433602       -5.80598168124751     
   3.29897000433602       -5.80598162634450     
   3.34897000433602       -5.80598169327683     
   3.39897000433602       -5.80598171893936     
   3.44897000433602       -5.80598171079644     
   3.49897000433602       -5.80598172541669     
   3.54897000433602       -5.80598172523162     
   3.59897000433602       -5.80598173022841     
   3.64897000433602       -5.80598173386805     
   3.69897000433602       -5.80598173355961     
   3.74897000433602       -5.80598173467000     
   3.79897000433602       -5.80598173682911     
   3.84897000433602       -5.80598173652067     
   3.89897000433602       -5.80598173658236     
   3.94897000433602       -5.80598173516352     
   3.99897000433602       -5.80598173812458     
   4.04897000433602       -5.80598173454663     
   4.09897000433602       -5.80598173590378     
   4.14897000433602       -5.80598173874146     
   4.19897000433602       -5.80598173935835     
   4.24897000433602       -5.80598173615054     
   4.29897000433602       -5.80598173257259     
   4.34897000433602       -5.80598173460832     
   4.39897000433602       -5.80598173411481     
   4.44897000433602       -5.80598173985186     
   4.49897000433602       -5.80598173701418     
   4.54897000433602       -5.80598173726093     
   4.59897000433602       -5.80598173016672     
   4.64897000433602       -5.80598174016031     
   4.69897000433602       -5.80598172899464     
   4.74897000433602       -5.80598173238752     
   4.79897000433602       -5.80598174558892     
   4.84897000433602       -5.80598172535500     
   4.89897000433602       -5.80598173275765     
   4.94897000433602       -5.80598174225773     
   4.99897000433602       -5.80598175040065     
   5.04897000433602       -5.80598171400426     
   5.09897000433602       -5.80598172116016     
   5.14897000433602       -5.80598171542310     
   5.19897000433602       -5.80598172819268     
 zone T = "ep =   0.251188643150958      ",
   1.69897000433602       -6.29162037590777     
   1.74897000433602       -5.48522487641433     
   1.79897000433602       -5.54000364532074     
   1.84897000433602       -5.58446710309721     
   1.89897000433602       -5.52965665070683     
   1.94897000433602       -5.51056078781655     
   1.99897000433602       -5.50967464295396     
   2.04897000433602       -5.50176564031144     
   2.09897000433602       -5.49352045341073     
   2.14897000433602       -5.49547342116566     
   2.19897000433602       -5.49154614357445     
   2.24897000433602       -5.49091782164180     
   2.29897000433602       -5.49064285395415     
   2.34897000433602       -5.49064125248986     
   2.39897000433602       -5.49030245666033     
   2.44897000433602       -5.49016360677483     
   2.49897000433602       -5.49003482564461     
   2.54897000433602       -5.48998829427656     
   2.59897000433602       -5.48991917287650     
   2.64897000433602       -5.48990689282326     
   2.69897000433602       -5.48986905318236     
   2.74897000433602       -5.48987037986319     
   2.79897000433602       -5.48986441102302     
   2.84897000433602       -5.48986693688278     
   2.89897000433602       -5.48986306258307     
   2.94897000433602       -5.48986126400433     
   2.99897000433602       -5.48986134947486     
   3.04897000433602       -5.48986040164368     
   3.09897000433602       -5.48986053320071     
   3.14897000433602       -5.48986016992942     
   3.19897000433602       -5.48986005633645     
   3.24897000433602       -5.48986007811365     
   3.29897000433602       -5.48986001692300     
   3.34897000433602       -5.48986002136186     
   3.39897000433602       -5.48986001832318     
   3.44897000433602       -5.48986000533432     
   3.49897000433602       -5.48986000530453     
   3.54897000433602       -5.48986000190836     
   3.59897000433602       -5.48986000134233     
   3.64897000433602       -5.48986000131254     
   3.69897000433602       -5.48986000035923     
   3.74897000433602       -5.48986000015069     
   3.79897000433602       -5.48986000053797     
   3.84897000433602       -5.48986000032944     
   3.89897000433602       -5.48986000012090     
   3.94897000433602       -5.48985999958466     
   3.99897000433602       -5.48986000074651     
   4.04897000433602       -5.48985999875051     
   4.09897000433602       -5.48985999973362     
   4.14897000433602       -5.48986000083588     
   4.19897000433602       -5.48986000116358     
   4.24897000433602       -5.48985999979320     
   4.29897000433602       -5.48985999809511     
   4.34897000433602       -5.48985999889947     
   4.39897000433602       -5.48985999875051     
   4.44897000433602       -5.48986000143170     
   4.49897000433602       -5.48986000018048     
   4.54897000433602       -5.48986000041881     
   4.59897000433602       -5.48985999758867     
   4.64897000433602       -5.48986000146149     
   4.69897000433602       -5.48985999696306     
   4.74897000433602       -5.48985999809511     
   4.79897000433602       -5.48986000375540     
   4.84897000433602       -5.48985999452020     
   4.89897000433602       -5.48985999845261     
   4.94897000433602       -5.48986000202752     
   4.99897000433602       -5.48986000595993     
   5.04897000433602       -5.48985999014093     
   5.09897000433602       -5.48985999371584     
   5.14897000433602       -5.48985999026009     
   5.19897000433602       -5.48985999690347     
 zone T = "ep =   0.199526231496888      ",
   1.69897000433602       -5.57941356479258     
   1.74897000433602       -5.52819173891980     
   1.79897000433602       -5.57731704361504     
   1.84897000433602       -5.58088693543087     
   1.89897000433602       -5.46310111771626     
   1.94897000433602       -5.42313293967959     
   1.99897000433602       -5.41320015507511     
   2.04897000433602       -5.39872278580980     
   2.09897000433602       -5.38510958977923     
   2.14897000433602       -5.38454302652183     
   2.19897000433602       -5.37878031431693     
   2.24897000433602       -5.37716423015641     
   2.29897000433602       -5.37622938263321     
   2.34897000433602       -5.37581739769410     
   2.39897000433602       -5.37518804546231     
   2.44897000433602       -5.37488105516386     
   2.49897000433602       -5.37466362376181     
   2.54897000433602       -5.37454293692014     
   2.59897000433602       -5.37443749395283     
   2.64897000433602       -5.37439459388073     
   2.69897000433602       -5.37434426966847     
   2.74897000433602       -5.37433133234987     
   2.79897000433602       -5.37431945246855     
   2.84897000433602       -5.37431575963629     
   2.89897000433602       -5.37430935762178     
   2.94897000433602       -5.37430621115966     
   2.99897000433602       -5.37430485290458     
   3.04897000433602       -5.37430335348869     
   3.09897000433602       -5.37430285321271     
   3.14897000433602       -5.37430229010610     
   3.19897000433602       -5.37430199133844     
   3.24897000433602       -5.37430186110995     
   3.29897000433602       -5.37430174047056     
   3.34897000433602       -5.37430168501389     
   3.39897000433602       -5.37430164779925     
   3.44897000433602       -5.37430161852983     
   3.49897000433602       -5.37430160412343     
   3.54897000433602       -5.37430159355265     
   3.59897000433602       -5.37430158741109     
   3.64897000433602       -5.37430158384944     
   3.69897000433602       -5.37430158104122     
   3.74897000433602       -5.37430157930606     
   3.79897000433602       -5.37430157878095     
   3.84897000433602       -5.37430157807318     
   3.89897000433602       -5.37430157768506     
   3.94897000433602       -5.37430157674898     
   3.99897000433602       -5.37430157752524     
   4.04897000433602       -5.37430157638369     
   4.09897000433602       -5.37430157688597     
   4.14897000433602       -5.37430157747958     
   4.19897000433602       -5.37430157745675     
   4.24897000433602       -5.37430157679464     
   4.29897000433602       -5.37430157588140     
   4.34897000433602       -5.37430157624670     
   4.39897000433602       -5.37430157642935     
   4.44897000433602       -5.37430157786770     
   4.49897000433602       -5.37430157706862     
   4.54897000433602       -5.37430157704579     
   4.59897000433602       -5.37430157524213     
   4.64897000433602       -5.37430157786770     
   4.69897000433602       -5.37430157501382     
   4.74897000433602       -5.37430157542478     
   4.79897000433602       -5.37430157889510     
   4.84897000433602       -5.37430157368962     
   4.89897000433602       -5.37430157572159     
   4.94897000433602       -5.37430157811885     
   4.99897000433602       -5.37430158031063     
   5.04897000433602       -5.37430157158916     
   5.09897000433602       -5.37430157298186     
   5.14897000433602       -5.37430157188597     
   5.19897000433602       -5.37430157521930     
 zone T = "ep =   0.158489319246111      ",
   1.69897000433602       -4.99219327179928     
   1.74897000433602       -5.88149978163354     
   1.79897000433602       -5.97729551212385     
   1.84897000433602       -6.39386893218726     
   1.89897000433602       -5.98498424246358     
   1.94897000433602       -5.77734730385814     
   1.99897000433602       -5.71772560520082     
   2.04897000433602       -5.66465721193685     
   2.09897000433602       -5.62351134197960     
   2.14897000433602       -5.61463729430034     
   2.19897000433602       -5.59912061986716     
   2.24897000433602       -5.59326410087928     
   2.29897000433602       -5.58974263926190     
   2.34897000433602       -5.58775987559384     
   2.39897000433602       -5.58591162302595     
   2.44897000433602       -5.58488267736993     
   2.49897000433602       -5.58421171768761     
   2.54897000433602       -5.58380370534463     
   2.59897000433602       -5.58351075818915     
   2.64897000433602       -5.58335478600944     
   2.69897000433602       -5.58322898982594     
   2.74897000433602       -5.58317078276436     
   2.79897000433602       -5.58313113883103     
   2.84897000433602       -5.58310960333020     
   2.89897000433602       -5.58309146757338     
   2.94897000433602       -5.58308139391609     
   2.99897000433602       -5.58307548548990     
   3.04897000433602       -5.58307113587797     
   3.09897000433602       -5.58306880065922     
   3.14897000433602       -5.58306712762150     
   3.19897000433602       -5.58306610804346     
   3.24897000433602       -5.58306552009058     
   3.29897000433602       -5.58306512184563     
   3.34897000433602       -5.58306488295792     
   3.39897000433602       -5.58306473231472     
   3.44897000433602       -5.58306463262441     
   3.49897000433602       -5.58306457207178     
   3.54897000433602       -5.58306453315564     
   3.59897000433602       -5.58306450900844     
   3.64897000433602       -5.58306449438720     
   3.69897000433602       -5.58306448404895     
   3.74897000433602       -5.58306447791985     
   3.79897000433602       -5.58306447437530     
   3.84897000433602       -5.58306447179074     
   3.89897000433602       -5.58306447038769     
   3.94897000433602       -5.58306446898464     
   3.99897000433602       -5.58306446905849     
   4.04897000433602       -5.58306446743391     
   4.09897000433602       -5.58306446780313     
   4.14897000433602       -5.58306446854158     
   4.19897000433602       -5.58306446876311     
   4.24897000433602       -5.58306446736006     
   4.29897000433602       -5.58306446662161     
   4.34897000433602       -5.58306446640008     
   4.39897000433602       -5.58306446706468     
   4.44897000433602       -5.58306446839389     
   4.49897000433602       -5.58306446817235     
   4.54897000433602       -5.58306446824620     
   4.59897000433602       -5.58306446610470     
   4.64897000433602       -5.58306446824620     
   4.69897000433602       -5.58306446654777     
   4.74897000433602       -5.58306446676930     
   4.79897000433602       -5.58306447009231     
   4.84897000433602       -5.58306446462781     
   4.89897000433602       -5.58306446750775     
   4.94897000433602       -5.58306446839389     
   4.99897000433602       -5.58306447193843     
   5.04897000433602       -5.58306446196940     
   5.09897000433602       -5.58306446462781     
   5.14897000433602       -5.58306446211709     
   5.19897000433602       -5.58306446780313     
 zone T = "ep =   0.125892541179417      ",
   1.69897000433602       -4.70166532311879     
   1.74897000433602       -5.05644688367427     
   1.79897000433602       -5.12448007909477     
   1.84897000433602       -5.22045692306190     
   1.89897000433602       -5.39110056161973     
   1.94897000433602       -5.50394799205466     
   1.99897000433602       -5.56765996564420     
   2.04897000433602       -5.63119902450336     
   2.09897000433602       -5.68852439063074     
   2.14897000433602       -5.71025658719868     
   2.19897000433602       -5.73689254732588     
   2.24897000433602       -5.74972544743310     
   2.29897000433602       -5.75777767920187     
   2.34897000433602       -5.76284396302697     
   2.39897000433602       -5.76672124895243     
   2.44897000433602       -5.76908714002938     
   2.49897000433602       -5.77061065113440     
   2.54897000433602       -5.77154814433425     
   2.59897000433602       -5.77217626769671     
   2.64897000433602       -5.77254611412501     
   2.69897000433602       -5.77280078255195     
   2.74897000433602       -5.77294718892682     
   2.79897000433602       -5.77304070506346     
   2.84897000433602       -5.77309776109703     
   2.89897000433602       -5.77313693844138     
   2.94897000433602       -5.77316042661653     
   2.99897000433602       -5.77317512586116     
   3.04897000433602       -5.77318475589731     
   3.09897000433602       -5.77319062048881     
   3.14897000433602       -5.77319439644353     
   3.19897000433602       -5.77319677746843     
   3.24897000433602       -5.77319824816855     
   3.29897000433602       -5.77319918218869     
   3.34897000433602       -5.77319977207310     
   3.39897000433602       -5.77320014172373     
   3.44897000433602       -5.77320037717452     
   3.49897000433602       -5.77320052510359     
   3.54897000433602       -5.77320061800261     
   3.59897000433602       -5.77320067726579     
   3.64897000433602       -5.77320071410506     
   3.69897000433602       -5.77320073790187     
   3.74897000433602       -5.77320075277487     
   3.79897000433602       -5.77320076204189     
   3.84897000433602       -5.77320076821991     
   3.89897000433602       -5.77320077188095     
   3.94897000433602       -5.77320077416911     
   3.99897000433602       -5.77320077531319     
   4.04897000433602       -5.77320077691489     
   4.09897000433602       -5.77320077657167     
   4.14897000433602       -5.77320077737252     
   4.19897000433602       -5.77320077760134     
   4.24897000433602       -5.77320077863101     
   4.29897000433602       -5.77320077897423     
   4.34897000433602       -5.77320077840219     
   4.39897000433602       -5.77320077748693     
   4.44897000433602       -5.77320077691489     
   4.49897000433602       -5.77320077840219     
   4.54897000433602       -5.77320077748693     
   4.59897000433602       -5.77320077908864     
   4.64897000433602       -5.77320077783016     
   4.69897000433602       -5.77320077977509     
   4.74897000433602       -5.77320077840219     
   4.79897000433602       -5.77320077737252     
   4.84897000433602       -5.77320078137679     
   4.89897000433602       -5.77320077794456     
   4.94897000433602       -5.77320077725812     
   4.99897000433602       -5.77320077542759     
   5.04897000433602       -5.77320078172002     
   5.09897000433602       -5.77320078149120     
   5.14897000433602       -5.77320078091916     
   5.19897000433602       -5.77320078114798     
 zone T = "ep =   0.100000000000000      ",
   1.69897000433602       -4.60152911806958     
   1.74897000433602       -4.84836481153705     
   1.79897000433602       -4.91495200779602     
   1.84897000433602       -4.99049212269436     
   1.89897000433602       -5.08630659694577     
   1.94897000433602       -5.14371248873780     
   1.99897000433602       -5.17557464065794     
   2.04897000433602       -5.20278813294107     
   2.09897000433602       -5.22389400607696     
   2.14897000433602       -5.23298500871009     
   2.19897000433602       -5.24184680740780     
   2.24897000433602       -5.24640306755097     
   2.29897000433602       -5.24921209684382     
   2.34897000433602       -5.25103534426560     
   2.39897000433602       -5.25228118524609     
   2.44897000433602       -5.25307414776683     
   2.49897000433602       -5.25358249115158     
   2.54897000433602       -5.25389131558502     
   2.59897000433602       -5.25409298590254     
   2.64897000433602       -5.25421601789364     
   2.69897000433602       -5.25429516009188     
   2.74897000433602       -5.25434487507292     
   2.79897000433602       -5.25437613137490     
   2.84897000433602       -5.25439580696040     
   2.89897000433602       -5.25440834811686     
   2.94897000433602       -5.25441616418898     
   2.99897000433602       -5.25442112472075     
   3.04897000433602       -5.25442425263141     
   3.09897000433602       -5.25442623388067     
   3.14897000433602       -5.25442747269443     
   3.19897000433602       -5.25442826021649     
   3.24897000433602       -5.25442875697043     
   3.29897000433602       -5.25442906742028     
   3.34897000433602       -5.25442926567866     
   3.39897000433602       -5.25442938996267     
   3.44897000433602       -5.25442946823354     
   3.49897000433602       -5.25442951788480     
   3.54897000433602       -5.25442954886053     
   3.59897000433602       -5.25442956878340     
   3.64897000433602       -5.25442958111826     
   3.69897000433602       -5.25442958915670     
   3.74897000433602       -5.25442959404214     
   3.79897000433602       -5.25442959705656     
   3.84897000433602       -5.25442959913546     
   3.89897000433602       -5.25442960034816     
   3.94897000433602       -5.25442960121437     
   3.99897000433602       -5.25442960156086     
   4.04897000433602       -5.25442960214988     
   4.09897000433602       -5.25442960235777     
   4.14897000433602       -5.25442960211523     
   4.19897000433602       -5.25442960218453     
   4.24897000433602       -5.25442960256566     
   4.29897000433602       -5.25442960246172     
   4.34897000433602       -5.25442960235777     
   4.39897000433602       -5.25442960253102     
   4.44897000433602       -5.25442960256566     
   4.49897000433602       -5.25442960242707     
   4.54897000433602       -5.25442960277356     
   4.59897000433602       -5.25442960263496     
   4.64897000433602       -5.25442960246172     
   4.69897000433602       -5.25442960263496     
   4.74897000433602       -5.25442960253102     
   4.79897000433602       -5.25442960284285     
   4.84897000433602       -5.25442960256566     
   4.89897000433602       -5.25442960249637     
   4.94897000433602       -5.25442960239242     
   4.99897000433602       -5.25442960204594     
   5.04897000433602       -5.25442960284285     
   5.09897000433602       -5.25442960318934     
   5.14897000433602       -5.25442960270426     
   5.19897000433602       -5.25442960246172     
 zone T = "ep =   7.943282347242814E-002 ",
   1.69897000433602       -4.67980008196234     
   1.74897000433602       -4.88411355517882     
   1.79897000433602       -4.95121101553816     
   1.84897000433602       -5.02149531233420     
   1.89897000433602       -5.09707020129468     
   1.94897000433602       -5.14215918075167     
   1.99897000433602       -5.16776384698818     
   2.04897000433602       -5.18848369411020     
   2.09897000433602       -5.20357869128172     
   2.14897000433602       -5.21065469496958     
   2.19897000433602       -5.21687794430065     
   2.24897000433602       -5.22023429325187     
   2.29897000433602       -5.22228837374700     
   2.34897000433602       -5.22364806174051     
   2.39897000433602       -5.22452393810294     
   2.44897000433602       -5.22509645295835     
   2.49897000433602       -5.22546421918914     
   2.54897000433602       -5.22568476025023     
   2.59897000433602       -5.22582776676347     
   2.64897000433602       -5.22591608235703     
   2.69897000433602       -5.22597127738687     
   2.74897000433602       -5.22600730008095     
   2.79897000433602       -5.22602987066389     
   2.84897000433602       -5.22604420010201     
   2.89897000433602       -5.22605307088323     
   2.94897000433602       -5.22605870414667     
   2.99897000433602       -5.22606228618851     
   3.04897000433602       -5.22606451557908     
   3.09897000433602       -5.22606594570445     
   3.14897000433602       -5.22606683284480     
   3.19897000433602       -5.22606739745157     
   3.24897000433602       -5.22606775617768     
   3.29897000433602       -5.22606797945659     
   3.34897000433602       -5.22606812236944     
   3.39897000433602       -5.22606821195371     
   3.44897000433602       -5.22606826810619     
   3.49897000433602       -5.22606830406974     
   3.54897000433602       -5.22606832636844     
   3.59897000433602       -5.22606834058508     
   3.64897000433602       -5.22606834977072     
   3.69897000433602       -5.22606835528859     
   3.74897000433602       -5.22606835889144     
   3.79897000433602       -5.22606836100122     
   3.84897000433602       -5.22606836262412     
   3.89897000433602       -5.22606836330574     
   3.94897000433602       -5.22606836388999     
   3.99897000433602       -5.22606836424702     
   4.04897000433602       -5.22606836453915     
   4.09897000433602       -5.22606836473390     
   4.14897000433602       -5.22606836470144     
   4.19897000433602       -5.22606836486373     
   4.24897000433602       -5.22606836483127     
   4.29897000433602       -5.22606836486373     
   4.34897000433602       -5.22606836470144     
   4.39897000433602       -5.22606836483127     
   4.44897000433602       -5.22606836483127     
   4.49897000433602       -5.22606836499356     
   4.54897000433602       -5.22606836473390     
   4.59897000433602       -5.22606836486373     
   4.64897000433602       -5.22606836502602     
   4.69897000433602       -5.22606836502602     
   4.74897000433602       -5.22606836496110     
   4.79897000433602       -5.22606836453915     
   4.84897000433602       -5.22606836518831     
   4.89897000433602       -5.22606836476635     
   4.94897000433602       -5.22606836470144     
   4.99897000433602       -5.22606836512339     
   5.04897000433602       -5.22606836473390     
   5.09897000433602       -5.22606836502602     
   5.14897000433602       -5.22606836460406     
   5.19897000433602       -5.22606836486373     
 zone T = "ep =   6.309573444801933E-002 ",
   1.69897000433602       -4.94470543717627     
   1.74897000433602       -5.13096527684439     
   1.79897000433602       -5.20064903664539     
   1.84897000433602       -5.27170268326459     
   1.89897000433602       -5.33967963889583     
   1.94897000433602       -5.38062496016255     
   1.99897000433602       -5.40426090038654     
   2.04897000433602       -5.42284091895655     
   2.09897000433602       -5.43581334983920     
   2.14897000433602       -5.44218467216661     
   2.19897000433602       -5.44749097240944     
   2.24897000433602       -5.45042960468961     
   2.29897000433602       -5.45221599757370     
   2.34897000433602       -5.45341016611110     
   2.39897000433602       -5.45415492448546     
   2.44897000433602       -5.45464880413927     
   2.49897000433602       -5.45496669311222     
   2.54897000433602       -5.45515545954095     
   2.59897000433602       -5.45527772211801     
   2.64897000433602       -5.45535346672310     
   2.69897000433602       -5.45540024868341     
   2.74897000433602       -5.45543127035267     
   2.79897000433602       -5.45545070139327     
   2.84897000433602       -5.45546305765591     
   2.89897000433602       -5.45547062089979     
   2.94897000433602       -5.45547546480283     
   2.99897000433602       -5.45547854241054     
   3.04897000433602       -5.45548044973568     
   3.09897000433602       -5.45548167761955     
   3.14897000433602       -5.45548243826413     
   3.19897000433602       -5.45548292224132     
   3.24897000433602       -5.45548323001190     
   3.29897000433602       -5.45548342185255     
   3.34897000433602       -5.45548354438840     
   3.39897000433602       -5.45548362151004     
   3.44897000433602       -5.45548366956657     
   3.49897000433602       -5.45548370033817     
   3.54897000433602       -5.45548371960482     
   3.59897000433602       -5.45548373199053     
   3.64897000433602       -5.45548373947700     
   3.69897000433602       -5.45548374437624     
   3.74897000433602       -5.45548374729376     
   3.79897000433602       -5.45548374949566     
   3.84897000433602       -5.45548375048652     
   3.89897000433602       -5.45548375131223     
   3.94897000433602       -5.45548375147737     
   3.99897000433602       -5.45548375208290     
   4.04897000433602       -5.45548375279852     
   4.09897000433602       -5.45548375224804     
   4.14897000433602       -5.45548375263337     
   4.19897000433602       -5.45548375235814     
   4.24897000433602       -5.45548375268842     
   4.29897000433602       -5.45548375296366     
   4.34897000433602       -5.45548375268842     
   4.39897000433602       -5.45548375246823     
   4.44897000433602       -5.45548375285356     
   4.49897000433602       -5.45548375285356     
   4.54897000433602       -5.45548375312880     
   4.59897000433602       -5.45548375345909     
   4.64897000433602       -5.45548375235814     
   4.69897000433602       -5.45548375235814     
   4.74897000433602       -5.45548375230309     
   4.79897000433602       -5.45548375142233     
   4.84897000433602       -5.45548375301871     
   4.89897000433602       -5.45548375180766     
   4.94897000433602       -5.45548375334899     
   4.99897000433602       -5.45548375268842     
   5.04897000433602       -5.45548375208290     
   5.09897000433602       -5.45548375208290     
   5.14897000433602       -5.45548375334899     
   5.19897000433602       -5.45548375285356     
 zone T = "ep =   5.011872336272723E-002 ",
   1.69897000433602       -5.51842706925319     
   1.74897000433602       -5.58732290640884     
   1.79897000433602       -5.68089287974942     
   1.84897000433602       -5.75374728725905     
   1.89897000433602       -5.81626927863364     
   1.94897000433602       -5.85668477110005     
   1.99897000433602       -5.88020573881639     
   2.04897000433602       -5.89829654979553     
   2.09897000433602       -5.91049238647594     
   2.14897000433602       -5.91662311280505     
   2.19897000433602       -5.92156890816343     
   2.24897000433602       -5.92434270313898     
   2.29897000433602       -5.92601845747800     
   2.34897000433602       -5.92714205817762     
   2.39897000433602       -5.92783076994432     
   2.44897000433602       -5.92829022992867     
   2.49897000433602       -5.92858613188510     
   2.54897000433602       -5.92876078414561     
   2.59897000433602       -5.92887390001110     
   2.64897000433602       -5.92894397902153     
   2.69897000433602       -5.92898707105862     
   2.74897000433602       -5.92901580266001     
   2.79897000433602       -5.92903380317503     
   2.84897000433602       -5.92904524473750     
   2.89897000433602       -5.92905222162770     
   2.94897000433602       -5.92905670478310     
   2.99897000433602       -5.92905954981719     
   3.04897000433602       -5.92906131034391     
   3.09897000433602       -5.92906244532068     
   3.14897000433602       -5.92906314868344     
   3.19897000433602       -5.92906359553396     
   3.24897000433602       -5.92906387989362     
   3.29897000433602       -5.92906405679950     
   3.34897000433602       -5.92906417047794     
   3.39897000433602       -5.92906424107653     
   3.44897000433602       -5.92906428530303     
   3.49897000433602       -5.92906431396835     
   3.54897000433602       -5.92906433182276     
   3.59897000433602       -5.92906434279748     
   3.64897000433602       -5.92906435049617     
   3.69897000433602       -5.92906435491882     
   3.74897000433602       -5.92906435770345     
   3.79897000433602       -5.92906435983288     
   3.84897000433602       -5.92906436114329     
   3.89897000433602       -5.92906436114329     
   3.94897000433602       -5.92906436179850     
   3.99897000433602       -5.92906436147090     
   4.04897000433602       -5.92906436114329     
   4.09897000433602       -5.92906436179850     
   4.14897000433602       -5.92906436327272     
   4.19897000433602       -5.92906436196230     
   4.24897000433602       -5.92906436196230     
   4.29897000433602       -5.92906436245371     
   4.34897000433602       -5.92906436179850     
   4.39897000433602       -5.92906436179850     
   4.44897000433602       -5.92906436130710     
   4.49897000433602       -5.92906436147090     
   4.54897000433602       -5.92906436261751     
   4.59897000433602       -5.92906436343652     
   4.64897000433602       -5.92906436163470     
   4.69897000433602       -5.92906436228991     
   4.74897000433602       -5.92906436097949     
   4.79897000433602       -5.92906436048809     
   4.84897000433602       -5.92906436097949     
   4.89897000433602       -5.92906436556594     
   4.94897000433602       -5.92906436261751     
   4.99897000433602       -5.92906436228991     
   5.04897000433602       -5.92906436147090     
   5.09897000433602       -5.92906436081569     
   5.14897000433602       -5.92906436343652     
   5.19897000433602       -5.92906435901387     
 zone T = "ep =   3.981071705534973E-002 ",
   1.69897000433602       -4.60241406030316     
   1.74897000433602       -6.52481994117135     
   1.79897000433602       -6.60240708531059     
   1.84897000433602       -6.45487602985619     
   1.89897000433602       -6.53643197026375     
   1.94897000433602       -6.58618710200590     
   1.99897000433602       -6.61247014390896     
   2.04897000433602       -6.63228432163234     
   2.09897000433602       -6.64484615517009     
   2.14897000433602       -6.65118815129424     
   2.19897000433602       -6.65617239396242     
   2.24897000433602       -6.65898128162774     
   2.29897000433602       -6.66066884688124     
   2.34897000433602       -6.66179745476989     
   2.39897000433602       -6.66248310144627     
   2.44897000433602       -6.66294041703173     
   2.49897000433602       -6.66323456958970     
   2.54897000433602       -6.66340775184268     
   2.59897000433602       -6.66351981273179     
   2.64897000433602       -6.66358918436799     
   2.69897000433602       -6.66363179142233     
   2.74897000433602       -6.66366019933666     
   2.79897000433602       -6.66367800156919     
   2.84897000433602       -6.66368930348504     
   2.89897000433602       -6.66369619306812     
   2.94897000433602       -6.66370062347719     
   2.99897000433602       -6.66370343040434     
   3.04897000433602       -6.66370516684951     
   3.09897000433602       -6.66370628714040     
   3.14897000433602       -6.66370697976614     
   3.19897000433602       -6.66370742166015     
   3.24897000433602       -6.66370770529056     
   3.29897000433602       -6.66370787866973     
   3.34897000433602       -6.66370799069939     
   3.39897000433602       -6.66370806005110     
   3.44897000433602       -6.66370810361820     
   3.49897000433602       -6.66370812584632     
   3.54897000433602       -6.66370815074181     
   3.59897000433602       -6.66370815785481     
   3.64897000433602       -6.66370816674605     
   3.69897000433602       -6.66370816763518     
   3.74897000433602       -6.66370817652643     
   3.79897000433602       -6.66370817741555     
   3.84897000433602       -6.66370817919380     
   3.89897000433602       -6.66370817652643     
   3.94897000433602       -6.66370818008293     
   3.99897000433602       -6.66370818008293     
   4.04897000433602       -6.66370818452855     
   4.09897000433602       -6.66370817474818     
   4.14897000433602       -6.66370818541768     
   4.19897000433602       -6.66370817741555     
   4.24897000433602       -6.66370817652643     
   4.29897000433602       -6.66370818452855     
   4.34897000433602       -6.66370818097205     
   4.39897000433602       -6.66370818097205     
   4.44897000433602       -6.66370818008293     
   4.49897000433602       -6.66370817830468     
   4.54897000433602       -6.66370816941343     
   4.59897000433602       -6.66370818452855     
   4.64897000433602       -6.66370817741555     
   4.69897000433602       -6.66370818097205     
   4.74897000433602       -6.66370818097205     
   4.79897000433602       -6.66370818097205     
   4.84897000433602       -6.66370818541768     
   4.89897000433602       -6.66370818452855     
   4.94897000433602       -6.66370818097205     
   4.99897000433602       -6.66370817652643     
   5.04897000433602       -6.66370817119168     
   5.09897000433602       -6.66370818452855     
   5.14897000433602       -6.66370817563730     
   5.19897000433602       -6.66370817474818     
 zone T = "ep =   3.162277660168379E-002 ",
   1.69897000433602       -4.12061842853334     
   1.74897000433602       -5.62111576767643     
   1.79897000433602       -5.63586530951327     
   1.84897000433602       -6.15566749133180     
   1.89897000433602       -7.28834834729388     
   1.94897000433602       -7.55041412161124     
   1.99897000433602       -7.63141056333561     
   2.04897000433602       -7.62900619307869     
   2.09897000433602       -7.63771453471018     
   2.14897000433602       -7.64488691987303     
   2.19897000433602       -7.65064145790665     
   2.24897000433602       -7.65392972511760     
   2.29897000433602       -7.65589819405787     
   2.34897000433602       -7.65720340792765     
   2.39897000433602       -7.65799321265406     
   2.44897000433602       -7.65851693147746     
   2.49897000433602       -7.65885267116805     
   2.54897000433602       -7.65905060670727     
   2.59897000433602       -7.65917833167221     
   2.64897000433602       -7.65925733619730     
   2.69897000433602       -7.65930593578339     
   2.74897000433602       -7.65933818595710     
   2.79897000433602       -7.65935838754507     
   2.84897000433602       -7.65937120437742     
   2.89897000433602       -7.65937902142240     
   2.94897000433602       -7.65938405680066     
   2.99897000433602       -7.65938725235945     
   3.04897000433602       -7.65938920667972     
   3.09897000433602       -7.65939048315491     
   3.14897000433602       -7.65939127545175     
   3.19897000433602       -7.65939176843717     
   3.24897000433602       -7.65939205894671     
   3.29897000433602       -7.65939229663647     
   3.34897000433602       -7.65939241107973     
   3.39897000433602       -7.65939248150637     
   3.44897000433602       -7.65939253432636     
   3.49897000433602       -7.65939256073635     
   3.54897000433602       -7.65939256953969     
   3.59897000433602       -7.65939259594968     
   3.64897000433602       -7.65939257834302     
   3.69897000433602       -7.65939260475302     
   3.74897000433602       -7.65939259594968     
   3.79897000433602       -7.65939263116302     
   3.84897000433602       -7.65939263116302     
   3.89897000433602       -7.65939260475302     
   3.94897000433602       -7.65939260475302     
   3.99897000433602       -7.65939260475302     
   4.04897000433602       -7.65939263996635     
   4.09897000433602       -7.65939259594968     
   4.14897000433602       -7.65939266637635     
   4.19897000433602       -7.65939263996635     
   4.24897000433602       -7.65939265757302     
   4.29897000433602       -7.65939256953969     
   4.34897000433602       -7.65939256073635     
   4.39897000433602       -7.65939262235968     
   4.44897000433602       -7.65939260475302     
   4.49897000433602       -7.65939265757302     
   4.54897000433602       -7.65939261355635     
   4.59897000433602       -7.65939260475302     
   4.64897000433602       -7.65939267517969     
   4.69897000433602       -7.65939273680304     
   4.74897000433602       -7.65939255193302     
   4.79897000433602       -7.65939256953969     
   4.84897000433602       -7.65939250791636     
   4.89897000433602       -7.65939235825976     
   4.94897000433602       -7.65939263116302     
   4.99897000433602       -7.65939244629305     
   5.04897000433602       -7.65939278962305     
   5.09897000433602       -7.65939242868639     
   5.14897000433602       -7.65939265757302     
   5.19897000433602       -7.65939259594968     
 zone T = "ep =   2.511886431509579E-002 ",
   1.69897000433602       -1.51959853691032     
   1.74897000433602       -4.54953321032073     
   1.79897000433602       -5.28633269479197     
   1.84897000433602       -5.70918349880309     
   1.89897000433602       -6.96330540013790     
   1.94897000433602       -7.82481663545496     
   1.99897000433602       -8.41421739373005     
   2.04897000433602       -8.74403080930741     
   2.09897000433602       -8.77705719480044     
   2.14897000433602       -8.79882171836497     
   2.19897000433602       -8.81891949925364     
   2.24897000433602       -8.82338519802370     
   2.29897000433602       -8.82584449629965     
   2.34897000433602       -8.82737971678516     
   2.39897000433602       -8.82832026819729     
   2.44897000433602       -8.82892584644228     
   2.49897000433602       -8.82930907448223     
   2.54897000433602       -8.82953969475057     
   2.59897000433602       -8.82968638659242     
   2.64897000433602       -8.82977734478458     
   2.69897000433602       -8.82983338868522     
   2.74897000433602       -8.82986988627631     
   2.79897000433602       -8.82989243810676     
   2.84897000433602       -8.82990664766490     
   2.89897000433602       -8.82991577331437     
   2.94897000433602       -8.82992137916555     
   2.99897000433602       -8.82992502952615     
   3.04897000433602       -8.82992750657403     
   3.09897000433602       -8.82992854954578     
   3.14897000433602       -8.82992972289200     
   3.19897000433602       -8.82992985326400     
   3.24897000433602       -8.82993024438023     
   3.29897000433602       -8.82993089624139     
   3.34897000433602       -8.82993050512457     
   3.39897000433602       -8.82993076586908     
   3.44897000433602       -8.82993076586908     
   3.49897000433602       -8.82993115698613     
   3.54897000433602       -8.82993050512457     
   3.59897000433602       -8.82993141773102     
   3.64897000433602       -8.82993115698613     
   3.69897000433602       -8.82993089624139     
   3.74897000433602       -8.82993076586908     
   3.79897000433602       -8.82993063549681     
   3.84897000433602       -8.82993102661374     
   3.89897000433602       -8.82993128735856     
   3.94897000433602       -8.82993024438023     
   3.99897000433602       -8.82993128735856     
   4.04897000433602       -8.82993128735856     
   4.09897000433602       -8.82993089624139     
   4.14897000433602       -8.82993050512457     
   4.19897000433602       -8.82993063549681     
   4.24897000433602       -8.82992972289200     
   4.29897000433602       -8.82993063549681     
   4.34897000433602       -8.82993128735856     
   4.39897000433602       -8.82993037475238     
   4.44897000433602       -8.82993128735856     
   4.49897000433602       -8.82993024438023     
   4.54897000433602       -8.82992959252004     
   4.59897000433602       -8.82993272145785     
   4.64897000433602       -8.82992985326400     
   4.69897000433602       -8.82993389481534     
   4.74897000433602       -8.82993076586908     
   4.79897000433602       -8.82993219996665     
   4.84897000433602       -8.82993037475238     
   4.89897000433602       -8.82993011400811     
   4.94897000433602       -8.82993050512457     
   4.99897000433602       -8.82993272145785     
   5.04897000433602       -8.82993102661374     
   5.09897000433602       -8.82992776731673     
   5.14897000433602       -8.82993180884866     
   5.19897000433602       -8.82993193922129     
 zone T = "ep =   1.995262314968880E-002 ",
