 zone T = "ep =    1.00000000000000      ",
   1.69897000433602       -7.59614789474989     
   1.74897000433602       -7.95103579726817     
   1.79897000433602       -8.13845434486991     
   1.84897000433602       -8.47386686058642     
   1.89897000433602       -9.23154428549828     
   1.94897000433602       -9.06123220651429     
   1.99897000433602       -8.76244667204423     
   2.04897000433602       -8.64284243419404     
   2.09897000433602       -8.57936377976122     
   2.14897000433602       -8.53610415832570     
   2.19897000433602       -8.51931803777149     
   2.24897000433602       -8.50648613116567     
   2.29897000433602       -8.49820341984431     
   2.34897000433602       -8.49225698126231     
   2.39897000433602       -8.48918597792449     
   2.44897000433602       -8.48721389296904     
   2.49897000433602       -8.48633421264885     
   2.54897000433602       -8.48544097581026     
   2.59897000433602       -8.48513545545682     
   2.64897000433602       -8.48473510238401     
   2.69897000433602       -8.48468858733655     
   2.74897000433602       -8.48444781913592     
   2.79897000433602       -8.48440368836142     
   2.84897000433602       -8.48429441044567     
   2.89897000433602       -8.48426320583786     
   2.94897000433602       -8.48425885325265     
   2.99897000433602       -8.48423376791919     
   3.04897000433602       -8.48422953325789     
   3.09897000433602       -8.48421750586871     
   3.14897000433602       -8.48421685892812     
   3.19897000433602       -8.48421412414445     
   3.24897000433602       -8.48421133056602     
   3.29897000433602       -8.48421091888230     
   3.34897000433602       -8.48420988967469     
   3.39897000433602       -8.48420950739821     
   3.44897000433602       -8.48420903690453     
   3.49897000433602       -8.48420888987536     
   3.54897000433602       -8.48420903690453     
   3.59897000433602       -8.48420871344042     
   3.64897000433602       -8.48420841938235     
   3.69897000433602       -8.48420856641136     
   3.74897000433602       -8.48420836057076     
   3.79897000433602       -8.48420836057076     
   3.84897000433602       -8.48420847819395     
   3.89897000433602       -8.48420827235339     
   3.94897000433602       -8.48420900749869     
   3.99897000433602       -8.48420783126681     
   4.04897000433602       -8.48420918393375     
   4.09897000433602       -8.48420900749869     
   4.14897000433602       -8.48420841938235     
   4.19897000433602       -8.48420774304954     
   4.24897000433602       -8.48420891928119     
   4.29897000433602       -8.48420988967469     
   4.34897000433602       -8.48420883106370     
   4.39897000433602       -8.48420924274545     
   4.44897000433602       -8.48420709612350     
   4.49897000433602       -8.48420844878815     
   4.54897000433602       -8.48420818413604     
   4.59897000433602       -8.48421030135744     
   4.64897000433602       -8.48420718434063     
   4.69897000433602       -8.48421086007037     
   4.74897000433602       -8.48420953680408     
   4.79897000433602       -8.48420580227429     
   4.84897000433602       -8.48421209512254     
   4.89897000433602       -8.48421021313968     
   4.94897000433602       -8.48420636098143     
   4.99897000433602       -8.48420365566935     
   5.04897000433602       -8.48421524158086     
   5.09897000433602       -8.48421265383777     
   5.14897000433602       -8.48421547683099     
   5.19897000433602       -8.48421012492193     
 zone T = "ep =   0.794328234724281      ",
   1.69897000433602       -7.20191172450791     
   1.74897000433602       -7.43725345546029     
   1.79897000433602       -7.59862554127017     
   1.84897000433602       -7.85064555888825     
   1.89897000433602       -8.07297704601392     
   1.94897000433602       -8.28112192654965     
   1.99897000433602       -8.51234577570124     
   2.04897000433602       -8.74350758529312     
   2.09897000433602       -8.94120214154469     
   2.14897000433602       -9.42972545973718     
   2.19897000433602       -9.67763420810934     
   2.24897000433602       -10.8606010706103     
   2.29897000433602       -9.80643397759622     
   2.34897000433602       -9.54424654210747     
   2.39897000433602       -9.48461879467166     
   2.44897000433602       -9.43723523192789     
   2.49897000433602       -9.41915538175714     
   2.54897000433602       -9.40085306963226     
   2.59897000433602       -9.39725126610486     
   2.64897000433602       -9.38863362743713     
   2.69897000433602       -9.38991187246302     
   2.74897000433602       -9.38429790640290     
   2.79897000433602       -9.38332757146167     
   2.84897000433602       -9.38066320900752     
   2.89897000433602       -9.38022879546566     
   2.94897000433602       -9.38012465637636     
   2.99897000433602       -9.37955973219178     
   3.04897000433602       -9.37951282311863     
   3.09897000433602       -9.37923309145403     
   3.14897000433602       -9.37923239870083     
   3.19897000433602       -9.37918021447052     
   3.24897000433602       -9.37911395415228     
   3.29897000433602       -9.37910841367776     
   3.34897000433602       -9.37908394409405     
   3.39897000433602       -9.37906940150410     
   3.44897000433602       -9.37906547739658     
   3.49897000433602       -9.37905970671465     
   3.54897000433602       -9.37906201497822     
   3.59897000433602       -9.37905670599035     
   3.64897000433602       -9.37905301281967     
   3.69897000433602       -9.37905439775500     
   3.74897000433602       -9.37905393610940     
   3.79897000433602       -9.37905047378305     
   3.84897000433602       -9.37905139706738     
   3.89897000433602       -9.37905162788876     
   3.94897000433602       -9.37905555187114     
   3.99897000433602       -9.37904839640049     
   4.04897000433602       -9.37905947588897     
   4.09897000433602       -9.37905416693213     
   4.14897000433602       -9.37904585739085     
   4.19897000433602       -9.37904724230336     
   4.24897000433602       -9.37905624434230     
   4.29897000433602       -9.37906709320126     
   4.34897000433602       -9.37906363077002     
   4.39897000433602       -9.37905993754046     
   4.44897000433602       -9.37903939452422     
   4.49897000433602       -9.37905116624611     
   4.54897000433602       -9.37905139706738     
   4.59897000433602       -9.37907332564706     
   4.64897000433602       -9.37904308757909     
   4.69897000433602       -9.37907378731327     
   4.74897000433602       -9.37906339994225     
   4.79897000433602       -9.37902669988761     
   4.84897000433602       -9.37908302074053     
   4.89897000433602       -9.37906455408232     
   4.94897000433602       -9.37903639394026     
   4.99897000433602       -9.37901308241722     
   5.04897000433602       -9.37911718612840     
   5.09897000433602       -9.37909917971062     
   5.14897000433602       -9.37911972555508     
   5.19897000433602       -9.37907101732338     
 zone T = "ep =   0.630957344480193      ",
   1.69897000433602       -6.82848272633096     
   1.74897000433602       -6.97985840856398     
   1.79897000433602       -7.13210930215870     
   1.84897000433602       -7.34455546744789     
   1.89897000433602       -7.45417005736307     
   1.94897000433602       -7.54989994856780     
   1.99897000433602       -7.63792340798321     
   2.04897000433602       -7.70359461599444     
   2.09897000433602       -7.72734913363478     
   2.14897000433602       -7.77454531709750     
   2.19897000433602       -7.77862545948819     
   2.24897000433602       -7.79330400416015     
   2.29897000433602       -7.80170829115733     
   2.34897000433602       -7.81215367311056     
   2.39897000433602       -7.81359730341208     
   2.44897000433602       -7.81642550610600     
   2.49897000433602       -7.81774570977952     
   2.54897000433602       -7.81879218078738     
   2.59897000433602       -7.81891431326452     
   2.64897000433602       -7.81947802908563     
   2.69897000433602       -7.81927444811634     
   2.74897000433602       -7.81966622864912     
   2.79897000433602       -7.81975747444918     
   2.84897000433602       -7.81995214656262     
   2.89897000433602       -7.81996767823247     
   2.94897000433602       -7.81998238222832     
   2.99897000433602       -7.82002143815271     
   3.04897000433602       -7.82002406324456     
   3.09897000433602       -7.82004233738188     
   3.14897000433602       -7.82004314661006     
   3.19897000433602       -7.82004642176945     
   3.24897000433602       -7.82005080567904     
   3.29897000433602       -7.82005163403902     
   3.34897000433602       -7.82005320155530     
   3.39897000433602       -7.82005413187252     
   3.44897000433602       -7.82005443773067     
   3.49897000433602       -7.82005480093751     
   3.54897000433602       -7.82005486465804     
   3.59897000433602       -7.82005507493585     
   3.64897000433602       -7.82005524060935     
   3.69897000433602       -7.82005520237700     
   3.74897000433602       -7.82005524060935     
   3.79897000433602       -7.82005535530642     
   3.84897000433602       -7.82005530432994     
   3.89897000433602       -7.82005536167848     
   3.94897000433602       -7.82005518326082     
   3.99897000433602       -7.82005547000352     
   4.04897000433602       -7.82005509405202     
   4.09897000433602       -7.82005526609758     
   4.14897000433602       -7.82005552735209     
   4.19897000433602       -7.82005554009621     
   4.24897000433602       -7.82005532344612     
   4.29897000433602       -7.82005489014625     
   4.34897000433602       -7.82005508767996     
   4.39897000433602       -7.82005510042407     
   4.44897000433602       -7.82005568028163     
   4.49897000433602       -7.82005539353879     
   4.54897000433602       -7.82005551460796     
   4.59897000433602       -7.82005465438033     
   4.64897000433602       -7.82005568028163     
   4.69897000433602       -7.82005463526418     
   4.74897000433602       -7.82005487103009     
   4.79897000433602       -7.82005608172193     
   4.84897000433602       -7.82005423382522     
   4.89897000433602       -7.82005479456546     
   4.94897000433602       -7.82005592242018     
   4.99897000433602       -7.82005657874376     
   5.04897000433602       -7.82005312509096     
   5.09897000433602       -7.82005381327051     
   5.14897000433602       -7.82005313146299     
   5.19897000433602       -7.82005470535673     
 zone T = "ep =   0.501187233627272      ",
   1.69897000433602       -6.49977481261556     
   1.74897000433602       -6.57609021044136     
   1.79897000433602       -6.72874790790542     
   1.84897000433602       -6.91453671048071     
   1.89897000433602       -6.96413426483009     
   1.94897000433602       -7.02302690751819     
   1.99897000433602       -7.07811791737007     
   2.04897000433602       -7.12224783237824     
   2.09897000433602       -7.12879265079597     
   2.14897000433602       -7.15369891131036     
   2.19897000433602       -7.15341144956290     
   2.24897000433602       -7.16130910075581     
   2.29897000433602       -7.16494261887319     
   2.34897000433602       -7.17109596387272     
   2.39897000433602       -7.17100930474985     
   2.44897000433602       -7.17256541152879     
   2.49897000433602       -7.17344433334002     
   2.54897000433602       -7.17389218118185     
   2.59897000433602       -7.17392879416027     
   2.64897000433602       -7.17419687866205     
   2.69897000433602       -7.17405308887750     
   2.74897000433602       -7.17424696290425     
   2.79897000433602       -7.17430859890535     
   2.84897000433602       -7.17440653961926     
   2.89897000433602       -7.17440875859680     
   2.94897000433602       -7.17442104098664     
   2.99897000433602       -7.17443968713679     
   3.04897000433602       -7.17444126935856     
   3.09897000433602       -7.17444946443733     
   3.14897000433602       -7.17445047027970     
   3.19897000433602       -7.17445201795575     
   3.24897000433602       -7.17445401524417     
   3.29897000433602       -7.17445460463334     
   3.34897000433602       -7.17445531939488     
   3.39897000433602       -7.17445574594668     
   3.44897000433602       -7.17445591743215     
   3.49897000433602       -7.17445609324086     
   3.54897000433602       -7.17445615376518     
   3.59897000433602       -7.17445624311063     
   3.64897000433602       -7.17445629498864     
   3.69897000433602       -7.17445629498864     
   3.74897000433602       -7.17445631516342     
   3.79897000433602       -7.17445635407193     
   3.84897000433602       -7.17445635118982     
   3.89897000433602       -7.17445635695405     
   3.94897000433602       -7.17445631084025     
   3.99897000433602       -7.17445638721623     
   4.04897000433602       -7.17445628778336     
   4.09897000433602       -7.17445633245609     
   4.14897000433602       -7.17445641027312     
   4.19897000433602       -7.17445641891946     
   4.24897000433602       -7.17445634686665     
   4.29897000433602       -7.17445625319802     
   4.34897000433602       -7.17445629354758     
   4.39897000433602       -7.17445629787075     
   4.44897000433602       -7.17445645350482     
   4.49897000433602       -7.17445637424672     
   4.54897000433602       -7.17445638721623     
   4.59897000433602       -7.17445619411474     
   4.64897000433602       -7.17445645350482     
   4.69897000433602       -7.17445618258629     
   4.74897000433602       -7.17445624599274     
   4.79897000433602       -7.17445655726089     
   4.84897000433602       -7.17445604424498     
   4.89897000433602       -7.17445625175696     
   4.94897000433602       -7.17445647079749     
   4.99897000433602       -7.17445671577717     
   5.04897000433602       -7.17445580214779     
   5.09897000433602       -7.17445597651540     
   5.14897000433602       -7.17445577764987     
   5.19897000433602       -7.17445615088307     
 zone T = "ep =   0.398107170553497      ",
   1.69897000433602       -6.25695564698653     
   1.74897000433602       -6.23756471015584     
   1.79897000433602       -6.40077146868062     
   1.84897000433602       -6.56546739329526     
   1.89897000433602       -6.56752319772997     
   1.94897000433602       -6.60482431395866     
   1.99897000433602       -6.64360152446668     
   2.04897000433602       -6.67815007285889     
   2.09897000433602       -6.67666938069276     
   2.14897000433602       -6.69181195194264     
   2.19897000433602       -6.68998284976970     
   2.24897000433602       -6.69517614132681     
   2.29897000433602       -6.69692469321212     
   2.34897000433602       -6.70130244019631     
   2.39897000433602       -6.70066048252477     
   2.44897000433602       -6.70170100188501     
   2.49897000433602       -6.70240875335225     
   2.54897000433602       -6.70261735044155     
   2.59897000433602       -6.70263165945820     
   2.64897000433602       -6.70277963673355     
   2.69897000433602       -6.70266867798451     
   2.74897000433602       -6.70278359128014     
   2.79897000433602       -6.70283052326140     
   2.84897000433602       -6.70288880662999     
   2.89897000433602       -6.70288746914963     
   2.94897000433602       -6.70289772051393     
   2.99897000433602       -6.70290835601278     
   3.04897000433602       -6.70290956948531     
   3.09897000433602       -6.70291399182828     
   3.14897000433602       -6.70291493965283     
   3.19897000433602       -6.70291586023184     
   3.24897000433602       -6.70291696035551     
   3.29897000433602       -6.70291739534547     
   3.34897000433602       -6.70291778411204     
   3.39897000433602       -6.70291803518049     
   3.44897000433602       -6.70291815195657     
   3.49897000433602       -6.70291824878342     
   3.54897000433602       -6.70291829646700     
   3.59897000433602       -6.70291833879835     
   3.64897000433602       -6.70291836847895     
   3.69897000433602       -6.70291837383119     
   3.74897000433602       -6.70291838064314     
   3.79897000433602       -6.70291840059239     
   3.84897000433602       -6.70291839621329     
   3.89897000433602       -6.70291839767299     
   3.94897000433602       -6.70291838891478     
   3.99897000433602       -6.70291841518941     
   4.04897000433602       -6.70291837918343     
   4.09897000433602       -6.70291839718642     
   4.14897000433602       -6.70291841762225     
   4.19897000433602       -6.70291842686703     
   4.24897000433602       -6.70291840010583     
   4.29897000433602       -6.70291836555955     
   4.34897000433602       -6.70291837869687     
   4.39897000433602       -6.70291838161627     
   4.44897000433602       -6.70291843659838     
   4.49897000433602       -6.70291840448493     
   4.54897000433602       -6.70291841227001     
   4.59897000433602       -6.70291834171775     
   4.64897000433602       -6.70291843075957     
   4.69897000433602       -6.70291834658343     
   4.74897000433602       -6.70291835874761     
   4.79897000433602       -6.70291847649690     
   4.84897000433602       -6.70291829208790     
   4.89897000433602       -6.70291835826104     
   4.94897000433602       -6.70291844876256     
   4.99897000433602       -6.70291852466708     
   5.04897000433602       -6.70291820158641     
   5.09897000433602       -6.70291826046103     
   5.14897000433602       -6.70291820255954     
   5.19897000433602       -6.70291834171775     
 zone T = "ep =   0.316227766016838      ",
   1.69897000433602       -6.22987571062284     
   1.74897000433602       -6.00066256140760     
   1.79897000433602       -6.19663537638924     
   1.84897000433602       -6.34773816489089     
   1.89897000433602       -6.29022517477068     
   1.94897000433602       -6.30726969007942     
   1.99897000433602       -6.33470776367114     
   2.04897000433602       -6.36098039956411     
   2.09897000433602       -6.35198827559613     
   2.14897000433602       -6.36068843681223     
   2.19897000433602       -6.35709366748874     
   2.24897000433602       -6.36029417069005     
   2.29897000433602       -6.36073607470921     
   2.34897000433602       -6.36382247155141     
   2.39897000433602       -6.36280556533192     
   2.44897000433602       -6.36344494235210     
   2.49897000433602       -6.36397762628187     
   2.54897000433602       -6.36401941886706     
   2.59897000433602       -6.36400396027436     
   2.64897000433602       -6.36406970100288     
   2.69897000433602       -6.36397481960773     
   2.74897000433602       -6.36404005689692     
   2.79897000433602       -6.36407200677258     
   2.84897000433602       -6.36410547213886     
   2.89897000433602       -6.36410189012024     
   2.94897000433602       -6.36410906979806     
   2.99897000433602       -6.36411480198426     
   3.04897000433602       -6.36411540413248     
   3.09897000433602       -6.36411767557687     
   3.14897000433602       -6.36411832545524     
   3.19897000433602       -6.36411882011280     
   3.24897000433602       -6.36411940286385     
   3.29897000433602       -6.36411967918580     
   3.34897000433602       -6.36411988213423     
   3.39897000433602       -6.36412001906873     
   3.44897000433602       -6.36412008932015     
   3.49897000433602       -6.36412014172995     
   3.54897000433602       -6.36412016871543     
   3.59897000433602       -6.36412019280164     
   3.64897000433602       -6.36412020618287     
   3.69897000433602       -6.36412021064328     
   3.74897000433602       -6.36412021599577     
   3.79897000433602       -6.36412022469357     
   3.84897000433602       -6.36412022447055     
   3.89897000433602       -6.36412022447055     
   3.94897000433602       -6.36412021844899     
   3.99897000433602       -6.36412023071512     
   4.04897000433602       -6.36412021666483     
   4.09897000433602       -6.36412022157128     
   4.14897000433602       -6.36412023406043     
   4.19897000433602       -6.36412023606761     
   4.24897000433602       -6.36412022357846     
   4.29897000433602       -6.36412020885911     
   4.34897000433602       -6.36412021711087     
   4.39897000433602       -6.36412021510368     
   4.44897000433602       -6.36412023874386     
   4.49897000433602       -6.36412022625471     
   4.54897000433602       -6.36412022714679     
   4.59897000433602       -6.36412019949225     
   4.64897000433602       -6.36412023941292     
   4.69897000433602       -6.36412019525486     
   4.74897000433602       -6.36412020863609     
   4.79897000433602       -6.36412026149195     
   4.84897000433602       -6.36412018053551     
   4.89897000433602       -6.36412020819005     
   4.94897000433602       -6.36412024632655     
   4.99897000433602       -6.36412028000265     
   5.04897000433602       -6.36412013437028     
   5.09897000433602       -6.36412016001763     
   5.14897000433602       -6.36412013994579     
   5.19897000433602       -6.36412019124049     
 zone T = "ep =   0.251188643150958      ",
   1.69897000433602       -6.23963983173038     
   1.74897000433602       -6.00081910452075     
   1.79897000433602       -6.37109980881145     
   1.84897000433602       -6.56242306099597     
   1.89897000433602       -6.27254191768138     
   1.94897000433602       -6.24466841973968     
   1.99897000433602       -6.25805424353486     
   2.04897000433602       -6.27103189133062     
   2.09897000433602       -6.24369783772621     
   2.14897000433602       -6.24565213989053     
   2.19897000433602       -6.23626903214609     
   2.24897000433602       -6.23673085487640     
   2.29897000433602       -6.23521195353261     
   2.34897000433602       -6.23704299184682     
   2.39897000433602       -6.23514331794578     
   2.44897000433602       -6.23524805048511     
   2.49897000433602       -6.23550590808626     
   2.54897000433602       -6.23531029945335     
   2.59897000433602       -6.23519073241984     
   2.64897000433602       -6.23515723925088     
   2.69897000433602       -6.23503063949586     
   2.74897000433602       -6.23505052335362     
   2.79897000433602       -6.23506159684442     
   2.84897000433602       -6.23507452552497     
   2.89897000433602       -6.23506424551085     
   2.94897000433602       -6.23506643208944     
   2.99897000433602       -6.23506764774376     
   3.04897000433602       -6.23506654823672     
   3.09897000433602       -6.23506694257437     
   3.14897000433602       -6.23506688458352     
   3.19897000433602       -6.23506682261616     
   3.24897000433602       -6.23506694472831     
   3.29897000433602       -6.23506700189073     
   3.34897000433602       -6.23506703005773     
   3.39897000433602       -6.23506705955023     
   3.44897000433602       -6.23506707197684     
   3.49897000433602       -6.23506707976419     
   3.54897000433602       -6.23506708390639     
   3.59897000433602       -6.23506708953979     
   3.64897000433602       -6.23506709103099     
   3.69897000433602       -6.23506709103099     
   3.74897000433602       -6.23506709119668     
   3.79897000433602       -6.23506709500750     
   3.84897000433602       -6.23506709467613     
   3.89897000433602       -6.23506709368200     
   3.94897000433602       -6.23506709053392     
   3.99897000433602       -6.23506709798989     
   4.04897000433602       -6.23506708606034     
   4.09897000433602       -6.23506709202512     
   4.14897000433602       -6.23506709914971     
   4.19897000433602       -6.23506710146934     
   4.24897000433602       -6.23506709268787     
   4.29897000433602       -6.23506708191814     
   4.34897000433602       -6.23506708655740     
   4.39897000433602       -6.23506708639172     
   4.44897000433602       -6.23506710312623     
   4.49897000433602       -6.23506709467613     
   4.54897000433602       -6.23506709683007     
   4.59897000433602       -6.23506707794162     
   4.64897000433602       -6.23506710345760     
   4.69897000433602       -6.23506707446217     
   4.74897000433602       -6.23506708191814     
   4.79897000433602       -6.23506711803817     
   4.84897000433602       -6.23506705971591     
   4.89897000433602       -6.23506708423777     
   4.94897000433602       -6.23506710610862     
   4.99897000433602       -6.23506713195598     
   5.04897000433602       -6.23506703038910     
   5.09897000433602       -6.23506705375114     
   5.14897000433602       -6.23506703171461     
   5.19897000433602       -6.23506707214253     
 zone T = "ep =   0.199526231496888      ",
   1.69897000433602       -5.29907514590644     
   1.74897000433602       -6.02916199443979     
   1.79897000433602       -5.82623150190625     
   1.84897000433602       -5.88239281942794     
   1.89897000433602       -6.21128198979555     
   1.94897000433602       -6.40392614098079     
   1.99897000433602       -6.47960292657809     
   2.04897000433602       -6.56065822669265     
   2.09897000433602       -6.74464774694093     
   2.14897000433602       -6.80185764034743     
   2.19897000433602       -6.91044985761735     
   2.24897000433602       -6.95059546416091     
   2.29897000433602       -6.98796400930598     
   2.34897000433602       -6.99888788124920     
   2.39897000433602       -7.02388176041231     
   2.44897000433602       -7.03292423184690     
   2.49897000433602       -7.03735657774221     
   2.54897000433602       -7.04248912151611     
   2.59897000433602       -7.04553866100632     
   2.64897000433602       -7.04737276420471     
   2.69897000433602       -7.04900536124952     
   2.74897000433602       -7.04957465857047     
   2.79897000433602       -7.04990831214719     
   2.84897000433602       -7.05011706070168     
   2.89897000433602       -7.05032732703647     
   2.94897000433602       -7.05041347412015     
   2.99897000433602       -7.05047485450073     
   3.04897000433602       -7.05051925619174     
   3.09897000433602       -7.05054461669613     
   3.14897000433602       -7.05056023998065     
   3.19897000433602       -7.05057078799267     
   3.24897000433602       -7.05057697217636     
   3.29897000433602       -7.05058066452704     
   3.34897000433602       -7.05058322795563     
   3.39897000433602       -7.05058475778581     
   3.44897000433602       -7.05058570905688     
   3.49897000433602       -7.05058633854377     
   3.54897000433602       -7.05058673292157     
   3.59897000433602       -7.05058697344886     
   3.64897000433602       -7.05058712838318     
   3.69897000433602       -7.05058723456198     
   3.74897000433602       -7.05058730281979     
   3.79897000433602       -7.05058731907165     
   3.84897000433602       -7.05058735265883     
   3.89897000433602       -7.05058736782723     
   3.94897000433602       -7.05058741333245     
   3.99897000433602       -7.05058736891069     
   4.04897000433602       -7.05058743500161     
   4.09897000433602       -7.05058740683171     
   4.14897000433602       -7.05058736891069     
   4.19897000433602       -7.05058736674378     
   4.24897000433602       -7.05058740683171     
   4.29897000433602       -7.05058746425497     
   4.34897000433602       -7.05058743500161     
   4.39897000433602       -7.05058743175124     
   4.44897000433602       -7.05058735157537     
   4.49897000433602       -7.05058738732947     
   4.54897000433602       -7.05058738949639     
   4.59897000433602       -7.05058749784216     
   4.64897000433602       -7.05058734724154     
   4.69897000433602       -7.05058750976020     
   4.74897000433602       -7.05058748050684     
   4.79897000433602       -7.05058728656793     
   4.84897000433602       -7.05058757476768     
   4.89897000433602       -7.05058746750534     
   4.94897000433602       -7.05058733315659     
   4.99897000433602       -7.05058721072592     
   5.04897000433602       -7.05058770911650     
   5.09897000433602       -7.05058762785713     
   5.14897000433602       -7.05058770044883     
   5.19897000433602       -7.05058750000908     
 zone T = "ep =   0.158489319246111      ",
   1.69897000433602       -4.83573566654054     
   1.74897000433602       -5.17386604832015     
   1.79897000433602       -5.18094017631982     
   1.84897000433602       -5.25167827037791     
   1.89897000433602       -5.37721726417623     
   1.94897000433602       -5.44287838672452     
   1.99897000433602       -5.47458227243020     
   2.04897000433602       -5.50361542946775     
   2.09897000433602       -5.53195752944562     
   2.14897000433602       -5.54293355129266     
   2.19897000433602       -5.55457826494568     
   2.24897000433602       -5.55999102222996     
   2.29897000433602       -5.56363386073892     
   2.34897000433602       -5.56571390389657     
   2.39897000433602       -5.56745851979579     
   2.44897000433602       -5.56843303936627     
   2.49897000433602       -5.56902150520681     
   2.54897000433602       -5.56943314464930     
   2.59897000433602       -5.56968750943993     
   2.64897000433602       -5.56984783751076     
   2.69897000433602       -5.56995405331433     
   2.74897000433602       -5.57001622945844     
   2.79897000433602       -5.57005404262245     
   2.84897000433602       -5.57007869996410     
   2.89897000433602       -5.57009491759870     
   2.94897000433602       -5.57010439875944     
   2.99897000433602       -5.57011068113511     
   3.04897000433602       -5.57011460469153     
   3.09897000433602       -5.57011713949368     
   3.14897000433602       -5.57011866597279     
   3.19897000433602       -5.57011966169563     
   3.24897000433602       -5.57012029344899     
   3.29897000433602       -5.57012067670167     
   3.34897000433602       -5.57012093036395     
   3.39897000433602       -5.57012108704833     
   3.44897000433602       -5.57012118438477     
   3.49897000433602       -5.57012124781832     
   3.54897000433602       -5.57012128724030     
   3.59897000433602       -5.57012131182529     
   3.64897000433602       -5.57012132730738     
   3.69897000433602       -5.57012133762877     
   3.74897000433602       -5.57012134386461     
   3.79897000433602       -5.57012134773514     
   3.84897000433602       -5.57012135002878     
   3.89897000433602       -5.57012135189236     
   3.94897000433602       -5.57012135339757     
   3.99897000433602       -5.57012135296751     
   4.04897000433602       -5.57012135483109     
   4.09897000433602       -5.57012135418601     
   4.14897000433602       -5.57012135346924     
   4.19897000433602       -5.57012135332589     
   4.24897000433602       -5.57012135483109     
   4.29897000433602       -5.57012135612127     
   4.34897000433602       -5.57012135619295     
   4.39897000433602       -5.57012135497445     
   4.44897000433602       -5.57012135368427     
   4.49897000433602       -5.57012135425768     
   4.54897000433602       -5.57012135404266     
   4.59897000433602       -5.57012135676636     
   4.64897000433602       -5.57012135418601     
   4.69897000433602       -5.57012135633630     
   4.74897000433602       -5.57012135569121     
   4.79897000433602       -5.57012135196404     
   4.84897000433602       -5.57012135834324     
   4.89897000433602       -5.57012135526115     
   4.94897000433602       -5.57012135354092     
   4.99897000433602       -5.57012134959872     
   5.04897000433602       -5.57012136178370     
   5.09897000433602       -5.57012135884497     
   5.14897000433602       -5.57012136149700     
   5.19897000433602       -5.57012135432936     
 zone T = "ep =   0.125892541179417      ",
   1.69897000433602       -4.56505597799266     
   1.74897000433602       -4.80589569793734     
   1.79897000433602       -4.84997311895109     
   1.84897000433602       -4.91986827564656     
   1.89897000433602       -5.00636775599897     
   1.94897000433602       -5.05511400365711     
   1.99897000433602       -5.08134093524149     
   2.04897000433602       -5.10385249133836     
   2.09897000433602       -5.12155530170647     
   2.14897000433602       -5.12956084638370     
   2.19897000433602       -5.13683654202109     
   2.24897000433602       -5.14064740586138     
   2.29897000433602       -5.14303977501426     
   2.34897000433602       -5.14459302915260     
   2.39897000433602       -5.14563422411817     
   2.44897000433602       -5.14629917867815     
   2.49897000433602       -5.14672026999976     
   2.54897000433602       -5.14698132750369     
   2.59897000433602       -5.14714727358827     
   2.64897000433602       -5.14725156199930     
   2.69897000433602       -5.14731615793461     
   2.74897000433602       -5.14735852850517     
   2.79897000433602       -5.14738474066879     
   2.84897000433602       -5.14740167968753     
   2.89897000433602       -5.14741205707504     
   2.94897000433602       -5.14741860119527     
   2.99897000433602       -5.14742282977950     
   3.04897000433602       -5.14742542779752     
   3.09897000433602       -5.14742712275186     
   3.14897000433602       -5.14742815498571     
   3.19897000433602       -5.14742881863361     
   3.24897000433602       -5.14742924333630     
   3.29897000433602       -5.14742950411078     
   3.34897000433602       -5.14742967361835     
   3.39897000433602       -5.14742977932025     
   3.44897000433602       -5.14742984526547     
   3.49897000433602       -5.14742988762207     
   3.54897000433602       -5.14742991397308     
   3.59897000433602       -5.14742993084531     
   3.64897000433602       -5.14742994127197     
   3.69897000433602       -5.14742994804253     
   3.74897000433602       -5.14742995234861     
   3.79897000433602       -5.14742995494850     
   3.84897000433602       -5.14742995665468     
   3.89897000433602       -5.14742995762964     
   3.94897000433602       -5.14742995844211     
   3.99897000433602       -5.14742995863169     
   4.04897000433602       -5.14742995914625     
   4.09897000433602       -5.14742995909208     
   4.14897000433602       -5.14742995925458     
   4.19897000433602       -5.14742995917333     
   4.24897000433602       -5.14742995966081     
   4.29897000433602       -5.14742995979622     
   4.34897000433602       -5.14742995957956     
   4.39897000433602       -5.14742995952540     
   4.44897000433602       -5.14742995911917     
   4.49897000433602       -5.14742995960665     
   4.54897000433602       -5.14742995933582     
   4.59897000433602       -5.14742995982330     
   4.64897000433602       -5.14742995936291     
   4.69897000433602       -5.14742995993163     
   4.74897000433602       -5.14742995960665     
   4.79897000433602       -5.14742995925458     
   4.84897000433602       -5.14742996028370     
   4.89897000433602       -5.14742995960665     
   4.94897000433602       -5.14742995930874     
   4.99897000433602       -5.14742995849627     
   5.04897000433602       -5.14742996082535     
   5.09897000433602       -5.14742996074410     
   5.14897000433602       -5.14742996060869     
   5.19897000433602       -5.14742995998580     
 zone T = "ep =   0.100000000000000      ",
   1.69897000433602       -4.45199342729023     
   1.74897000433602       -4.65064908627491     
   1.79897000433602       -4.71016775422069     
   1.84897000433602       -4.77850772554907     
   1.89897000433602       -4.85013836411904     
   1.94897000433602       -4.89274275933487     
   1.99897000433602       -4.91687550143575     
   2.04897000433602       -4.93670073427682     
   2.09897000433602       -4.95092031412739     
   2.14897000433602       -4.95783286711593     
   2.19897000433602       -4.96370132571499     
   2.24897000433602       -4.96693134561982     
   2.29897000433602       -4.96891055007960     
   2.34897000433602       -4.97023962770354     
   2.39897000433602       -4.97107010465231     
   2.44897000433602       -4.97162260692033     
   2.49897000433602       -4.97197772571260     
   2.54897000433602       -4.97218965313333     
   2.59897000433602       -4.97232618043966     
   2.64897000433602       -4.97241143058727     
   2.69897000433602       -4.97246356621175     
   2.74897000433602       -4.97249860767193     
   2.79897000433602       -4.97252045458136     
   2.84897000433602       -4.97253446204938     
   2.89897000433602       -4.97254294446438     
   2.94897000433602       -4.97254839284111     
   2.99897000433602       -4.97255187660013     
   3.04897000433602       -4.97255401893651     
   3.09897000433602       -4.97255541175233     
   3.14897000433602       -4.97255626698343     
   3.19897000433602       -4.97255681355295     
   3.24897000433602       -4.97255716293559     
   3.29897000433602       -4.97255737906158     
   3.34897000433602       -4.97255751813039     
   3.39897000433602       -4.97255760534490     
   3.44897000433602       -4.97255765986077     
   3.49897000433602       -4.97255769467778     
   3.54897000433602       -4.97255771635015     
   3.59897000433602       -4.97255773027334     
   3.64897000433602       -4.97255773894590     
   3.69897000433602       -4.97255774454053     
   3.74897000433602       -4.97255774794437     
   3.79897000433602       -4.97255775009894     
   3.84897000433602       -4.97255775147496     
   3.89897000433602       -4.97255775238024     
   3.94897000433602       -4.97255775297772     
   3.99897000433602       -4.97255775326741     
   4.04897000433602       -4.97255775359331     
   4.09897000433602       -4.97255775370195     
   4.14897000433602       -4.97255775366574     
   4.19897000433602       -4.97255775368384     
   4.24897000433602       -4.97255775393732     
   4.29897000433602       -4.97255775386490     
   4.34897000433602       -4.97255775390111     
   4.39897000433602       -4.97255775393732     
   4.44897000433602       -4.97255775386490     
   4.49897000433602       -4.97255775384679     
   4.54897000433602       -4.97255775399164     
   4.59897000433602       -4.97255775393732     
   4.64897000433602       -4.97255775361142     
   4.69897000433602       -4.97255775404595     
   4.74897000433602       -4.97255775399164     
   4.79897000433602       -4.97255775402785     
   4.84897000433602       -4.97255775400974     
   4.89897000433602       -4.97255775384679     
   4.94897000433602       -4.97255775377437     
   4.99897000433602       -4.97255775344847     
   5.04897000433602       -4.97255775417269     
   5.09897000433602       -4.97255775399164     
   5.14897000433602       -4.97255775391921     
   5.19897000433602       -4.97255775395542     
 zone T = "ep =   7.943282347242814E-002 ",
   1.69897000433602       -4.49614577914939     
   1.74897000433602       -4.67567844295423     
   1.79897000433602       -4.74452913986793     
   1.84897000433602       -4.81260682464710     
   1.89897000433602       -4.87815359341653     
   1.94897000433602       -4.91843804488742     
   1.99897000433602       -4.94181900806681     
   2.04897000433602       -4.96047706815308     
   2.09897000433602       -4.97326961251010     
   2.14897000433602       -4.97969757324107     
   2.19897000433602       -4.98498097962783     
   2.24897000433602       -4.98795076058152     
   2.29897000433602       -4.98975226703853     
   2.34897000433602       -4.99097188444100     
   2.39897000433602       -4.99171675945208     
   2.44897000433602       -4.99221785401430     
   2.49897000433602       -4.99254140294739     
   2.54897000433602       -4.99273211702647     
   2.59897000433602       -4.99285567018172     
   2.64897000433602       -4.99293248435454     
   2.69897000433602       -4.99297944891480     
   2.74897000433602       -4.99301109014740     
   2.79897000433602       -4.99303088587584     
   2.84897000433602       -4.99304351866290     
   2.89897000433602       -4.99305117184045     
   2.94897000433602       -4.99305610628290     
   2.99897000433602       -4.99305924656367     
   3.04897000433602       -4.99306118287205     
   3.09897000433602       -4.99306243672999     
   3.14897000433602       -4.99306321039247     
   3.19897000433602       -4.99306370327085     
   3.24897000433602       -4.99306401793736     
   3.29897000433602       -4.99306421317573     
   3.34897000433602       -4.99306433845025     
   3.39897000433602       -4.99306441703155     
   3.44897000433602       -4.99306446615437     
   3.49897000433602       -4.99306449758690     
   3.54897000433602       -4.99306451709937     
   3.59897000433602       -4.99306452960784     
   3.64897000433602       -4.99306453757986     
   3.69897000433602       -4.99306454243900     
   3.74897000433602       -4.99306454564679     
   3.79897000433602       -4.99306454752591     
   3.84897000433602       -4.99306454883560     
   3.89897000433602       -4.99306454949993     
   3.94897000433602       -4.99306455005038     
   3.99897000433602       -4.99306455029713     
   4.04897000433602       -4.99306455061981     
   4.09897000433602       -4.99306455071471     
   4.14897000433602       -4.99306455073370     
   4.19897000433602       -4.99306455082860     
   4.24897000433602       -4.99306455092351     
   4.29897000433602       -4.99306455079064     
   4.34897000433602       -4.99306455086656     
   4.39897000433602       -4.99306455090452     
   4.44897000433602       -4.99306455088554     
   4.49897000433602       -4.99306455103739     
   4.54897000433602       -4.99306455080962     
   4.59897000433602       -4.99306455086656     
   4.64897000433602       -4.99306455096147     
   4.69897000433602       -4.99306455088554     
   4.74897000433602       -4.99306455086656     
   4.79897000433602       -4.99306455075268     
   4.84897000433602       -4.99306455113230     
   4.89897000433602       -4.99306455086656     
   4.94897000433602       -4.99306455090452     
   4.99897000433602       -4.99306455103739     
   5.04897000433602       -4.99306455077166     
   5.09897000433602       -4.99306455094249     
   5.14897000433602       -4.99306455052490     
   5.19897000433602       -4.99306455082860     
 zone T = "ep =   6.309573444801933E-002 ",
   1.69897000433602       -4.70226144148048     
   1.74897000433602       -4.88344437788350     
   1.79897000433602       -4.96168433842789     
   1.84897000433602       -5.03154774226812     
   1.89897000433602       -5.09566074640031     
   1.94897000433602       -5.13566547109757     
   1.99897000433602       -5.15909493101348     
   2.04897000433602       -5.17737142313382     
   2.09897000433602       -5.18959941939449     
   2.14897000433602       -5.19583320049486     
   2.19897000433602       -5.20086315766872     
   2.24897000433602       -5.20371396576176     
   2.29897000433602       -5.20543542236554     
   2.34897000433602       -5.20659995819319     
   2.39897000433602       -5.20730664369422     
   2.44897000433602       -5.20778228431873     
   2.49897000433602       -5.20808952727006     
   2.54897000433602       -5.20827010246669     
   2.59897000433602       -5.20838725829398     
   2.64897000433602       -5.20845992678478     
   2.69897000433602       -5.20850444417533     
   2.74897000433602       -5.20853434589926     
   2.79897000433602       -5.20855308094044     
   2.84897000433602       -5.20856500479386     
   2.89897000433602       -5.20857224615183     
   2.94897000433602       -5.20857691432157     
   2.99897000433602       -5.20857987837180     
   3.04897000433602       -5.20858170990007     
   3.09897000433602       -5.20858289248170     
   3.14897000433602       -5.20858362418055     
   3.19897000433602       -5.20858408956399     
   3.24897000433602       -5.20858438615383     
   3.29897000433602       -5.20858457078601     
   3.34897000433602       -5.20858468885463     
   3.39897000433602       -5.20858476302555     
   3.44897000433602       -5.20858480932393     
   3.49897000433602       -5.20858483891125     
   3.54897000433602       -5.20858485758649     
   3.59897000433602       -5.20858486934035     
   3.64897000433602       -5.20858487669821     
   3.69897000433602       -5.20858488137482     
   3.74897000433602       -5.20858488421196     
   3.79897000433602       -5.20858488633202     
   3.84897000433602       -5.20858488726734     
   3.89897000433602       -5.20858488810913     
   3.94897000433602       -5.20858488848326     
   3.99897000433602       -5.20858488879503     
   4.04897000433602       -5.20858488938740     
   4.09897000433602       -5.20858488901327     
   4.14897000433602       -5.20858488929387     
   4.19897000433602       -5.20858488929387     
   4.24897000433602       -5.20858488941858     
   4.29897000433602       -5.20858488941858     
   4.34897000433602       -5.20858488929387     
   4.39897000433602       -5.20858488932504     
   4.44897000433602       -5.20858488932504     
   4.49897000433602       -5.20858488948093     
   4.54897000433602       -5.20858488966800     
   4.59897000433602       -5.20858488957446     
   4.64897000433602       -5.20858488923151     
   4.69897000433602       -5.20858488954329     
   4.74897000433602       -5.20858488920034     
   4.79897000433602       -5.20858488857679     
   4.84897000433602       -5.20858488938740     
   4.89897000433602       -5.20858488907563     
   4.94897000433602       -5.20858488969917     
   4.99897000433602       -5.20858488935622     
   5.04897000433602       -5.20858488926269     
   5.09897000433602       -5.20858488941858     
   5.14897000433602       -5.20858488976153     
   5.19897000433602       -5.20858488920034     
 zone T = "ep =   5.011872336272723E-002 ",
   1.69897000433602       -4.94185403437260     
   1.74897000433602       -5.27747751940961     
   1.79897000433602       -5.38323843812010     
   1.84897000433602       -5.45937236207049     
   1.89897000433602       -5.52399769557115     
   1.94897000433602       -5.56529198098555     
   1.99897000433602       -5.58951441665477     
   2.04897000433602       -5.60798958251406     
   2.09897000433602       -5.62016020927300     
   2.14897000433602       -5.62640015264122     
   2.19897000433602       -5.63135729347597     
   2.24897000433602       -5.63417338247937     
   2.29897000433602       -5.63586954438551     
   2.34897000433602       -5.63701175694449     
   2.39897000433602       -5.63770403238177     
   2.44897000433602       -5.63816834201194     
   2.49897000433602       -5.63846781092622     
   2.54897000433602       -5.63864391056958     
   2.59897000433602       -5.63875807399805     
   2.64897000433602       -5.63882880891739     
   2.69897000433602       -5.63887221706236     
   2.74897000433602       -5.63890125679620     
   2.79897000433602       -5.63891946084855     
   2.84897000433602       -5.63893102802188     
   2.89897000433602       -5.63893806903528     
   2.94897000433602       -5.63894260230602     
   2.99897000433602       -5.63894547742762     
   3.04897000433602       -5.63894725639451     
   3.09897000433602       -5.63894840270745     
   3.14897000433602       -5.63894911339108     
   3.19897000433602       -5.63894956481268     
   3.24897000433602       -5.63894985221102     
   3.29897000433602       -5.63895003126817     
   3.34897000433602       -5.63895014590846     
   3.39897000433602       -5.63895021754815     
   3.44897000433602       -5.63895026239646     
   3.49897000433602       -5.63895029137149     
   3.54897000433602       -5.63895030942839     
   3.59897000433602       -5.63895032034652     
   3.64897000433602       -5.63895032782124     
   3.69897000433602       -5.63895033244045     
   3.74897000433602       -5.63895033521197     
   3.79897000433602       -5.63895033731162     
   3.84897000433602       -5.63895033848741     
   3.89897000433602       -5.63895033899133     
   3.94897000433602       -5.63895033966321     
   3.99897000433602       -5.63895033974720     
   4.04897000433602       -5.63895033957923     
   4.09897000433602       -5.63895033966321     
   4.14897000433602       -5.63895034050307     
   4.19897000433602       -5.63895033983118     
   4.24897000433602       -5.63895034025111     
   4.29897000433602       -5.63895033966321     
   4.34897000433602       -5.63895033941126     
   4.39897000433602       -5.63895033991517     
   4.44897000433602       -5.63895033949524     
   4.49897000433602       -5.63895033957923     
   4.54897000433602       -5.63895034050307     
   4.59897000433602       -5.63895034075503     
   4.64897000433602       -5.63895033957923     
   4.69897000433602       -5.63895034033510     
   4.74897000433602       -5.63895033991517     
   4.79897000433602       -5.63895033949524     
   4.84897000433602       -5.63895033966321     
   4.89897000433602       -5.63895034151090     
   4.94897000433602       -5.63895034067104     
   4.99897000433602       -5.63895034067104     
   5.04897000433602       -5.63895034016713     
   5.09897000433602       -5.63895034008314     
   5.14897000433602       -5.63895034125894     
   5.19897000433602       -5.63895033831944     
 zone T = "ep =   3.981071705534973E-002 ",
   1.69897000433602       -4.63913715362554     
   1.74897000433602       -6.28476567516349     
   1.79897000433602       -6.38052679618591     
   1.84897000433602       -6.20339260928992     
   1.89897000433602       -6.18554405998587     
   1.94897000433602       -6.23191515880244     
   1.99897000433602       -6.25851509836286     
   2.04897000433602       -6.27881949400841     
   2.09897000433602       -6.29174312983695     
   2.14897000433602       -6.29833022199320     
   2.19897000433602       -6.30346039719849     
   2.24897000433602       -6.30637188635091     
   2.29897000433602       -6.30812106190535     
   2.34897000433602       -6.30929091381796     
   2.39897000433602       -6.30999963819469     
   2.44897000433602       -6.31047245685097     
   2.49897000433602       -6.31077660324873     
   2.54897000433602       -6.31095573506319     
   2.59897000433602       -6.31107162756170     
   2.64897000433602       -6.31114339181010     
   2.69897000433602       -6.31118748307891     
   2.74897000433602       -6.31121686000088     
   2.79897000433602       -6.31123527549043     
   2.84897000433602       -6.31124696239024     
   2.89897000433602       -6.31125408904977     
   2.94897000433602       -6.31125867290505     
   2.99897000433602       -6.31126157757863     
   3.04897000433602       -6.31126337489216     
   3.09897000433602       -6.31126453321748     
   3.14897000433602       -6.31126525001428     
   3.19897000433602       -6.31126570615831     
   3.24897000433602       -6.31126599840668     
   3.29897000433602       -6.31126617849497     
   3.34897000433602       -6.31126629302484     
   3.39897000433602       -6.31126636648194     
   3.44897000433602       -6.31126641189897     
   3.49897000433602       -6.31126643875427     
   3.54897000433602       -6.31126645929067     
   3.59897000433602       -6.31126646876900     
   3.64897000433602       -6.31126647706255     
   3.69897000433602       -6.31126648140679     
   3.74897000433602       -6.31126648496117     
   3.79897000433602       -6.31126648812061     
   3.84897000433602       -6.31126648654089     
   3.89897000433602       -6.31126648733075     
   3.94897000433602       -6.31126649009527     
   3.99897000433602       -6.31126648970034     
   4.04897000433602       -6.31126649285978     
   4.09897000433602       -6.31126648891048     
   4.14897000433602       -6.31126649325472     
   4.19897000433602       -6.31126648970034     
   4.24897000433602       -6.31126648970034     
   4.29897000433602       -6.31126649325472     
   4.34897000433602       -6.31126648930541     
   4.39897000433602       -6.31126649009527     
   4.44897000433602       -6.31126649246485     
   4.49897000433602       -6.31126648891048     
   4.54897000433602       -6.31126648693582     
   4.59897000433602       -6.31126649167499     
   4.64897000433602       -6.31126648930541     
   4.69897000433602       -6.31126649167499     
   4.74897000433602       -6.31126649049020     
   4.79897000433602       -6.31126648733075     
   4.84897000433602       -6.31126649285978     
   4.89897000433602       -6.31126648891048     
   4.94897000433602       -6.31126649799389     
   4.99897000433602       -6.31126648456624     
   5.04897000433602       -6.31126648654089     
   5.09897000433602       -6.31126648970034     
   5.14897000433602       -6.31126649167499     
   5.19897000433602       -6.31126648180172     
 zone T = "ep =   3.162277660168379E-002 ",
   1.69897000433602       -3.55149677835924     
   1.74897000433602       -5.57283588815135     
   1.79897000433602       -5.86267026056383     
   1.84897000433602       -5.89796469124373     
   1.89897000433602       -6.78506250990998     
   1.94897000433602       -7.10704930925607     
   1.99897000433602       -7.16804830494949     
   2.04897000433602       -7.19816355827631     
   2.09897000433602       -7.21196176207547     
   2.14897000433602       -7.21966166751777     
   2.19897000433602       -7.22549765960295     
   2.24897000433602       -7.22888366658787     
   2.29897000433602       -7.23091466166405     
   2.34897000433602       -7.23226127062926     
   2.39897000433602       -7.23307632393990     
   2.44897000433602       -7.23361638461578     
   2.49897000433602       -7.23396253462162     
   2.54897000433602       -7.23416681674844     
   2.59897000433602       -7.23429858702676     
   2.64897000433602       -7.23438014779181     
   2.69897000433602       -7.23443030795738     
   2.74897000433602       -7.23446357369484     
   2.79897000433602       -7.23448442522889     
   2.84897000433602       -7.23449764616942     
   2.89897000433602       -7.23450571461574     
   2.94897000433602       -7.23451090060767     
   2.99897000433602       -7.23451419690531     
   3.04897000433602       -7.23451622235362     
   3.09897000433602       -7.23451754287158     
   3.14897000433602       -7.23451835371792     
   3.19897000433602       -7.23451886008396     
   3.24897000433602       -7.23451918442330     
   3.29897000433602       -7.23451940285606     
   3.34897000433602       -7.23451953523960     
   3.39897000433602       -7.23451960474098     
   3.44897000433602       -7.23451964776564     
   3.49897000433602       -7.23451968417113     
   3.54897000433602       -7.23451970733826     
   3.59897000433602       -7.23451972388622     
   3.64897000433602       -7.23451971395744     
   3.69897000433602       -7.23451972388622     
   3.74897000433602       -7.23451972719581     
   3.79897000433602       -7.23451974705335     
   3.84897000433602       -7.23451973381499     
   3.89897000433602       -7.23451973381499     
   3.94897000433602       -7.23451975036294     
   3.99897000433602       -7.23451974374376     
   4.04897000433602       -7.23451973381499     
   4.09897000433602       -7.23451975367253     
   4.14897000433602       -7.23451975036294     
   4.19897000433602       -7.23451973712458     
   4.24897000433602       -7.23451974705335     
   4.29897000433602       -7.23451973712458     
   4.34897000433602       -7.23451971395744     
   4.39897000433602       -7.23451973050540     
   4.44897000433602       -7.23451975036294     
   4.49897000433602       -7.23451976029171     
   4.54897000433602       -7.23451977353008     
   4.59897000433602       -7.23451974043417     
   4.64897000433602       -7.23451975367253     
   4.69897000433602       -7.23451979338762     
   4.74897000433602       -7.23451972388622     
   4.79897000433602       -7.23451970402867     
   4.84897000433602       -7.23451974043417     
   4.89897000433602       -7.23451964114646     
   4.94897000433602       -7.23451975698212     
   4.99897000433602       -7.23451971726703     
   5.04897000433602       -7.23451976691089     
   5.09897000433602       -7.23451969409990     
   5.14897000433602       -7.23451975698212     
   5.19897000433602       -7.23451970733826     
 zone T = "ep =   2.511886431509579E-002 ",
   1.69897000433602       -1.82076738103480     
   1.74897000433602       -4.16018934820010     
   1.79897000433602       -4.73371693309947     
   1.84897000433602       -5.49584762609462     
   1.89897000433602       -6.48815809251037     
   1.94897000433602       -7.38452990358345     
   1.99897000433602       -7.69816104402478     
   2.04897000433602       -8.70151261375624     
   2.09897000433602       -8.30681212361912     
   2.14897000433602       -8.30658538212462     
   2.19897000433602       -8.32061822850693     
   2.24897000433602       -8.32674927613795     
   2.29897000433602       -8.33025477823941     
   2.34897000433602       -8.33249342691298     
   2.39897000433602       -8.33383656009827     
   2.44897000433602       -8.33471703789189     
   2.49897000433602       -8.33527788575694     
   2.54897000433602       -8.33560907842174     
   2.59897000433602       -8.33582199009922     
   2.64897000433602       -8.33595364981236     
   2.69897000433602       -8.33603462990932     
   2.74897000433602       -8.33608802566746     
   2.79897000433602       -8.33612143794217     
   2.84897000433602       -8.33614255716381     
   2.89897000433602       -8.33615560559224     
   2.94897000433602       -8.33616388652901     
   2.99897000433602       -8.33616915629826     
   3.04897000433602       -8.33617246039255     
   3.09897000433602       -8.33617446795579     
   3.14897000433602       -8.33617588998536     
   3.19897000433602       -8.33617668465097     
   3.24897000433602       -8.33617718654579     
   3.29897000433602       -8.33617768844119     
   3.34897000433602       -8.33617756296729     
   3.39897000433602       -8.33617789756445     
   3.44897000433602       -8.33617793938911     
   3.49897000433602       -8.33617810668781     
   3.54897000433602       -8.33617789756445     
   3.59897000433602       -8.33617810668781     
   3.64897000433602       -8.33617806486313     
   3.69897000433602       -8.33617814851249     
   3.74897000433602       -8.33617798121378     
   3.79897000433602       -8.33617789756445     
   3.84897000433602       -8.33617819033718     
   3.89897000433602       -8.33617835763597     
   3.94897000433602       -8.33617802303845     
   3.99897000433602       -8.33617819033718     
   4.04897000433602       -8.33617785573979     
   4.09897000433602       -8.33617823216187     
   4.14897000433602       -8.33617802303845     
   4.19897000433602       -8.33617777209049     
   4.24897000433602       -8.33617760479192     
   4.29897000433602       -8.33617823216187     
   4.34897000433602       -8.33617810668781     
   4.39897000433602       -8.33617781391514     
   4.44897000433602       -8.33617814851249     
   4.49897000433602       -8.33617806486313     
   4.54897000433602       -8.33617814851249     
   4.59897000433602       -8.33617839946067     
   4.64897000433602       -8.33617827398656     
   4.69897000433602       -8.33617839946067     
   4.74897000433602       -8.33617764661656     
   4.79897000433602       -8.33617827398656     
   4.84897000433602       -8.33617781391514     
   4.89897000433602       -8.33617827398656     
   4.94897000433602       -8.33617823216187     
   4.99897000433602       -8.33617856675954     
   5.04897000433602       -8.33617814851249     
   5.09897000433602       -8.33617706107204     
   5.14897000433602       -8.33617819033718     
   5.19897000433602       -8.33617793938911     
 zone T = "ep =   1.995262314968880E-002 ",
