 zone T = "ep =   0.316227766016838      ",
   1.07918124604762       -2.10955550212479     
   1.12918124604762       -2.22496512045660     
   1.17918124604762       -2.30917920644703     
   1.22918124604762       -2.36020289506990     
   1.27918124604762       -2.38162313982382     
   1.32918124604762       -2.38090416161181     
   1.37918124604762       -2.36619619501619     
   1.42918124604762       -2.47237312888792     
   1.47918124604762       -2.52732639839561     
   1.52918124604762       -2.53476688932978     
   1.57918124604762       -2.57906749479937     
   1.62918124604762       -2.64330408323264     
   1.67918124604762       -2.64159135844178     
   1.72918124604763       -2.72723946319907     
   1.77918124604762       -2.73445147787347     
   1.82918124604762       -2.81081601623874     
   1.87918124604762       -2.85366899016550     
   1.92918124604762       -2.88374612895541     
   1.97918124604762       -2.92877962228346     
   2.02918124604762       -2.97879350892463     
   2.07918124604762       -2.95406077689133     
   2.12918124604762       -3.08125366668234     
   2.17918124604762       -3.13282400018917     
   2.22918124604762       -3.17330679641365     
   2.27918124604762       -3.22243164098042     
   2.32918124604762       -3.27273173388585     
   2.37918124604762       -3.31656503676137     
   2.42918124604762       -3.37224193652721     
   2.47918124604762       -3.41680665670176     
   2.52918124604762       -3.46714968359415     
   2.57918124604762       -3.51822771171328     
   2.62918124604762       -3.56753244538185     
   2.67918124604762       -3.61473949735360     
   2.72918124604762       -3.66525008933632     
   2.77918124604762       -3.71280463578430     
   2.82918124604762       -3.76336962965650     
   2.87918124604762       -3.81176212117032     
   2.92918124604762       -3.86224522825076     
   2.97918124604762       -3.91265673448929     
   3.02918124604762       -3.96108667601828     
   3.07918124604762       -4.01001095918820     
   3.12918124604762       -4.06096066349853     
   3.17918124604762       -4.11033121337856     
   3.22918124604762       -4.16066414216038     
   3.27918124604762       -4.21074692922610     
   3.32918124604762       -4.26007751627358     
   3.37918124604762       -4.31034145656299     
   3.42918124604762       -4.35970817218698     
   3.47918124604762       -4.40973328957207     
   3.52918124604762       -4.45958289052023     
   3.57918124604763       -4.50959290573303     
   3.62918124604762       -4.55945359402931     
   3.67918124604762       -4.60927517689726     
   3.72918124604763       -4.65942524411459     
   3.77918124604762       -4.70925955945714     
   3.82918124604762       -4.75930541028613     
   3.87918124604762       -4.80902919073004     
   3.92918124604762       -4.85901388251916     
   3.97918124604762       -4.90914968821089     
   4.02918124604763       -4.95908267060700     
   4.07918124604763       -5.00890880512594     
   4.12918124604762       -5.05890764415160     
   4.17918124604762       -5.10892489619876     
   4.22918124604762       -5.15900560570042     
   4.27918124604763       -5.20890892272769     
   4.32918124604763       -5.25894048387240     
   4.37918124604762       -5.30892075458124     
   4.42918124604762       -5.35890867451317     
   4.47918124604762       -5.40886524186674     
   4.52918124604763       -5.45889291425946     
   4.57918124604763       -5.50887280433654     
 zone T = "ep =   0.251188643150958      ",
   1.07918124604762       -2.06374175576590     
   1.12918124604762       -2.17701666239986     
   1.17918124604762       -2.25985145418960     
   1.22918124604762       -2.31081265118956     
   1.27918124604762       -2.33339336582519     
   1.32918124604762       -2.33450522464047     
   1.37918124604762       -2.32171671179074     
   1.42918124604762       -2.42729066655581     
   1.47918124604762       -2.48213913650390     
   1.52918124604762       -2.49041354603543     
   1.57918124604762       -2.53527411575780     
   1.62918124604762       -2.59930533452997     
   1.67918124604762       -2.59824367612043     
   1.72918124604763       -2.68371203539647     
   1.77918124604762       -2.69129686607892     
   1.82918124604762       -2.76751684291751     
   1.87918124604762       -2.81053420927720     
   1.92918124604762       -2.84071231753281     
   1.97918124604762       -2.88574471453771     
   2.02918124604762       -2.93577275814979     
   2.07918124604762       -2.91125188140116     
   2.12918124604762       -3.03828559424093     
   2.17918124604762       -3.08984385430289     
   2.22918124604762       -3.13035474019523     
   2.27918124604762       -3.17946914182984     
   2.32918124604762       -3.22977451768063     
   2.37918124604762       -3.27361268558199     
   2.42918124604762       -3.32929992633365     
   2.47918124604762       -3.37386275838324     
   2.52918124604762       -3.42420747412964     
   2.57918124604762       -3.47528445299700     
   2.62918124604762       -3.52459089690253     
   2.67918124604762       -3.57179320872583     
   2.72918124604762       -3.62230578021121     
   2.77918124604762       -3.66985804460887     
   2.82918124604762       -3.72042439982317     
   2.87918124604762       -3.76881380020910     
   2.92918124604762       -3.81929728988126     
   2.97918124604762       -3.86971038817679     
   3.02918124604762       -3.91813724722635     
   3.07918124604762       -3.96705902995512     
   3.12918124604762       -4.01801108537458     
   3.17918124604762       -4.06737999775153     
   3.22918124604762       -4.11771395509519     
   3.27918124604762       -4.16779689547750     
   3.32918124604762       -4.21712585930258     
   3.37918124604762       -4.26739052466061     
   3.42918124604762       -4.31675569418640     
   3.47918124604762       -4.36678095787389     
   3.52918124604762       -4.41663014217363     
   3.57918124604763       -4.46664023921553     
   3.62918124604762       -4.51650055008369     
   3.67918124604762       -4.56632171610459     
   3.72918124604763       -4.61647214999279     
   3.77918124604762       -4.66630606561028     
   3.82918124604762       -4.71635203411528     
   3.87918124604762       -4.76607510257481     
   3.92918124604762       -4.81605975639340     
   3.97918124604762       -4.86619591815545     
   4.02918124604763       -4.91612872908318     
   4.07918124604763       -4.96595441202507     
   4.12918124604762       -5.01595324874552     
   4.17918124604762       -5.06597054489241     
   4.22918124604762       -5.11605146546811     
   4.27918124604763       -5.16595453075102     
   4.32918124604763       -5.21598617579180     
   4.37918124604762       -5.26596639523224     
   4.42918124604762       -5.31595428298378     
   4.47918124604762       -5.36591073708593     
   4.52918124604763       -5.41593848245430     
   4.57918124604763       -5.46591832006793     
 zone T = "ep =   0.199526231496888      ",
   1.07918124604762       -2.02496879437149     
   1.12918124604762       -2.13616378054673     
   1.17918124604762       -2.21742413212993     
   1.22918124604762       -2.26794712789873     
   1.27918124604762       -2.29128244829218     
   1.32918124604762       -2.29393073330326     
   1.37918124604762       -2.28293778286738     
   1.42918124604762       -2.38804595688216     
   1.47918124604762       -2.44273695752400     
   1.52918124604762       -2.45170675368827     
   1.57918124604762       -2.49717946702987     
   1.62918124604762       -2.56103951537685     
   1.67918124604762       -2.56049095583630     
   1.72918124604763       -2.64591687464497     
   1.77918124604762       -2.65374642513153     
   1.82918124604762       -2.72992025041295     
   1.87918124604762       -2.77309898847237     
   1.92918124604762       -2.80331247553302     
   1.97918124604762       -2.84832731193119     
   2.02918124604762       -2.89837471654777     
   2.07918124604762       -2.87381740701698     
   2.12918124604762       -3.00096189284380     
   2.17918124604762       -3.05251463385923     
   2.22918124604762       -3.09301972770552     
   2.27918124604762       -3.14211981919497     
   2.32918124604762       -3.19243313395127     
   2.37918124604762       -3.23625272708984     
   2.42918124604762       -3.29197477158464     
   2.47918124604762       -3.33651409501947     
   2.52918124604762       -3.38686235195825     
   2.57918124604762       -3.43794265881214     
   2.62918124604762       -3.48724842322015     
   2.67918124604762       -3.53443443945914     
   2.72918124604762       -3.58495136125510     
   2.77918124604762       -3.63249147179887     
   2.82918124604762       -3.68306164744757     
   2.87918124604762       -3.73144128579296     
   2.92918124604762       -3.78192714353117     
   2.97918124604762       -3.83234368242020     
   3.02918124604762       -3.88076092171836     
   3.07918124604762       -3.92967569191442     
   3.12918124604762       -3.98063412913395     
   3.17918124604762       -4.02999874205938     
   3.22918124604762       -4.08033517024595     
   3.27918124604762       -4.13041861469134     
   3.32918124604762       -4.17974313414081     
   3.37918124604762       -4.23000965340924     
   3.42918124604762       -4.27937060713791     
   3.47918124604762       -4.32939613631175     
   3.52918124604762       -4.37924426559746     
   3.57918124604763       -4.42925449550521     
   3.62918124604762       -4.47911383823805     
   3.67918124604762       -4.52893383877303     
   3.72918124604763       -4.57908527270316     
   3.77918124604762       -4.62891809153136     
   3.82918124604762       -4.67896437217168     
   3.87918124604762       -4.72868556063867     
   3.92918124604762       -4.77867011226679     
   3.97918124604762       -4.82880720546739     
   4.02918124604763       -4.87873956183671     
   4.07918124604763       -4.92856405775534     
   4.12918124604762       -4.97856288747904     
   4.17918124604762       -5.02858030072304     
   4.22918124604762       -5.07866177408921     
   4.27918124604763       -5.12856417859137     
   4.32918124604763       -5.17859604133135     
   4.37918124604762       -5.22857612608186     
   4.42918124604762       -5.27856393048646     
   4.47918124604762       -5.32852008759181     
   4.52918124604763       -5.37854802314419     
   4.57918124604763       -5.42852772322112     
 zone T = "ep =   0.158489319246111      ",
   1.07918124604762       -1.99289411095819     
   1.12918124604762       -2.10217442279323     
   1.17918124604762       -2.18176499179082     
   1.22918124604762       -2.23151571415381     
   1.27918124604762       -2.25515681250315     
   1.32918124604762       -2.25893231456345     
   1.37918124604762       -2.24946417560894     
   1.42918124604762       -2.35421458381830     
   1.47918124604762       -2.40868260106660     
   1.52918124604762       -2.41817800826248     
   1.57918124604762       -2.46427296080726     
   1.62918124604762       -2.52799926319351     
   1.67918124604762       -2.52782049329639     
   1.72918124604763       -2.61333627713540     
   1.77918124604762       -2.62128894049235     
   1.82918124604762       -2.69751563669604     
   1.87918124604762       -2.74085241467753     
   1.92918124604762       -2.77104322879821     
   1.97918124604762       -2.81602944012014     
   2.02918124604762       -2.86610356412261     
   2.07918124604762       -2.84127761063599     
   2.12918124604762       -2.96878767211844     
   2.17918124604762       -3.02034290611012     
   2.22918124604762       -3.06081152142487     
   2.27918124604762       -3.10989505461639     
   2.32918124604762       -3.16021934460178     
   2.37918124604762       -3.20399925720924     
   2.42918124604762       -3.25977875304983     
   2.47918124604762       -3.30427509676328     
   2.52918124604762       -3.35462882673794     
   2.57918124604762       -3.40571673194932     
   2.62918124604762       -3.45501973780138     
   2.67918124604762       -3.50217908974745     
   2.72918124604762       -3.55270258868929     
   2.77918124604762       -3.60022160637615     
   2.82918124604762       -3.65079788858136     
   2.87918124604762       -3.69916176103159     
   2.92918124604762       -3.74965183970051     
   2.97918124604762       -3.80007350606195     
   3.02918124604762       -3.84847521947963     
   3.07918124604762       -3.89737891290633     
   3.12918124604762       -3.94834738981862     
   3.17918124604762       -3.99770531025221     
   3.22918124604762       -4.04804551705582     
   3.27918124604762       -4.09812979092277     
   3.32918124604762       -4.14744732054428     
   3.37918124604762       -4.19771671680567     
   3.42918124604762       -4.24707104448967     
   3.47918124604762       -4.29709694762135     
   3.52918124604762       -4.34694344810512     
   3.57918124604763       -4.39695385737554     
   3.62918124604762       -4.44681170018019     
   3.67918124604762       -4.49662985905943     
   3.72918124604763       -4.54678286647513     
   3.77918124604762       -4.59661395890266     
   3.82918124604762       -4.64666072787954     
   3.87918124604762       -4.69637898176159     
   3.92918124604762       -4.74636337349757     
   3.97918124604762       -4.79650191796910     
   4.02918124604763       -4.84643356426118     
   4.07918124604763       -4.89625620911977     
   4.12918124604762       -4.94625502772911     
   4.17918124604762       -4.99627262411954     
   4.22918124604762       -5.04635495894401     
   4.27918124604763       -5.09625633333557     
   4.32918124604763       -5.14628853462624     
   4.37918124604762       -5.19626840939010     
   4.42918124604762       -5.24625608429102     
   4.47918124604762       -5.29621177849474     
   4.52918124604763       -5.34624001008055     
   4.57918124604763       -5.39621949581139     
 zone T = "ep =   0.125892541179417      ",
   1.07918124604762       -1.96689471232667     
   1.12918124604762       -2.07451525531253     
   1.17918124604762       -2.15246046550660     
   1.22918124604762       -2.20120609108900     
   1.27918124604762       -2.22474216056629     
   1.32918124604762       -2.22919453500164     
   1.37918124604762       -2.22087779604599     
   1.42918124604762       -2.32532517116690     
   1.47918124604762       -2.37948083561479     
   1.52918124604762       -2.38931123173525     
   1.57918124604762       -2.43598827292469     
   1.62918124604762       -2.49960257442601     
   1.67918124604762       -2.49966233294407     
   1.72918124604763       -2.58537152148444     
   1.77918124604762       -2.59334955307825     
   1.82918124604762       -2.66971305461937     
   1.87918124604762       -2.71320672210281     
   1.92918124604762       -2.74333347090700     
   1.97918124604762       -2.78828743812876     
   2.02918124604762       -2.83839780971855     
   2.07918124604762       -2.81312018679965     
   2.12918124604762       -2.94120165978959     
   2.17918124604762       -2.99276827084658     
   2.22918124604762       -3.03317759129985     
   2.27918124604762       -3.08224445959951     
   2.32918124604762       -3.13258314505158     
   2.37918124604762       -3.17630753204644     
   2.42918124604762       -3.23216283815590     
   2.47918124604762       -3.27660141468505     
   2.52918124604762       -3.32696252962052     
   2.57918124604762       -3.37806174582662     
   2.62918124604762       -3.42736057560778     
   2.67918124604762       -3.47448535384477     
   2.72918124604762       -3.52501730676566     
   2.77918124604762       -3.57250833255612     
   2.82918124604762       -3.62309259579587     
   2.87918124604762       -3.67143608607779     
   2.92918124604762       -3.72193189753023     
   2.97918124604762       -3.77236004159467     
   3.02918124604762       -3.82074165220168     
   3.07918124604762       -3.86963112877675     
   3.12918124604762       -3.92061251554693     
   3.17918124604762       -3.96996189774362     
   3.22918124604762       -4.02030691210283     
   3.27918124604762       -4.07039227998719     
   3.32918124604762       -4.11970084512452     
   3.37918124604762       -4.16997392066953     
   3.42918124604762       -4.21931975012205     
   3.47918124604762       -4.26934611459128     
   3.52918124604762       -4.31919054326567     
   3.57918124604763       -4.36920116987144     
   3.62918124604762       -4.41905710109035     
   3.67918124604762       -4.46887289304998     
   3.72918124604763       -4.51902792180680     
   3.77918124604762       -4.56885679842951     
   3.82918124604762       -4.61890419368336     
   3.87918124604762       -4.66861869283022     
   3.92918124604762       -4.71860288024692     
   3.97918124604762       -4.76874328088115     
   4.02918124604763       -4.81867401852873     
   4.07918124604763       -4.86849429582738     
   4.12918124604762       -4.91849310030862     
   4.17918124604762       -4.96851093141285     
   4.22918124604762       -5.01859436800551     
   4.27918124604763       -5.06849442498690     
   4.32918124604763       -5.11852705892868     
   4.37918124604762       -5.16850666517460     
   4.42918124604762       -5.21849417471605     
   4.47918124604762       -5.26844927695924     
   4.52918124604763       -5.31847788696922     
   4.57918124604763       -5.36845709861099     
 zone T = "ep =   0.100000000000000      ",
   1.07918124604762       -1.94615446001252     
   1.12918124604762       -2.05241866188330     
   1.17918124604762       -2.12885168223799     
   1.22918124604762       -2.17649170281326     
   1.27918124604762       -2.19961986130961     
   1.32918124604762       -2.20434553304166     
   1.37918124604762       -2.19678375118392     
   1.42918124604762       -2.30093880018080     
   1.47918124604762       -2.35467145461382     
   1.52918124604762       -2.36463408928340     
   1.57918124604762       -2.41180400777108     
   1.62918124604762       -2.47529555581025     
   1.67918124604762       -2.47547702423460     
   1.72918124604763       -2.56143747430814     
   1.77918124604762       -2.56937041419748     
   1.82918124604762       -2.64592771748987     
   1.87918124604762       -2.68957868286455     
   1.92918124604762       -2.71961927033305     
   1.97918124604762       -2.76454449188123     
   2.02918124604762       -2.81470225678784     
   2.07918124604762       -2.78885530723397     
   2.12918124604762       -2.91764844845122     
   2.17918124604762       -2.96923581167599     
   2.22918124604762       -3.00957318610897     
   2.27918124604762       -3.05862564023756     
   2.32918124604762       -3.10898261535355     
   2.37918124604762       -3.15264228769146     
   2.42918124604762       -3.20858647199624     
   2.47918124604762       -3.25295834136944     
   2.52918124604762       -3.30332873071217     
   2.57918124604762       -3.35444223286167     
   2.62918124604762       -3.40373631718862     
   2.67918124604762       -3.45082163133047     
   2.72918124604762       -3.50136349620123     
   2.77918124604762       -3.54882216208066     
   2.82918124604762       -3.59941577739376     
   2.87918124604762       -3.64773596773068     
   2.92918124604762       -3.69823859675757     
   2.97918124604762       -3.74867416549393     
   3.02918124604762       -3.79703272315981     
   3.07918124604762       -3.84590596827120     
   3.12918124604762       -3.89690217615112     
   3.17918124604762       -3.94624183855207     
   3.22918124604762       -3.99659235237534     
   3.27918124604762       -4.04667900390570     
   3.32918124604762       -4.09597732436234     
   3.37918124604762       -4.14625461357016     
   3.42918124604762       -4.19559072713499     
   3.47918124604762       -4.24561761556640     
   3.52918124604762       -4.29545968778391     
   3.57918124604763       -4.34547055994043     
   3.62918124604762       -4.39532431352256     
   3.67918124604762       -4.44513739706370     
   3.72918124604763       -4.49529474216463     
   3.77918124604762       -4.54512108417435     
   3.82918124604762       -4.59516919713018     
   3.87918124604762       -4.64487940610833     
   3.92918124604762       -4.69486336089615     
   3.97918124604762       -4.74500588304057     
   4.02918124604763       -4.79493558264775     
   4.07918124604763       -4.84475315501735     
   4.12918124604762       -4.89475194369609     
   4.17918124604762       -4.94477004348034     
   4.22918124604762       -4.99485473916232     
   4.27918124604763       -5.04475329102293     
   4.32918124604763       -5.09478641925398     
   4.37918124604762       -5.14476571880687     
   4.42918124604762       -5.19475303962501     
   4.47918124604762       -5.24470746558396     
   4.52918124604763       -5.29473650793022     
   4.57918124604763       -5.34471540646171     
 zone T = "ep =   7.943282347242814E-002 ",
   1.07918124604762       -1.92978141340873     
   1.12918124604762       -2.03499175105714     
   1.17918124604762       -2.11011393314793     
   1.22918124604762       -2.15666940450193     
   1.27918124604762       -2.17922511286871     
   1.32918124604762       -2.18393272396065     
   1.37918124604762       -2.17678801327155     
   1.42918124604762       -2.28065467608558     
   1.47918124604762       -2.33385822193681     
   1.52918124604762       -2.34375433844616     
   1.57918124604762       -2.39129308261859     
   1.62918124604762       -2.45461514315823     
   1.67918124604762       -2.45480638215227     
   1.72918124604763       -2.54102448862556     
   1.77918124604762       -2.54885844146852     
   1.82918124604762       -2.62563307665669     
   1.87918124604762       -2.66943826914981     
   1.92918124604762       -2.69938530130498     
   1.97918124604762       -2.74428945866060     
   2.02918124604762       -2.79450586771393     
   2.07918124604762       -2.76803553291731     
   2.12918124604762       -2.89761587707148     
   2.17918124604762       -2.94923367123551     
   2.22918124604762       -2.98949643853025     
   2.27918124604762       -3.03853906922553     
   2.32918124604762       -3.08891884424797     
   2.37918124604762       -3.13251119454354     
   2.42918124604762       -3.18855237753939     
   2.47918124604762       -3.23285433920246     
   2.52918124604762       -3.28323596276211     
   2.57918124604762       -3.33436608221740     
   2.62918124604762       -3.38365573089165     
   2.67918124604762       -3.43069962919170     
   2.72918124604762       -3.48125250136742     
   2.77918124604762       -3.52867689636774     
   2.82918124604762       -3.57928077506365     
   2.87918124604762       -3.62757638987342     
   2.92918124604762       -3.67808652418125     
   2.97918124604762       -3.72853009051094     
   3.02918124604762       -3.77686420925886     
   3.07918124604762       -3.82572028992654     
   3.12918124604762       -3.87673231865952     
   3.17918124604762       -3.92606171771227     
   3.22918124604762       -3.97641810414094     
   3.27918124604762       -4.02650615939176     
   3.32918124604762       -4.07579362019764     
   3.37918124604762       -4.12607540297349     
   3.42918124604762       -4.17540120933749     
   3.47918124604762       -4.22542866168347     
   3.52918124604762       -4.27526824461071     
   3.57918124604763       -4.32527938182095     
   3.62918124604762       -4.37513083112396     
   3.67918124604762       -4.42494104062739     
   3.72918124604763       -4.47510085130920     
   3.77918124604762       -4.52492450305322     
   3.82918124604762       -4.57497338086541     
   3.87918124604762       -4.62467903624470     
   3.92918124604762       -4.67466274558091     
   3.97918124604762       -4.72480752141558     
   4.02918124604763       -4.77473611970051     
   4.07918124604763       -4.82455082086417     
   4.12918124604762       -4.87454959338294     
   4.17918124604762       -4.92456797903507     
   4.22918124604762       -4.97465401191102     
   4.27918124604763       -5.02455096605107     
   4.32918124604763       -5.07458461923131     
   4.37918124604762       -5.12456359336198     
   4.42918124604762       -5.17455071403329     
   4.47918124604762       -5.22450442210172     
   4.52918124604763       -5.27453392351747     
   4.57918124604763       -5.32451248970119     
 zone T = "ep =   6.309573444801933E-002 ",
   1.07918124604762       -1.91691947823559     
   1.12918124604762       -2.02133583422051     
   1.17918124604762       -2.09536372284213     
   1.22918124604762       -2.14093428404336     
   1.27918124604762       -2.16287594611939     
   1.32918124604762       -2.16740530213446     
   1.37918124604762       -2.16044634893762     
   1.42918124604762       -2.26405717632168     
   1.47918124604762       -2.31666775873763     
   1.52918124604762       -2.32633136305992     
   1.57918124604762       -2.37410829238701     
   1.62918124604762       -2.43719436799564     
   1.67918124604762       -2.43728187676888     
   1.72918124604763       -2.52371962635647     
   1.77918124604762       -2.53140183994378     
   1.82918124604762       -2.60838230616464     
   1.87918124604762       -2.65232719731653     
   1.92918124604762       -2.68217839653904     
   1.97918124604762       -2.72706807524624     
   2.02918124604762       -2.77735152853215     
   2.07918124604762       -2.75025457962751     
   2.12918124604762       -2.88064314829184     
   2.17918124604762       -2.93230094382440     
   2.22918124604762       -2.97249467164583     
   2.27918124604762       -3.02153416602529     
   2.32918124604762       -3.07194195507343     
   2.37918124604762       -3.11547007194550     
   2.42918124604762       -3.17161244164275     
   2.47918124604762       -3.21584626700431     
   2.52918124604762       -3.26624130083576     
   2.57918124604762       -3.31738997293234     
   2.62918124604762       -3.36667633018225     
   2.67918124604762       -3.41367940157946     
   2.72918124604762       -3.46424413842522     
   2.77918124604762       -3.51163444963727     
   2.82918124604762       -3.56224915979191     
   2.87918124604762       -3.61052032695892     
   2.92918124604762       -3.66103834974844     
   2.97918124604762       -3.71149019121650     
   3.02918124604762       -3.75979980589818     
   3.07918124604762       -3.80863870483653     
   3.12918124604762       -3.85966680095844     
   3.17918124604762       -3.90898593397941     
   3.22918124604762       -3.95934830436721     
   3.27918124604762       -4.00943782970037     
   3.32918124604762       -4.05871437536121     
   3.37918124604762       -4.10900072117769     
   3.42918124604762       -4.15831615468619     
   3.47918124604762       -4.20834419323623     
   3.52918124604762       -4.25818128236831     
   3.57918124604763       -4.30819269762688     
   3.62918124604762       -4.35804183344255     
   3.67918124604762       -4.40784915084046     
   3.72918124604763       -4.45801145497302     
   3.77918124604762       -4.50783239753367     
   3.82918124604762       -4.55788205062797     
   3.87918124604762       -4.60758311669765     
   3.92918124604762       -4.65756658089079     
   3.97918124604762       -4.70771363134993     
   4.02918124604763       -4.75764112043516     
   4.07918124604763       -4.80745292730443     
   4.12918124604762       -4.85745168447753     
   4.17918124604762       -4.90747035921309     
   4.22918124604762       -4.95755774117398     
   4.27918124604763       -5.00745308457975     
   4.32918124604763       -5.05748726748238     
   4.37918124604762       -5.10746591374988     
   4.42918124604762       -5.15745283285492     
   4.47918124604762       -5.20740581717430     
   4.52918124604763       -5.25743578166587     
   4.57918124604763       -5.30741401282577     
 zone T = "ep =   5.011872336272723E-002 ",
   1.07918124604762       -1.90682430114561     
   1.12918124604762       -2.01064232152289     
   1.17918124604762       -2.08376592236364     
   1.22918124604762       -2.12848087708470     
   1.27918124604762       -2.14984713687677     
   1.32918124604762       -2.15414521396533     
   1.37918124604762       -2.14724852982936     
   1.42918124604762       -2.25067146660257     
   1.47918124604762       -2.30268986376149     
   1.52918124604762       -2.31201644937289     
   1.57918124604762       -2.35992705459654     
   1.62918124604762       -2.42272075415131     
   1.67918124604762       -2.42259870930024     
   1.72918124604763       -2.50919368070166     
   1.77918124604762       -2.51666521656997     
   1.82918124604762       -2.59380995599384     
   1.87918124604762       -2.63786221792166     
   1.92918124604762       -2.66760981409968     
   1.97918124604762       -2.71248390463696     
   2.02918124604762       -2.76283549188611     
   2.07918124604762       -2.73514258525617     
   2.12918124604762       -2.86631767691501     
   2.17918124604762       -2.91802369674054     
   2.22918124604762       -2.95815951343015     
   2.27918124604762       -3.00720400979643     
   2.32918124604762       -3.05764558949376     
   2.37918124604762       -3.10111707448299     
   2.42918124604762       -3.15736197814360     
   2.47918124604762       -3.20153347427055     
   2.52918124604762       -3.25194445810094     
   2.57918124604762       -3.30311350237904     
   2.62918124604762       -3.35239849253571     
   2.67918124604762       -3.39936340915238     
   2.72918124604762       -3.44994077714246     
   2.77918124604762       -3.49729887801207     
   2.82918124604762       -3.54792478250414     
   2.87918124604762       -3.59617276094958     
   2.92918124604762       -3.64669886058005     
   2.97918124604762       -3.69715905197144     
   3.02918124604762       -3.74544513910832     
   3.07918124604762       -3.79426756472551     
   3.12918124604762       -3.84531140502316     
   3.17918124604762       -3.89462069903065     
   3.22918124604762       -3.94498896915218     
   3.27918124604762       -3.99507999594371     
   3.32918124604762       -4.04434600888998     
   3.37918124604762       -4.09463682778935     
   3.42918124604762       -4.14394223260892     
   3.47918124604762       -4.19397086789455     
   3.52918124604762       -4.24380556012044     
   3.57918124604763       -4.29381726252907     
   3.62918124604762       -4.34366416783977     
