 zone T = "ep =   0.316227766016838      ",
   1.07918124604762       -1.49545360682412     
   1.12918124604762       -1.56495991603606     
   1.17918124604762       -1.62150004394570     
   1.22918124604762       -1.66718364339329     
   1.27918124604762       -1.70359629097735     
   1.32918124604762       -1.73185480886183     
   1.37918124604762       -1.75273832184713     
   1.42918124604762       -1.82973187204265     
   1.47918124604762       -1.88302461457338     
   1.52918124604762       -1.91544521085496     
   1.57918124604762       -1.96579191672622     
   1.62918124604762       -2.02493590132864     
   1.67918124604762       -2.05179462077653     
   1.72918124604763       -2.12283302728566     
   1.77918124604762       -2.15326937572099     
   1.82918124604762       -2.21970947601708     
   1.87918124604762       -2.26862146637936     
   1.92918124604762       -2.31009825619131     
   1.97918124604762       -2.35937360421102     
   2.02918124604762       -2.41134823399156     
   2.07918124604762       -2.41955677575361     
   2.12918124604762       -2.51633726521652     
   2.17918124604762       -2.56872804034811     
   2.22918124604762       -2.61471294886626     
   2.27918124604762       -2.66543343627844     
   2.32918124604762       -2.71676320768477     
   2.37918124604762       -2.76419871601808     
   2.42918124604762       -2.81848764545832     
   2.47918124604762       -2.86612990103651     
   2.52918124604762       -2.91709253607528     
   2.57918124604762       -2.96840727677428     
   2.62918124604762       -3.01861297555323     
   2.67918124604762       -3.06749170341720     
   2.72918124604762       -3.11829218926120     
   2.77918124604762       -3.16726907854804     
   2.82918124604762       -3.21800381809233     
   2.87918124604762       -3.26738688776324     
   2.92918124604762       -3.31799212334268     
   2.97918124604762       -3.36852486246356     
   3.02918124604762       -3.41782738476372     
   3.07918124604762       -3.46739943747651     
   3.12918124604762       -3.51817726555130     
   3.17918124604762       -3.56797395934106     
   3.22918124604762       -3.61833718050573     
   3.27918124604762       -3.66853047514712     
   3.32918124604762       -3.71825091775548     
   3.37918124604762       -3.76852572222032     
   3.42918124604762       -3.81824172873681     
   3.47918124604762       -3.86834791418818     
   3.52918124604762       -3.91833698529564     
   3.57918124604763       -3.96841537463394     
   3.62918124604762       -4.01839466151042     
   3.67918124604762       -4.06834326360153     
   3.72918124604763       -4.11848594720705     
   3.77918124604762       -4.16843050479131     
   3.82918124604762       -4.21849916421734     
   3.87918124604762       -4.26836676090672     
   3.92918124604762       -4.31838973594361     
   3.97918124604762       -4.36850151276085     
   4.02918124604763       -4.41848627776005     
   4.07918124604763       -4.46840296178486     
   4.12918124604762       -4.51842266793235     
   4.17918124604762       -4.56845140507765     
   4.22918124604762       -4.61851694705065     
   4.27918124604763       -4.66847232905235     
   4.32918124604763       -4.71850451078169     
   4.37918124604762       -4.76850394413936     
   4.42918124604762       -4.81850680094609     
   4.47918124604762       -4.86848938425200     
   4.52918124604763       -4.91851443602981     
   4.57918124604763       -4.96850939691662     
 zone T = "ep =   0.251188643150958      ",
   1.07918124604762       -1.47433665346084     
   1.12918124604762       -1.54205810200978     
   1.17918124604762       -1.59515166182742     
   1.22918124604762       -1.63677049228971     
   1.27918124604762       -1.66937699894355     
   1.32918124604762       -1.69472196818600     
   1.37918124604762       -1.71395477787028     
   1.42918124604762       -1.79079371278809     
   1.47918124604762       -1.84229570793406     
   1.52918124604762       -1.87273872668794     
   1.57918124604762       -1.92298963791002     
   1.62918124604762       -1.98158702201546     
   1.67918124604762       -2.00691978302008     
   1.72918124604763       -2.07876112379507     
   1.77918124604762       -2.10790725311026     
   1.82918124604762       -2.17503983758101     
   1.87918124604762       -2.22393778192758     
   1.92918124604762       -2.26481588661576     
   1.97918124604762       -2.31395172633418     
   2.02918124604762       -2.36604681435124     
   2.07918124604762       -2.37176850160015     
   2.12918124604762       -2.47146976035746     
   2.17918124604762       -2.52402998380996     
   2.22918124604762       -2.56979280321503     
   2.27918124604762       -2.62057785771130     
   2.32918124604762       -2.67204678171115     
   2.37918124604762       -2.71933809927629     
   2.42918124604762       -2.77399305974161     
   2.47918124604762       -2.82149330038524     
   2.52918124604762       -2.87256228665743     
   2.57918124604762       -2.92400341108267     
   2.62918124604762       -2.97425657866627     
   2.67918124604762       -3.02307185838704     
   2.72918124604762       -3.07396008081491     
   2.77918124604762       -3.12288066741633     
   2.82918124604762       -3.17369327968802     
   2.87918124604762       -3.22304482353052     
   2.92918124604762       -3.27371314846976     
   2.97918124604762       -3.32430408793810     
   3.02918124604762       -3.37356406145493     
   3.07918124604762       -3.42311316619462     
   3.12918124604762       -3.47396446966769     
   3.17918124604762       -3.52375386779043     
   3.22918124604762       -3.57415535509812     
   3.27918124604762       -3.62437185369007     
   3.32918124604762       -3.67407640745070     
   3.37918124604762       -3.72437978517631     
   3.42918124604762       -3.77407818141853     
   3.47918124604762       -3.82419804126532     
   3.52918124604762       -3.87419053180418     
   3.57918124604763       -3.92427931960844     
   3.62918124604762       -3.97426037399710     
   3.67918124604762       -4.02420796761559     
   3.72918124604763       -4.07436506859846     
   3.77918124604762       -4.12430763152699     
   3.82918124604762       -4.17438412952663     
   3.87918124604762       -4.22424288949788     
   3.92918124604762       -4.27426951968595     
   3.97918124604762       -4.32439203040811     
   4.02918124604763       -4.37437696572535     
   4.07918124604763       -4.42428809259369     
   4.12918124604762       -4.47431053693292     
   4.17918124604762       -4.52434262787093     
   4.22918124604762       -4.57441443161633     
   4.27918124604763       -4.62436695898010     
   4.32918124604763       -4.67440249001094     
   4.37918124604762       -4.72440251195400     
   4.42918124604762       -4.77440616754508     
   4.47918124604762       -4.82438782933710     
   4.52918124604763       -4.87441538388008     
   4.57918124604763       -4.92441033327904     
 zone T = "ep =   0.199526231496888      ",
   1.07918124604762       -1.46176653396753     
   1.12918124604762       -1.52836692811395     
   1.17918124604762       -1.57820457873306     
   1.22918124604762       -1.61553716139810     
   1.27918124604762       -1.64377040681868     
   1.32918124604762       -1.66535656001713     
   1.37918124604762       -1.68189879669019     
   1.42918124604762       -1.75849701787199     
   1.47918124604762       -1.80776540545700     
   1.52918124604762       -1.83555514651220     
   1.57918124604762       -1.88528568299406     
   1.62918124604762       -1.94308014311497     
   1.67918124604762       -1.96637751456740     
   1.72918124604763       -2.03897030906845     
   1.77918124604762       -2.06647945593695     
   1.82918124604762       -2.13429101561025     
   1.87918124604762       -2.18305983263310     
   1.92918124604762       -2.22319664345977     
   1.97918124604762       -2.27213095854511     
   2.02918124604762       -2.32432303161928     
   2.07918124604762       -2.32725930744361     
   2.12918124604762       -2.43018067565688     
   2.17918124604762       -2.48292089788188     
   2.22918124604762       -2.52843143539908     
   2.27918124604762       -2.57928832409225     
   2.32918124604762       -2.63091248224832     
   2.37918124604762       -2.67804719301580     
   2.42918124604762       -2.73311107253468     
   2.47918124604762       -2.78045924574357     
   2.52918124604762       -2.83165138584646     
   2.57918124604762       -2.88323827297721     
   2.62918124604762       -2.93354945434566     
   2.67918124604762       -2.98229995503698     
   2.72918124604762       -3.03329044525094     
   2.77918124604762       -3.08215342270275     
   2.82918124604762       -3.13305682374852     
   2.87918124604762       -3.18237765669411     
   2.92918124604762       -3.23311980136443     
   2.97918124604762       -3.28377876746808     
   3.02918124604762       -3.33299481590305     
   3.07918124604762       -3.38252145086667     
   3.12918124604762       -3.43345687181932     
   3.17918124604762       -3.48324062365578     
   3.22918124604762       -3.53368672407121     
   3.27918124604762       -3.58393094159158     
   3.32918124604762       -3.63361966078480     
   3.37918124604762       -3.68395633127882     
   3.42918124604762       -3.73363663778376     
   3.47918124604762       -3.78377295564976     
   3.52918124604762       -3.83377040309482     
   3.57918124604763       -3.88387176411792     
   3.62918124604762       -3.93385571322038     
   3.67918124604762       -3.98380302087288     
   3.72918124604763       -4.03397686437015     
   3.77918124604762       -4.08391788099108     
   3.82918124604762       -4.13400367290483     
   3.87918124604762       -4.18385316212979     
   3.92918124604762       -4.23388432416106     
   3.97918124604762       -4.28401917004310     
   4.02918124604763       -4.33400467438098     
   4.07918124604763       -4.38390997452409     
   4.12918124604762       -4.43393575988331     
   4.17918124604762       -4.48397184247957     
   4.22918124604762       -4.53405083559371     
   4.27918124604763       -4.58400041050591     
   4.32918124604763       -4.63403984995471     
   4.37918124604762       -4.68404069624048     
   4.42918124604762       -4.73404539096274     
   4.47918124604762       -4.78402616635947     
   4.52918124604763       -4.83405661958949     
   4.57918124604763       -4.88405166453369     
 zone T = "ep =   0.158489319246111      ",
   1.07918124604762       -1.45642431995986     
   1.12918124604762       -1.52274696390899     
   1.17918124604762       -1.56978688668040     
   1.22918124604762       -1.60293702235781     
   1.27918124604762       -1.62657077040218     
   1.32918124604762       -1.64385569955649     
   1.37918124604762       -1.65687598890861     
   1.42918124604762       -1.73316774163998     
   1.47918124604762       -1.77974897234838     
   1.52918124604762       -1.80421952381889     
   1.57918124604762       -1.85294653200643     
   1.62918124604762       -1.90955966062607     
   1.67918124604762       -1.93030233676208     
   1.72918124604763       -2.00343527170359     
   1.77918124604762       -2.02895976088322     
   1.82918124604762       -2.09730495484127     
   1.87918124604762       -2.14578267386979     
   1.92918124604762       -2.18503051353690     
   1.97918124604762       -2.23367225858001     
   2.02918124604762       -2.28590626787843     
   2.07918124604762       -2.28592531774367     
   2.12918124604762       -2.39215143282418     
   2.17918124604762       -2.44506459314563     
   2.22918124604762       -2.49030852170150     
   2.27918124604762       -2.54124032261850     
   2.32918124604762       -2.59303110888871     
   2.37918124604762       -2.64001081283565     
   2.42918124604762       -2.69551079495418     
   2.47918124604762       -2.74271100505838     
   2.52918124604762       -2.79404279959220     
   2.57918124604762       -2.84579298525910     
   2.62918124604762       -2.89617588113165     
   2.67918124604762       -2.94486892174415     
   2.72918124604762       -2.99597646844806     
   2.77918124604762       -3.04478841002059     
   2.82918124604762       -3.09579562178447     
   2.87918124604762       -3.14509214722256     
   2.92918124604762       -3.19591901942363     
   2.97918124604762       -3.24665615628475     
   3.02918124604762       -3.29583213563575     
   3.07918124604762       -3.34534064974216     
   3.12918124604762       -3.39636950993564     
   3.17918124604762       -3.44615182421204     
   3.22918124604762       -3.49664895158375     
   3.27918124604762       -3.54692601159081     
   3.32918124604762       -3.59660136893250     
   3.37918124604762       -3.64697606565742     
   3.42918124604762       -3.69663999358174     
   3.47918124604762       -3.74679604060398     
   3.52918124604762       -3.79680085031866     
   3.57918124604763       -3.84691738030116     
   3.62918124604762       -3.89690609715356     
   3.67918124604762       -3.94685464522625     
   3.72918124604763       -3.99704750421533     
   3.77918124604762       -4.04698812420070     
   3.82918124604762       -4.09708480981698     
   3.87918124604762       -4.14692551214806     
   3.92918124604762       -4.19696232775656     
   3.97918124604762       -4.24711095803458     
   4.02918124604763       -4.29709776217814     
   4.07918124604763       -4.34699754563952     
   4.12918124604762       -4.39702740993095     
   4.17918124604762       -4.44706819729911     
   4.22918124604762       -4.49715521261394     
   4.27918124604763       -4.54710207130217     
   4.32918124604763       -4.59714598409827     
   4.37918124604762       -4.64714801445282     
   4.42918124604762       -4.69715408554679     
   4.47918124604762       -4.74713417710390     
   4.52918124604763       -4.79716790963616     
   4.57918124604763       -4.84716325456493     
 zone T = "ep =   0.125892541179417      ",
   1.07918124604762       -1.45653809953291     
   1.12918124604762       -1.52344558805656     
   1.17918124604762       -1.56832314145521     
   1.22918124604762       -1.59771989943851     
   1.27918124604762       -1.61695801737854     
   1.32918124604762       -1.62987049115820     
   1.37918124604762       -1.63898107332908     
   1.42918124604762       -1.71508899109190     
   1.47918124604762       -1.75864827505675     
   1.52918124604762       -1.77923251694370     
   1.57918124604762       -1.82650933756588     
   1.62918124604762       -1.88148787881833     
   1.67918124604762       -1.89913734981192     
   1.72918124604763       -1.97246407491458     
   1.77918124604762       -1.99561844736479     
   1.82918124604762       -2.06421664630601     
   1.87918124604762       -2.11217098160430     
   1.92918124604762       -2.15034589702965     
   1.97918124604762       -2.19855329232364     
   2.02918124604762       -2.25072611864696     
   2.07918124604762       -2.24781751717491     
   2.12918124604762       -2.35723935427978     
   2.17918124604762       -2.41029202800370     
   2.22918124604762       -2.45526053011913     
   2.27918124604762       -2.50626041885869     
   2.32918124604762       -2.55822059473796     
   2.37918124604762       -2.60505604053566     
   2.42918124604762       -2.66100324389761     
   2.47918124604762       -2.70807068061908     
   2.52918124604762       -2.75955750472369     
   2.57918124604762       -2.81148646019459     
   2.62918124604762       -2.86195744383419     
   2.67918124604762       -2.91060810065838     
   2.72918124604762       -2.96184797522813     
   2.77918124604762       -3.01062277022837     
   2.82918124604762       -3.06174732921913     
   2.87918124604762       -3.11103133306554     
   2.92918124604762       -3.16195446780529     
   2.97918124604762       -3.21278066801700     
   3.02918124604762       -3.26192549416758     
   3.07918124604762       -3.31142407467439     
   3.12918124604762       -3.36255495257636     
   3.17918124604762       -3.41234267398191     
   3.22918124604762       -3.46289766360926     
   3.27918124604762       -3.51321355913881     
   3.32918124604762       -3.56288045504251     
   3.37918124604762       -3.61329820648280     
   3.42918124604762       -3.66294964228551     
   3.47918124604762       -3.71312935067465     
   3.52918124604762       -3.76314489994963     
   3.57918124604763       -3.81327975537269     
   3.62918124604762       -3.86327593901568     
   3.67918124604762       -3.91322811320929     
   3.72918124604763       -3.96344235666510     
   3.77918124604762       -4.01338446938825     
   3.82918124604762       -4.06349388901215     
   3.87918124604762       -4.11332719215002     
   3.92918124604762       -4.16337108899922     
   3.97918124604762       -4.21353490282107     
   4.02918124604763       -4.26352410125081     
   4.07918124604763       -4.31341924988379     
   4.12918124604762       -4.36345410806780     
   4.17918124604762       -4.41350043191981     
   4.22918124604762       -4.46359626699368     
   4.27918124604763       -4.51354097931164     
   4.32918124604763       -4.56358997327054     
   4.37918124604762       -4.61359368929655     
   4.42918124604762       -4.66360158864523     
   4.47918124604762       -4.71358137183694     
   4.52918124604763       -4.76361877496927     
   4.57918124604763       -4.81361473068992     
 zone T = "ep =   0.100000000000000      ",
   1.07918124604762       -1.46020124080197     
   1.12918124604762       -1.52836001879033     
   1.17918124604762       -1.57169993410032     
   1.22918124604762       -1.59797749789796     
   1.27918124604762       -1.61341115688879     
   1.32918124604762       -1.62238746501781     
   1.37918124604762       -1.62776241087471     
   1.42918124604762       -1.70415177416957     
   1.47918124604762       -1.74464944060038     
   1.52918124604762       -1.76101493088153     
   1.57918124604762       -1.80657158230917     
   1.62918124604762       -1.85951303482014     
   1.67918124604762       -1.87353136855920     
   1.72918124604763       -1.94665396933094     
   1.77918124604762       -1.96698392823254     
   1.82918124604762       -2.03544795358646     
   1.87918124604762       -2.08255474277425     
   1.92918124604762       -2.11939706921405     
   1.97918124604762       -2.16695240949729     
   2.02918124604762       -2.21889227204925     
   2.07918124604762       -2.21308372189587     
   2.12918124604762       -2.32544753075305     
   2.17918124604762       -2.37856746487416     
   2.22918124604762       -2.42323868237155     
   2.27918124604762       -2.47428078935551     
   2.32918124604762       -2.52639772244659     
   2.37918124604762       -2.57309949198555     
   2.42918124604762       -2.62948850173440     
   2.47918124604762       -2.67644324284767     
   2.52918124604762       -2.72809755620676     
   2.57918124604762       -2.78021806286623     
   2.62918124604762       -2.83079484859376     
   2.67918124604762       -2.87942385178131     
   2.72918124604762       -2.93081185268523     
   2.77918124604762       -2.97956920541905     
   2.82918124604762       -3.03082558584523     
   2.87918124604762       -3.08011350653274     
   2.92918124604762       -3.13114561787538     
   2.97918124604762       -3.18207303200113     
   3.02918124604762       -3.23120008238476     
   3.07918124604762       -3.28070045552471     
   3.12918124604762       -3.33194203919521     
   3.17918124604762       -3.38174459517730     
   3.22918124604762       -3.43236517753242     
   3.27918124604762       -3.48272709312900     
   3.32918124604762       -3.53239272653851     
   3.37918124604762       -3.58285924244479     
   3.42918124604762       -3.63250410155355     
   3.47918124604762       -3.68271227695529     
   3.52918124604762       -3.73274301259136     
   3.57918124604763       -3.78290008164305     
   3.62918124604762       -3.83290732902689     
   3.67918124604762       -3.88286640768216     
   3.72918124604763       -3.93310471171822     
   3.77918124604762       -3.98305096201651     
   3.82918124604762       -4.03317532391787     
   3.87918124604762       -4.08300345078299     
   3.92918124604762       -4.13305623522677     
   3.97918124604762       -4.18323673333681     
   4.02918124604763       -4.23322981126843     
   4.07918124604763       -4.28312173723736     
   4.12918124604762       -4.33316273347985     
   4.17918124604762       -4.38321560145447     
   4.22918124604762       -4.43332110758249     
   4.27918124604763       -4.48326455897670     
   4.32918124604763       -4.53331933689825     
   4.37918124604762       -4.58332540092933     
   4.42918124604762       -4.63333571515527     
   4.47918124604762       -4.68331573739202     
   4.52918124604763       -4.73335725071112     
   4.57918124604763       -4.78335424201522     
 zone T = "ep =   7.943282347242814E-002 ",
   1.07918124604762       -1.46575413113103     
   1.12918124604762       -1.53545594405409     
   1.17918124604762       -1.57766674674697     
   1.22918124604762       -1.60146505084895     
   1.27918124604762       -1.61389232362022     
   1.32918124604762       -1.61973469426427     
   1.37918124604762       -1.62203212297679     
   1.42918124604762       -1.69950878770460     
   1.47918124604762       -1.73731934271556     
   1.52918124604762       -1.74951731195003     
   1.57918124604762       -1.79341696051441     
   1.62918124604762       -1.84415264976077     
   1.67918124604762       -1.85410228497382     
   1.72918124604763       -1.92671197688745     
   1.77918124604762       -1.94372204313941     
   1.82918124604762       -2.01162688571966     
   1.87918124604762       -2.05747518118937     
   1.92918124604762       -2.09262501563054     
   1.97918124604762       -2.13921604827985     
   2.02918124604762       -2.19066247985694     
   2.07918124604762       -2.18193377616633     
   2.12918124604762       -2.29688459640192     
   2.17918124604762       -2.34994264480021     
   2.22918124604762       -2.39425774621460     
   2.27918124604762       -2.44528309778472     
   2.32918124604762       -2.49751757451315     
   2.37918124604762       -2.54408351539337     
   2.42918124604762       -2.60088839300276     
   2.47918124604762       -2.64774726748358     
   2.52918124604762       -2.69957487560122     
   2.57918124604762       -2.75189480797547     
   2.62918124604762       -2.80259402587008     
   2.67918124604762       -2.85122509930059     
   2.72918124604762       -2.90277687058961     
   2.77918124604762       -2.95154058917294     
   2.82918124604762       -3.00294419656521     
   2.87918124604762       -3.05225633410745     
   2.92918124604762       -3.10341162837272     
   2.97918124604762       -3.15445399439184     
   3.02918124604762       -3.20358062467170     
   3.07918124604762       -3.25309784513838     
   3.12918124604762       -3.30445963841342     
   3.17918124604762       -3.35428905972514     
   3.22918124604762       -3.40498429494140     
   3.27918124604762       -3.45540093148469     
   3.32918124604762       -3.50507477508194     
   3.37918124604762       -3.55559682062274     
   3.42918124604762       -3.60524300628127     
   3.47918124604762       -3.65548556130136     
   3.52918124604762       -3.70553714155078     
   3.57918124604763       -3.75572123773905     
   3.62918124604762       -3.80574415692680     
   3.67918124604762       -3.85571438911883     
   3.72918124604763       -3.90597994963481     
   3.77918124604762       -3.95593379397887     
   3.82918124604762       -4.00607581376755     
   3.87918124604762       -4.05590180573084     
   3.92918124604762       -4.10596575254007     
   3.97918124604762       -4.15616468519571     
   4.02918124604763       -4.20616356667407     
   4.07918124604763       -4.25605420458163     
   4.12918124604762       -4.30610277478949     
   4.17918124604762       -4.35616343480952     
   4.22918124604762       -4.40627960402696     
   4.27918124604763       -4.45622299741015     
   4.32918124604763       -4.50628441187992     
   4.37918124604762       -4.55629367445785     
   4.42918124604762       -4.60630715200001     
   4.47918124604762       -4.65628814213412     
   4.52918124604763       -4.70633429191242     
   4.57918124604763       -4.75633287173870     
 zone T = "ep =   6.309573444801933E-002 ",
   1.07918124604762       -1.47206690030076     
   1.12918124604762       -1.54319144856543     
   1.17918124604762       -1.58437493874072     
   1.22918124604762       -1.60617503598788     
   1.27918124604762       -1.61636263056635     
   1.32918124604762       -1.61996514160029     
   1.37918124604762       -1.62006538798146     
   1.42918124604762       -1.69954599982554     
   1.47918124604762       -1.73539144918664     
   1.52918124604762       -1.74391185021189     
   1.57918124604762       -1.78663634437684     
   1.62918124604762       -1.83539055187816     
   1.67918124604762       -1.84110594470073     
   1.72918124604763       -1.91315784963167     
   1.77918124604762       -1.92643129026074     
   1.82918124604762       -1.99343658771485     
   1.87918124604762       -2.03759246940519     
   1.92918124604762       -2.07060979169857     
   1.97918124604762       -2.11583715341254     
   2.02918124604762       -2.16643515073259     
   2.07918124604762       -2.15464915031972     
   2.12918124604762       -2.27176305126246     
   2.17918124604762       -2.32455100904838     
   2.22918124604762       -2.36838634327448     
   2.27918124604762       -2.41928290204019     
   2.32918124604762       -2.47155225873333     
   2.37918124604762       -2.51795086247706     
   2.42918124604762       -2.57511582581121     
   2.47918124604762       -2.62188155395850     
   2.52918124604762       -2.67387479330868     
   2.57918124604762       -2.72639223420351     
   2.62918124604762       -2.77722524593499     
   2.67918124604762       -2.82588150823281     
   2.72918124604762       -2.87761061807219     
   2.77918124604762       -2.92640655469684     
   2.82918124604762       -2.97797294958782     
   2.87918124604762       -3.02733252251575     
   2.92918124604762       -3.07862654750977     
   2.97918124604762       -3.12979918400799     
   3.02918124604762       -3.17894639593635     
   3.07918124604762       -3.22849873820461     
   3.12918124604762       -3.27999149034894     
   3.17918124604762       -3.32986251418691     
   3.22918124604762       -3.38064313554846     
   3.27918124604762       -3.43112501057926     
   3.32918124604762       -3.48081893103675     
   3.37918124604762       -3.53140466042628     
   3.42918124604762       -3.58106217385559     
   3.47918124604762       -3.63134637983805     
   3.52918124604762       -3.68142587173685     
   3.57918124604763       -3.73164295125044     
   3.62918124604762       -3.78168732849137     
   3.67918124604762       -3.83167407406637     
   3.72918124604763       -3.88197081170603     
   3.77918124604762       -3.93193663125463     
   3.82918124604762       -3.98209968270825     
   3.87918124604762       -4.03192745944224     
   3.92918124604762       -4.08200542271445     
   3.97918124604762       -4.13222492614295     
   4.02918124604763       -4.18223205117229     
   4.07918124604763       -4.23212389993518     
   4.12918124604762       -4.28218184712229     
   4.17918124604762       -4.33225185960739     
   4.22918124604762       -4.38237990537740     
   4.27918124604763       -4.43232479230281     
   4.32918124604763       -4.48239390242140     
   4.37918124604762       -4.53240744141737     
   4.42918124604762       -4.58242502895510     
   4.47918124604762       -4.63240792183416     
   4.52918124604763       -4.68245935927740     
   4.57918124604763       -4.73246023190543     
 zone T = "ep =   5.011872336272723E-002 ",
   1.07918124604762       -1.47859951742327     
   1.12918124604762       -1.55075284786051     
   1.17918124604762       -1.59080425765012     
   1.22918124604762       -1.61089494904753     
   1.27918124604762       -1.61940167109609     
   1.32918124604762       -1.62147441523724     
   1.37918124604762       -1.62015575345096     
   1.42918124604762       -1.70231951942150     
   1.47918124604762       -1.73699548796200     
   1.52918124604762       -1.74262910865052     
   1.57918124604762       -1.78498447166824     
   1.62918124604762       -1.83238553526640     
   1.67918124604762       -1.83411563392907     
   1.72918124604763       -1.90596092978020     
   1.77918124604762       -1.91534503801167     
   1.82918124604762       -1.98136193262819     
   1.87918124604762       -2.02350887385371     
   1.92918124604762       -2.05396715133071     
   1.97918124604762       -2.09740629327807     
   2.02918124604762       -2.14673971396137     
   2.07918124604762       -2.13160435464879     
   2.12918124604762       -2.25042924620115     
   2.17918124604762       -2.30264244734203     
   2.22918124604762       -2.34578132724055     
   2.27918124604762       -2.39635989436699     
   2.32918124604762       -2.44851573189305     
   2.37918124604762       -2.49466382733021     
   2.42918124604762       -2.55208816613209     
   2.47918124604762       -2.59873362643516     
   2.52918124604762       -2.65086015722509     
   2.57918124604762       -2.70355474098104     
   2.62918124604762       -2.75452054846975     
   2.67918124604762       -2.80321873355460     
   2.72918124604762       -2.85513286039538     
   2.77918124604762       -2.90398563348916     
   2.82918124604762       -2.95572860363553     
   2.87918124604762       -3.00516010855498     
   2.92918124604762       -3.05660892570537     
   2.97918124604762       -3.10792823420475     
   3.02918124604762       -3.15712015328611     
   3.07918124604762       -3.20672886158471     
   3.12918124604762       -3.25836474925749     
   3.17918124604762       -3.30829486875590     
   3.22918124604762       -3.35917353202175     
   3.27918124604762       -3.40973323552724     
   3.32918124604762       -3.45946165994492     
   3.37918124604762       -3.51012092902050     
   3.42918124604762       -3.55980204951013     
   3.47918124604762       -3.61013680739353     
   3.52918124604762       -3.66025292209136     
   3.57918124604763       -3.71051032875729     
   3.62918124604762       -3.76058333672754     
