 zone T = "ep =    1.0000000000000000      ",
  0.77815125038364363       -8.2564019316645325     
  0.82815125038364368       -5.6753699110593159     
  0.87815125038364372       -4.9199760557412304     
  0.92815125038364366       -4.5382703570067484     
  0.97815125038364359       -4.3084116735215776     
   1.0281512503836436       -4.1603731349437050     
   1.0781512503836437       -4.0628462705432469     
   1.1281512503836437       -4.2081087177147269     
   1.1781512503836435       -4.2913666005168309     
   1.2281512503836436       -4.2813199549132577     
   1.2781512503836436       -4.3230230184035019     
   1.3281512503836437       -4.4354157165017556     
   1.3781512503836437       -4.4300619648917730     
   1.4281512503836438       -4.5640085676158293     
   1.4781512503836436       -4.5839975367506840     
   1.5281512503836436       -4.7129063806101126     
   1.5781512503836437       -4.7817955471748581     
   1.6281512503836435       -4.8443712826282272     
   1.6781512503836438       -4.9330446142070992     
   1.7281512503836436       -5.0252853175268211     
   1.7781512503836436       -5.0434008771687520     
   1.8281512503836437       -5.2095936620702261     
   1.8781512503836437       -5.3099457333137892     
   1.9281512503836435       -5.3892211618235093     
   1.9781512503836436       -5.4872940043511846     
   2.0281512503836439       -5.5836233613680477     
   2.0781512503836437       -5.6710638910141551     
   2.1281512503836435       -5.7737804213659478     
   2.1781512503836438       -5.8637901338623859     
   2.2281512503836436       -5.9616852272971803     
   2.2781512503836439       -6.0624958877313109     
   2.3281512503836437       -6.1589841796704761     
   2.3781512503836439       -6.2545510841183924     
   2.4281512503836433       -6.3534117352682689     
   2.4781512503836436       -6.4479427298181893     
   2.5281512503836434       -6.5473851655629884     
   2.5781512503836437       -6.6444735981469378     
   2.6281512503836435       -6.7448690271090417     
   2.6781512503836438       -6.8439590642971080     
   2.7281512503836436       -6.9410810300724197     
   2.7781512503836434       -7.0393494585109790     
   2.8281512503836432       -7.1396441503053838     
   2.8781512503836435       -7.2387715284301644     
   2.9281512503836433       -7.3383061549317636     
   2.9781512503836440       -7.4381691909045156     
   3.0281512503836434       -7.5371302568330352     
   3.0781512503836437       -7.6369693458583079     
   3.1281512503836435       -7.7359770088466826     
   3.1781512503836433       -7.8355030733970708     
   3.2281512503836436       -7.9352925135280499     
   3.2781512503836439       -8.0348940275154757     
   3.3281512503836437       -8.1347058620929413     
   3.3781512503836435       -8.2341734692525996     
   3.4281512503836438       -8.3343176044577785     
   3.4781512503836436       -8.4338639103427511     
   3.5281512503836434       -8.5338178693904787     
   3.5781512503836437       -8.6334275605887960     
   3.6281512503836439       -8.7333137101447491     
   3.6781512503836433       -8.8333449016178900     
   3.7281512503836436       -8.9331828373659441     
   3.7781512503836439       -9.0329334252179638     
   3.8281512503836432       -9.1328662059874421     
   3.8781512503836435       -9.2328521607801317     
   3.9281512503836438       -9.3328924206665302     
   3.9781512503836440       -9.4327411450340026     
   4.0281512503836439       -9.5327114090666054     
   4.0781512503836437       -9.6326541020685958     
   4.1281512503836435       -9.7326351625338479     
   4.1781512503836433       -9.8325519738327198     
   4.2281512503836440       -9.9325460530080800     
   4.2781512503836439       -10.032497144129165     
 zone T = "ep =   0.79432823472428149      ",
  0.77815125038364363       -8.1833740066536738     
  0.82815125038364368       -5.4900217205420008     
  0.87815125038364372       -4.7475982612100793     
  0.92815125038364366       -4.3776462266713905     
  0.97815125038364359       -4.1582239567915060     
   1.0281512503836436       -4.0193914528441121     
   1.0781512503836437       -3.9299573777812928     
   1.1281512503836437       -4.0701048582203763     
   1.1781512503836435       -4.1467920150521680     
   1.2281512503836436       -4.1354823506776848     
   1.2781512503836436       -4.1778038328300298     
   1.3281512503836437       -4.2855460016087044     
   1.3781512503836437       -4.2802372978049439     
   1.4281512503836438       -4.4109341103456599     
   1.4781512503836436       -4.4303405146182602     
   1.5281512503836436       -4.5562739253566162     
   1.5781512503836437       -4.6242769548479083     
   1.6281512503836435       -4.6857606621175547     
   1.6781512503836438       -4.7729439106752531     
   1.7281512503836436       -4.8639258479365202     
   1.7781512503836436       -4.8819094852793885     
   1.8281512503836437       -5.0462807578885913     
   1.8781512503836437       -5.1455533821832455     
   1.9281512503836435       -5.2243134773209023     
   1.9781512503836436       -5.3215514888436299     
   2.0281512503836439       -5.4172234983887755     
   2.0781512503836437       -5.5042340215820058     
   2.1281512503836435       -5.6063469628990674     
   2.1781512503836438       -5.6959911549957418     
   2.2281512503836436       -5.7934547228158442     
   2.2781512503836439       -5.8938268078587255     
   2.3281512503836437       -5.9900035404064118     
   2.3781512503836439       -6.0853000095531664     
   2.4281512503836433       -6.1838844546182976     
   2.4781512503836436       -6.2782386017199237     
   2.5281512503836434       -6.3774533883902231     
   2.5781512503836437       -6.4743740154778848     
   2.6281512503836435       -6.5745725549283449     
   2.6781512503836438       -6.6735104784133492     
   2.7281512503836436       -6.7705259442878480     
   2.7781512503836434       -6.8686861852294330     
   2.8281512503836432       -6.9688574060742887     
   2.8781512503836435       -7.0678905454834196     
   2.9281512503836433       -7.1673379073822980     
   2.9781512503836440       -7.2671180401834503     
   3.0281512503836434       -7.3660188546479226     
   3.0781512503836437       -7.4657932419469111     
   3.1281512503836435       -7.5647555820944401     
   3.1781512503836433       -7.6642354247355362     
   3.2281512503836436       -7.7639800704450552     
   3.2781512503836439       -7.8635451374300551     
   3.3281512503836437       -7.9633217033769110     
   3.3781512503836435       -8.0627635402248607     
   3.4281512503836438       -8.1628752806692066     
   3.4781512503836436       -8.2624015432607507     
   3.5281512503836434       -8.3623322068311818     
   3.5781512503836437       -8.4619263513315097     
   3.6281512503836439       -8.5617951524022633     
   3.6781512503836433       -8.6618089061018857     
   3.7281512503836436       -8.7616341301898881     
   3.7781512503836439       -8.8613749557468608     
   3.8281512503836432       -8.9612967148325744     
   3.8781512503836435       -9.0612721523213793     
   3.9281512503836438       -9.1613022531188033     
   3.9781512503836440       -9.2611447239884850     
   4.0281512503836439       -9.3611078430286856     
   4.0781512503836437       -9.4610446257056520     
   4.1281512503836435       -9.5610199338550093     
   4.1781512503836433       -9.6609326081848206     
   4.2281512503836440       -9.7609219872722157     
   4.2781512503836439       -9.8608695272657716     
 zone T = "ep =   0.63095734448019325      ",
  0.77815125038364363       -8.1274162472163933     
  0.82815125038364368       -5.3081666233028866     
  0.87815125038364372       -4.5815535818170243     
  0.92815125038364366       -4.2255818196556589     
  0.97815125038364359       -4.0183413430044492     
   1.0281512503836436       -3.8900804876119226     
   1.0781512503836437       -3.8098084000518835     
   1.1281512503836437       -3.9440126669664561     
   1.1781512503836435       -4.0130386596544430     
   1.2281512503836436       -4.0004706187967960     
   1.2781512503836436       -4.0435756758056316     
   1.3281512503836437       -4.1458230593345116     
   1.3781512503836437       -4.1405507901448662     
   1.4281512503836438       -4.2674532237749050     
   1.4781512503836436       -4.2860840271857068     
   1.5281512503836436       -4.4085232492178630     
   1.5781512503836437       -4.4754394479365560     
   1.6281512503836435       -4.5355408611129890     
   1.6781512503836438       -4.6209067948185112     
   1.7281512503836436       -4.7103563779580471     
   1.7781512503836436       -4.7279905393330539     
   1.8281512503836437       -4.8903170224145640     
   1.8781512503836437       -4.9882797724048640     
   1.9281512503836435       -5.0663547151818893     
   1.9781512503836436       -5.1625681755480128     
   2.0281512503836439       -5.2574267626850935     
   2.0781512503836437       -5.3438721116675545     
   2.1281512503836435       -5.4452549675722750     
   2.1781512503836438       -5.5344178497493548     
   2.2281512503836436       -5.6313441537033704     
   2.2781512503836439       -5.7311791265902086     
   2.3281512503836437       -5.8269602699295868     
   2.3781512503836439       -5.9219078966790617     
   2.4281512503836433       -6.0201475403322036     
   2.4781512503836436       -6.1142642425755138     
   2.5281512503836434       -6.2131956114830968     
   2.5781512503836437       -6.3098983487242144     
   2.6281512503836435       -6.4098544829412383     
   2.6781512503836438       -6.5086007869194447     
   2.7281512503836436       -6.6054740018222402     
   2.7781512503836434       -6.7034938982940151     
   2.8281512503836432       -6.8035130212505726     
   2.8781512503836435       -6.9024260712499208     
   2.9281512503836433       -7.0017634485361500     
   2.9781512503836440       -7.1014401491241372     
   3.0281512503836434       -7.2002623730331266     
   3.0781512503836437       -7.2999558069178105     
   3.1281512503836435       -7.3988582333577231     
   3.1781512503836433       -7.4982789177346829     
   3.2281512503836436       -7.5979671191061975     
   3.2781512503836439       -7.6974854312074017     
   3.3281512503836437       -7.7972174618604546     
   3.3781512503836435       -7.8966253174662890     
   3.4281512503836438       -7.9966972974818500     
   3.4781512503836436       -8.0961969791486261     
   3.5281512503836434       -8.1960985002965341     
   3.5781512503836437       -8.2956718819316375     
   3.6281512503836439       -8.3955186870894263     
   3.6781512503836433       -8.4955108619185822     
   3.7281512503836436       -8.5953196794875133     
   3.7781512503836439       -8.6950474480203113     
   3.8281512503836432       -8.7949552487038627     
   3.8781512503836435       -8.8949175494959860     
   3.9281512503836438       -8.9949351577775989     
   3.9781512503836440       -9.0947692937153661     
   4.0281512503836439       -9.1947234157545097     
   4.0781512503836437       -9.2946526353599754     
   4.1281512503836435       -9.3946207151480046     
   4.1781512503836433       -9.4945279446655633     
   4.2281512503836440       -9.5945114504826634     
   4.2781512503836439       -9.6944544004402076     
 zone T = "ep =   0.50118723362727235      ",
  0.77815125038364363       -8.0886844462172078     
  0.82815125038364368       -5.1305899152854328     
  0.87815125038364372       -4.4230733067811956     
  0.92815125038364366       -4.0835233704615721     
  0.97815125038364359       -3.8902815058772098     
   1.0281512503836436       -3.7739435913935999     
   1.0781512503836437       -3.7038399255330781     
   1.1281512503836437       -3.8312047186123821     
   1.1781512503836435       -3.8914095272994045     
   1.2281512503836436       -3.8776776576381522     
   1.2781512503836436       -3.9217561489354114     
   1.3281512503836437       -4.0175776581997340     
   1.3781512503836437       -4.0123316699627836     
   1.4281512503836438       -4.1348612301929943     
   1.4781512503836436       -4.1524783858844909     
   1.5281512503836436       -4.2708650933795687     
   1.5781512503836437       -4.3364655746275442     
   1.6281512503836435       -4.3948341061130769     
   1.6781512503836438       -4.4780034872399144     
   1.7281512503836436       -4.5656045131029641     
   1.7781512503836436       -4.5825702157678396     
   1.8281512503836437       -4.7426553912589942     
   1.8781512503836437       -4.8390406212803514     
   1.9281512503836435       -4.9162142499388350     
   1.9781512503836436       -5.0111781636692259     
   2.0281512503836439       -5.1050360481350259     
   2.0781512503836437       -5.1907442054627770     
   2.1281512503836435       -5.2912494656294280     
   2.1781512503836438       -5.3797828610068770     
   2.2281512503836436       -5.4760430538608587     
   2.2781512503836439       -5.5752230603253556     
   2.3281512503836437       -5.6705037682327797     
   2.3781512503836439       -5.7650031899553644     
   2.4281512503836433       -5.8628136913389657     
   2.4781512503836436       -5.9566138485640909     
   2.5281512503836434       -6.0551932870096596     
   2.5781512503836437       -6.1516140894570857     
   2.6281512503836435       -6.2512725340409272     
   2.6781512503836438       -6.3497779444051856     
   2.7281512503836436       -6.4464622124695197     
   2.7781512503836434       -6.5443005663477862     
   2.8281512503836432       -6.6441326982320748     
   2.8781512503836435       -6.7428929882477053     
   2.9281512503836433       -6.8420919479788047     
   2.9781512503836440       -6.9416397821510385     
   3.0281512503836434       -7.0403597747169995     
   3.0781512503836437       -7.1399520445579583     
   3.1281512503836435       -7.2387755658452004     
   3.1781512503836433       -7.3381206479009373     
   3.2281512503836436       -7.4377378012637800     
   3.2781512503836439       -7.5371962247567375     
   3.3281512503836437       -7.6368720754159183     
   3.3781512503836435       -7.7362352702662225     
   3.4281512503836438       -7.8362585175661108     
   3.4781512503836436       -7.9357230817638147     
   3.5281512503836434       -8.0355881769522313     
   3.5781512503836437       -8.1351339547370944     
   3.6281512503836439       -8.2349528961068383     
   3.6781512503836433       -8.3349183940591605     
   3.7281512503836436       -8.4347060696965563     
   3.7781512503836439       -8.5344164548485981     
   3.8281512503836432       -8.6343065917676025     
   3.8781512503836435       -8.7342524956866416     
   3.9281512503836438       -8.8342547584918130     
   3.9781512503836440       -8.9340778332077910     
   4.0281512503836439       -9.0340206315603844     
   4.0781512503836437       -9.1339401821860751     
   4.1281512503836435       -9.2338991890109234     
   4.1781512503836433       -9.3337992645205841     
   4.2281512503836440       -9.4337754382474674     
   4.2781512503836439       -9.5337124633559913     
 zone T = "ep =   0.39810717055349726      ",
  0.77815125038364363       -8.0668851155524628     
  0.82815125038364368       -4.9582218887221270     
  0.87815125038364372       -4.2735237109539366     
  0.92815125038364366       -3.9529829761913033     
  0.97815125038364359       -3.7755418122436959     
   1.0281512503836436       -3.6723806380354387     
   1.0781512503836437       -3.6133166132619885     
   1.1281512503836437       -3.7328702997779271     
   1.1781512503836435       -3.7830564424139461     
   1.2281512503836436       -3.7683727542548615     
   1.2781512503836436       -3.8136277894503401     
   1.3281512503836437       -3.9020122392453414     
   1.3781512503836437       -3.8967908428681963     
   1.4281512503836438       -4.0143446862850798     
   1.4781512503836436       -4.0306729788722766     
   1.5281512503836436       -4.1444188639388013     
   1.5781512503836437       -4.2084544993090951     
   1.6281512503836435       -4.2646810850378962     
   1.6781512503836438       -4.3452246159814978     
   1.7281512503836436       -4.4306200406207648     
   1.7781512503836436       -4.4464810118741944     
   1.8281512503836437       -4.6041722410902253     
   1.8781512503836437       -4.6986736936542428     
   1.9281512503836435       -4.7746798190937554     
   1.9781512503836436       -4.8681310480087516     
   2.0281512503836439       -4.9607669219823682     
   2.0781512503836437       -5.0455245604680066     
   2.1281512503836435       -5.1449816022177286     
   2.1781512503836438       -5.2327002557295730     
   2.2281512503836436       -5.3281390282533359     
   2.2781512503836439       -5.4265238784196352     
   2.3281512503836437       -5.5211750500333032     
   2.3781512503836439       -5.6151022674594753     
   2.4281512503836433       -5.7123806916278017     
   2.4781512503836436       -5.8057632956229535     
   2.5281512503836434       -5.9039070660814295     
   2.5781512503836437       -5.9999651933193592     
   2.6281512503836435       -6.0992588521498394     
   2.6781512503836438       -6.1974622997351219     
   2.7281512503836436       -6.2938977494093669     
   2.7781512503836434       -6.3915024231107154     
   2.8281512503836432       -6.4911049909584602     
   2.8781512503836435       -6.5896715384822935     
   2.9281512503836433       -6.6886966575774451     
   2.9781512503836440       -6.7880841601536108     
   3.0281512503836434       -6.8866718119712989     
   3.0781512503836437       -6.9861378282654334     
   3.1281512503836435       -7.0848580817686075     
   3.1781512503836433       -7.1841068087370878     
   3.2281512503836436       -7.2836346643566188     
   3.2781512503836439       -7.3830165897839262     
   3.3281512503836437       -7.4826216769466640     
   3.3781512503836435       -7.5819265059026320     
   3.4281512503836438       -7.6818900377175243     
   3.4781512503836436       -7.7813084973462470     
   3.5281512503836434       -7.8811280986300369     
   3.5781512503836437       -7.9806374391176940     
   3.6281512503836439       -8.0804211389892799     
   3.6781512503836433       -8.1803536652082762     
   3.7281512503836436       -8.2801141782949657     
   3.7781512503836439       -8.3798015878591254     
   3.8281512503836432       -8.4796694039227223     
   3.8781512503836435       -8.5795948526794987     
   3.9281512503836438       -8.6795782655618652     
   3.9781512503836440       -8.7793867583136009     
   4.0281512503836439       -8.8793153175555517     
   4.0781512503836437       -8.9792225340651211     
   4.1281512503836435       -9.0791701580650752     
   4.1781512503836433       -9.1790608835523617     
   4.2281512503836440       -9.2790279120497345     
   4.2781512503836439       -9.3789573021167953     
 zone T = "ep =   0.31622776601683794      ",
  0.77815125038364363       -8.0613053436090372     
  0.82815125038364368       -4.7921453576544133     
  0.87815125038364372       -4.1343741128610283     
  0.92815125038364366       -3.8354689656438588     
  0.97815125038364359       -3.6755061973115151     
   1.0281512503836436       -3.5865848250749295     
   1.0781512503836437       -3.5392235173123177     
   1.1281512503836437       -3.6498925292290099     
   1.1781512503836435       -3.6888725399018480     
   1.2281512503836436       -3.6735939120592405     
   1.2781512503836436       -3.7202192643719605     
   1.3281512503836437       -3.8000824674533051     
   1.3781512503836437       -3.7949155301780015     
   1.4281512503836438       -3.9068691959534627     
   1.4781512503836436       -3.9216212746974923     
   1.5281512503836436       -4.0301148234487645     
   1.5781512503836437       -4.0923322287453736     
   1.6281512503836435       -4.1459618003756811     
   1.6781512503836438       -4.2234071446191708     
   1.7281512503836436       -4.3062048936963411     
   1.7781512503836436       -4.3204055765647240     
   1.8281512503836437       -4.4756047887122890     
   1.8781512503836437       -4.5678775413630097     
   1.9281512503836435       -4.6424018894691432     
   1.9781512503836436       -4.7340375541512749     
   2.0281512503836439       -4.8251947268193289     
   2.0781512503836437       -4.9087456848366573     
   2.1281512503836435       -5.0069585400422589     
   2.1781512503836438       -5.0936373794413718     
   2.2281512503836436       -5.1880699577874605     
   2.2781512503836439       -5.2854937445207479     
   2.3281512503836437       -5.3793589989536459     
   2.3781512503836439       -5.4725621459795315     
   2.4281512503836433       -5.5691839614986911     
   2.4781512503836436       -5.6620232990503521     
   2.5281512503836434       -5.7596296441878119     
   2.5781512503836437       -5.8552250228850760     
   2.6281512503836435       -5.9540724442193822     
   2.6781512503836438       -6.0518988071102484     
   2.7281512503836436       -6.1480102887107773     
   2.7781512503836434       -6.2453162455046005     
   2.8281512503836432       -6.3446371824976211     
   2.8781512503836435       -6.4429590267722245     
   2.9281512503836433       -6.5417663983728440     
   2.9781512503836440       -6.6409546891870308     
   3.0281512503836434       -6.7393721827532653     
   3.0781512503836437       -6.8386808499760230     
   3.1281512503836435       -6.9372670933322365     
   3.1781512503836433       -7.0363934923483109     
   3.2281512503836436       -7.1358093193009342     
   3.2781512503836439       -7.2350939217487600     
   3.3281512503836437       -7.3346100482877956     
   3.3781512503836435       -7.4338391878668091     
   3.4281512503836438       -7.5337294600737117     
   3.4781512503836436       -7.6330879011060979     
   3.5281512503836434       -7.7328507176709653     
   3.5781512503836437       -7.8323124124282604     
   3.6281512503836439       -7.9320516336227564     
   3.6781512503836433       -8.0319433815380386     
   3.7281512503836436       -8.1316691501487171     
   3.7781512503836439       -8.2313264819585363     
   3.8281512503836432       -8.3311661434277315     
   3.8781512503836435       -8.4310660797800701     
   3.9281512503836438       -8.5310263058215980     
   3.9781512503836440       -8.6308157452621206     
   4.0281512503836439       -8.7307264201008064     
   4.0781512503836437       -8.8306179509827381     
   4.1281512503836435       -8.9305513065105515     
   4.1781512503836433       -9.0304298969586387     
   4.2281512503836440       -9.1303855167734920     
   4.2781512503836439       -9.2303051153076066     
 zone T = "ep =   0.25118864315095801      ",
  0.77815125038364363       -8.0708822139222480     
  0.82815125038364368       -4.6335939481010247     
  0.87815125038364372       -4.0071436132437155     
  0.92815125038364366       -3.7323960897307229     
  0.97815125038364359       -3.5913414543467637     
   1.0281512503836436       -3.5174411140230868     
   1.0781512503836437       -3.4821756373012480     
   1.1281512503836437       -3.5827281786552785     
   1.1781512503836435       -3.6093974315347941     
   1.2281512503836436       -3.5940519440306664     
   1.2781512503836436       -3.6421959120446030     
   1.3281512503836437       -3.7123887696034696     
   1.3781512503836437       -3.7073802405745830     
   1.4281512503836438       -3.8130763937429628     
   1.4781512503836436       -3.8260022500551085     
   1.5281512503836436       -3.9286079165771293     
   1.5781512503836437       -3.9887743733749654     
   1.6281512503836435       -4.0393325885742621     
   1.6781512503836438       -4.1131771150971153     
   1.7281512503836436       -4.1929603114136107     
   1.7781512503836436       -4.2048456633748268     
   1.8281512503836437       -4.3575069979184464     
   1.8781512503836437       -4.4471688489741759     
   1.9281512503836435       -4.5198589830768396     
   1.9781512503836436       -4.6093366005527656     
   2.0281512503836439       -4.6987237475558734     
   2.0781512503836437       -4.7807718436308884     
   2.1281512503836435       -4.8775168823271153     
   2.1781512503836438       -4.9628912901157340     
   2.2281512503836436       -5.0561011386139549     
   2.2781512503836439       -5.1523685574486127     
   2.3281512503836437       -5.2452620042812921     
   2.3781512503836439       -5.3375589579128100     
   2.4281512503836433       -5.4333750011758886     
   2.4781512503836436       -5.5255188689687076     
   2.5281512503836434       -5.6224649252983356     
   2.5781512503836437       -5.7174757734274690     
   2.6281512503836435       -5.8157780265921941     
   2.6781512503836438       -5.9131356505174866     
   2.7281512503836436       -6.0088308912978334     
   2.7781512503836434       -6.1057582201870177     
   2.8281512503836432       -6.2047336638200949     
   2.8781512503836435       -6.3027480118282213     
   2.9281512503836433       -6.4012834997264525     
   2.9781512503836440       -6.5002245850844966     
   3.0281512503836434       -6.5984250864820346     
   3.0781512503836437       -6.6975379207827448     
   3.1281512503836435       -6.7959519930406493     
   3.1781512503836433       -6.8949238281711631     
   3.2281512503836436       -6.9941994018741740     
   3.2781512503836439       -7.0933607930904632     
   3.3281512503836437       -7.1927653302493759     
   3.3781512503836435       -7.2918972065826528     
   3.4281512503836438       -7.3916973732918407     
   3.4781512503836436       -7.4909784500361951     
   3.5281512503836434       -7.5906704168669057     
   3.5781512503836437       -7.6900704817032555     
   3.6281512503836439       -7.7897537052118597     
   3.6781512503836433       -7.8895949425527290     
   3.7281512503836436       -7.9892765032571438     
   3.7781512503836439       -8.0888948867848320     
   3.8281512503836432       -8.1886991122342643     
   3.8781512503836435       -8.2885672234162158     
   3.9281512503836438       -8.3884988502585838     
   3.9781512503836440       -8.4882636488911842     
   4.0281512503836439       -8.5881518859954689     
   4.0781512503836437       -8.6880235440403819     
   4.1281512503836435       -8.7879390249909424     
   4.1781512503836433       -8.8878019998912841     
   4.2281512503836440       -8.9877433852441015     
   4.2781512503836439       -9.0876504932120952     
 zone T = "ep =   0.19952623149688800      ",
  0.77815125038364363       -8.0942980952039445     
  0.82815125038364368       -4.4839370981470763     
  0.87815125038364372       -3.8933256207261766     
  0.92815125038364366       -3.6449829555031563     
  0.97815125038364359       -3.5238967227518039     
   1.0281512503836436       -3.4654428721813262     
   1.0781512503836437       -3.4423571641493806     
   1.1281512503836437       -3.5313101743083033     
   1.1781512503836435       -3.5447616723097344     
   1.2281512503836436       -3.5300721203356700     
   1.2781512503836436       -3.5797873922505277     
   1.3281512503836437       -3.6391115748430130     
   1.3781512503836437       -3.6345033653692065     
   1.4281512503836438       -3.7332223238466544     
   1.4781512503836436       -3.7441853707156425     
   1.5281512503836436       -3.8402325443149286     
   1.5781512503836437       -3.8981672659100752     
   1.6281512503836435       -3.9452021693820662     
   1.6781512503836438       -4.0149308311005045     
   1.7281512503836436       -4.0912718083187674     
   1.7781512503836436       -4.1001313627512603     
   1.8281512503836437       -4.2502426000154543     
   1.8781512503836437       -4.3368769573568144     
   1.9281512503836435       -4.4073608368493762     
   1.9781512503836436       -4.4943006051632297     
   2.0281512503836439       -4.5815950502050988     
   2.0781512503836437       -4.6618117545783901     
   2.1281512503836435       -4.7568356957149174     
   2.1781512503836438       -4.8406052313793708     
   2.2281512503836436       -4.9323428242171348     
   2.2781512503836439       -5.0272255064966052     
   2.3281512503836437       -5.1189305692966833     
   2.3781512503836439       -5.2101075784294997     
   2.4281512503836433       -5.3049411435052312     
   2.4781512503836436       -5.3962101371020372     
   2.5281512503836434       -5.4923486353220161     
   2.5781512503836437       -5.5866293533799851     
   2.6281512503836435       -5.6842663552610562     
   2.6781512503836438       -5.7810443439230053     
   2.7281512503836436       -5.8762122944927535     
   2.7781512503836434       -5.9726641583319973     
   2.8281512503836432       -6.0712156319415538     
   2.8781512503836435       -6.1688457549753162     
   2.9281512503836433       -6.2670429409981097     
   2.9781512503836440       -6.3656776483086235     
   3.0281512503836434       -6.4636038575532133     
   3.0781512503836437       -6.5624732969705759     
   3.1281512503836435       -6.6606684789965414     
   3.1781512503836433       -6.7594460200155426     
   3.2281512503836436       -6.8585463831693012     
   3.2781512503836439       -6.9575526047092131     
   3.3281512503836437       -7.0568174881308119     
   3.3781512503836435       -7.1558255569926850     
   3.4281512503836438       -7.2555145101864618     
   3.4781512503836436       -7.3546968723434549     
   3.5281512503836434       -7.4543004546415084     
   3.5781512503836437       -7.5536216763084463     
   3.6281512503836439       -7.6532345794126249     
   3.6781512503836433       -7.7530131146024699     
   3.7281512503836436       -7.8526387382376086     
   3.7781512503836439       -7.9522072417757670     
   3.8281512503836432       -8.0519669623336778     
   3.8781512503836435       -8.1517953541539789     
   3.9281512503836438       -8.2516915760917033     
   3.9781512503836440       -8.3514248384504253     
   4.0281512503836439       -8.4512849539214390     
   4.0781512503836437       -8.5511315308637759     
   4.1281512503836435       -8.6510246321235780     
   4.1781512503836433       -8.7508676851423868     
   4.2281512503836440       -8.8507912963674915     
   4.2781512503836439       -8.9506825664510412     
 zone T = "ep =   0.15848931924611132      ",
  0.77815125038364363       -8.1300850189434524     
  0.82815125038364368       -4.3446475409022289     
  0.87815125038364372       -3.7942936190958116     
  0.92815125038364366       -3.5741495634756304     
  0.97815125038364359       -3.4736228638320483     
   1.0281512503836436       -3.4306424419779167     
   1.0781512503836437       -3.4195026452590827     
   1.1281512503836437       -3.4949956059377376     
   1.1781512503836435       -3.4946951783780182     
   1.2281512503836436       -3.4815937118152513     
   1.2781512503836436       -3.5327751634594726     
   1.3281512503836437       -3.5800214838209889     
   1.3781512503836437       -3.5762686805783184     
   1.4281512503836438       -3.6671846172970741     
   1.4781512503836436       -3.6762548472043135     
   1.5281512503836436       -3.7650198645146840     
   1.5781512503836437       -3.8206235584595691     
   1.6281512503836435       -3.8637576794371675     
   1.6781512503836438       -3.9288639700531718     
   1.7281512503836436       -4.0013403184947851     
   1.7781512503836436       -4.0064684719653529     
   1.8281512503836437       -4.1540209570961171     
   1.8781512503836437       -4.2371814490024313     
   1.9281512503836435       -4.3050925072961999     
   1.9781512503836436       -4.3890821120621855     
   2.0281512503836439       -4.4739357332696601     
   2.0781512503836437       -4.5519718228797208     
   2.1281512503836435       -4.6449910074735499     
   2.1781512503836438       -4.7268260838271328     
   2.2281512503836436       -4.8168091244244193     
   2.2781512503836439       -4.9100426667134167     
   2.3281512503836437       -5.0003120476064122     
   2.3781512503836439       -5.0901232857677794     
   2.4281512503836433       -5.1837675788916986     
   2.4781512503836436       -5.2739550714353784     
   2.5281512503836434       -5.3691110111083509     
   2.5781512503836437       -5.4624901604429112     
   2.6281512503836435       -5.5593166613342664     
   2.6781512503836438       -5.6553819339249838     
   2.7281512503836436       -5.7498910023362475     
   2.7781512503836434       -5.8457513283551243     
   2.8281512503836432       -5.9437824784623103     
   2.8781512503836435       -6.0409352534009741     
   2.9281512503836433       -6.1387130145534732     
   2.9781512503836440       -6.2369685306635247     
   3.0281512503836434       -6.3345509293861717     
   3.0781512503836437       -6.4331182908489195     
   3.1281512503836435       -6.5310379005894115     
   3.1781512503836433       -6.6295724088779266     
   3.2281512503836436       -6.7284543459806976     
   3.2781512503836439       -6.8272661180328384     
   3.3281512503836437       -6.9263566009675310     
   3.3781512503836435       -7.0252084376273078     
   3.4281512503836438       -7.1247596190298994     
   3.4781512503836436       -7.2238171803149491     
   3.5281512503836434       -7.3233105039134498     
   3.5781512503836437       -7.4225318575620873     
   3.6281512503836439       -7.5220566545010321     
   3.6781512503836433       -7.6217571691831436     
   3.7281512503836436       -7.7213123701985769     
   3.7781512503836439       -7.8208176210090619     
   3.8281512503836432       -7.9205215501483703     
   3.8781512503836435       -8.0203003347674695     
   3.9281512503836438       -8.1201525537402617     
   3.9781512503836440       -8.2198458272633275     
   4.0281512503836439       -8.3196707227556157     
   4.0781512503836437       -8.4194857549116620     
   4.1281512503836435       -8.5193508413549228     
   4.1781512503836433       -8.6191686757985444     
   4.2281512503836440       -8.7190700724177823     
   4.2781512503836439       -8.8189413628988049     
 zone T = "ep =   0.12589254117941670      ",
  0.77815125038364363       -8.1767229160969634     
  0.82815125038364368       -4.2172478763674475     
  0.87815125038364372       -3.7111971196689257     
  0.92815125038364366       -3.5204313527934645     
  0.97815125038364359       -3.4405271018563139     
   1.0281512503836436       -3.4126457709122899     
   1.0781512503836437       -3.4129240346269940     
   1.1281512503836437       -3.4725826244518889     
   1.1781512503836435       -3.4586093636498401     
   1.2281512503836436       -3.4482296673393633     
   1.2781512503836436       -3.5005434356849237     
   1.3281512503836437       -3.5345738176777282     
   1.3781512503836437       -3.5324044520154794     
   1.4281512503836438       -3.6145416662572805     
   1.4781512503836436       -3.6220819270563793     
   1.5281512503836436       -3.7027732776743720     
   1.5781512503836437       -3.7560430345007951     
   1.6281512503836435       -3.7950268688287321     
   1.6781512503836438       -3.8550339811963017     
   1.7281512503836436       -3.9232442761167166     
   1.7781512503836436       -3.9239993163895286     
   1.8281512503836437       -4.0689585949762082     
   1.8781512503836437       -4.1481758133864375     
   1.9281512503836435       -4.2131802483318639     
   1.9781512503836436       -4.2937825354761019     
   2.0281512503836439       -4.3758300892100017     
   2.0781512503836437       -4.4513294469304627     
   2.1281512503836435       -4.5420316154802620     
   2.1781512503836438       -4.6215821032889126     
   2.2281512503836436       -4.7094976463883134     
   2.2781512503836439       -4.8007803279378392     
   2.3281512503836437       -4.8893371995985007     
   2.3781512503836439       -4.9775051096955245     
   2.4281512503836433       -5.0697214613261181     
   2.4781512503836436       -5.1585937538874305     
   2.5281512503836434       -5.2525614049763911     
   2.5781512503836437       -5.3448395923812271     
   2.6281512503836435       -5.4406812144130035     
   2.6781512503836438       -5.5358754060657596     
   2.7281512503836436       -5.6295712187636049     
   2.7781512503836434       -5.7247019465365039     
   2.8281512503836432       -5.8220950087193177     
   2.8781512503836435       -5.9186580155704274     
   2.9281512503836433       -6.0159176966404191     
   2.9781512503836440       -6.1137047178921220     
   3.0281512503836434       -6.2108593298085601     
   3.0781512503836437       -6.3090523872092898     
   3.1281512503836435       -6.4066279120037573     
   3.1781512503836433       -6.5048597398986487     
   3.2281512503836436       -6.6034699078223760     
   3.2781512503836439       -6.7020390364268412     
   3.3281512503836437       -6.8009121419027956     
   3.3781512503836435       -6.8995682137052645     
   3.4281512503836438       -6.9989482036672070     
   3.4781512503836436       -7.0978491411115634     
   3.5281512503836434       -7.1972049170404118     
   3.5781512503836437       -7.2963007561964730     
   3.6281512503836439       -7.3957153600397350     
   3.6781512503836433       -7.4953185937192579     
   3.7281512503836436       -7.5947854845591092     
   3.7781512503836439       -7.6942111365575458     
   3.8281512503836432       -7.7938452208439291     
   3.8781512503836435       -7.8935620024013007     
   3.9281512503836438       -7.9933593437018988     
   3.9781512503836440       -8.0930022708486469     
   4.0281512503836439       -8.1927830742597543     
   4.0781512503836437       -8.2925585337924286     
   4.1281512503836435       -8.3923885507953706     
   4.1781512503836433       -8.4921746491065573     
   4.2281512503836440       -8.5920482545855617     
   4.2781512503836439       -8.6918944397507225     
 zone T = "ep =   0.10000000000000001      ",
  0.77815125038364363       -8.2327211636432782     
  0.82815125038364368       -4.1032352652552850     
  0.87815125038364372       -3.6448618780494502     
  0.92815125038364366       -3.4839257864418922     
  0.97815125038364359       -3.4241722789538134     
   1.0281512503836436       -3.4106522374974011     
   1.0781512503836437       -3.4215779584525881     
   1.1281512503836437       -3.4624164643149125     
   1.1781512503836435       -3.4357357061526583     
   1.2281512503836436       -3.4293642287283030     
   1.2781512503836436       -3.4821709613774345     
   1.3281512503836437       -3.5020606994909147     
   1.3781512503836437       -3.5024834436845409     
   1.4281512503836438       -3.5746933638270075     
   1.4781512503836436       -3.5814081084392044     
   1.5281512503836436       -3.6531676832484385     
   1.5781512503836437       -3.7041842324579246     
   1.6281512503836435       -3.7389423819722962     
   1.6781512503836438       -3.7934223644527192     
   1.7281512503836436       -3.8569996852072985     
   1.7781512503836436       -3.8528445802228513     
   1.8281512503836437       -3.9951335126838430     
   1.8781512503836437       -4.0699242091838803     
   1.9281512503836435       -4.1317463586609486     
   1.9781512503836436       -4.2085100436943890     
   2.0281512503836439       -4.2873795074263032     
   2.0781512503836437       -4.3599935276061146     
   2.1281512503836435       -4.4480429543102495     
   2.1781512503836438       -4.5249481611488962     
   2.2281512503836436       -4.6104571814322082     
   2.2781512503836439       -4.6994513443571355     
   2.3281512503836437       -4.7859921365522906     
   2.3781512503836439       -4.8722088336299043     
   2.4281512503836433       -4.9627262567534745     
   2.4781512503836436       -5.0500228754102805     
   2.5281512503836434       -5.1425636359688172     
   2.5781512503836437       -5.2335114500059534     
   2.6281512503836435       -5.3281612693469587     
   2.6781512503836438       -5.4222977218115389     
   2.7281512503836436       -5.5150003401575498     
   2.7781512503836434       -5.6092382406624166     
   2.8281512503836432       -5.7058504565790109     
   2.8781512503836435       -5.8016886587076399     
   2.9281512503836433       -5.8983108823745534     
   2.9781512503836440       -5.9955204288064694     
   3.0281512503836434       -6.0921460046287290     
   3.0781512503836437       -6.1898761927984323     
   3.1281512503836435       -6.2870248410509468     
   3.1781512503836433       -6.3848810819972037     
   3.2281512503836436       -6.4831537582295322     
   3.2781512503836439       -6.5814211323102842     
   3.3281512503836437       -6.6800237577040376     
   3.3781512503836435       -6.7784357868402898     
   3.4281512503836438       -6.8776026620995143     
   3.4781512503836436       -6.9763080609929187     
   3.5281512503836434       -7.0754922712172519     
   3.5781512503836437       -7.1744312146457387     
   3.6281512503836439       -7.2737081796236573     
   3.6781512503836433       -7.3731899468772415     
   3.7281512503836436       -7.4725463936280550     
   3.7781512503836439       -7.5718723906299497     
   3.8281512503836432       -7.6714191124045472     
   3.8781512503836435       -7.7710583504488238     
   3.9281512503836438       -7.8707870796655302     
   3.9781512503836440       -7.9703669169152773     
   4.0281512503836439       -8.0700925284021565     
   4.0781512503836437       -8.1698184235433988     
   4.1281512503836435       -8.2696045310327495     
   4.1781512503836433       -8.3693508436817190     
   4.2281512503836440       -8.4691896501296728     
   4.2781512503836439       -8.5690043667121998     
 zone T = "ep =    7.9432823472428138E-002 ",
  0.77815125038364363       -8.2966784493755110     
  0.82815125038364368       -4.0039875085569072     
  0.87815125038364372       -3.5957111208998458     
  0.92815125038364366       -3.4642823613008646     
  0.97815125038364359       -3.4237208816105889     
   1.0281512503836436       -3.4235314148745499     
   1.0781512503836437       -3.4441598488202874     
   1.1281512503836437       -3.4625929862155997     
   1.1781512503836435       -3.4252756111928351     
   1.2281512503836436       -3.4242503114557059     
   1.2781512503836436       -3.4765244444512544     
   1.3281512503836437       -3.4817642625546088     
   1.3781512503836437       -3.4859985712805339     
   1.4281512503836438       -3.5469753708170559     
   1.4781512503836436       -3.5539009678590063     
   1.5281512503836436       -3.6158299935747822     
   1.5781512503836437       -3.6647116220381539     
   1.6281512503836435       -3.6953786368632269     
   1.6781512503836438       -3.7439692302849314     
   1.7281512503836436       -3.8025918536940138     
   1.7781512503836436       -3.7931112248273902     
   1.8281512503836437       -3.9326077851859060     
   1.8781512503836437       -4.0024864849495296     
   1.9281512503836435       -4.0609302141448689     
   1.9781512503836436       -4.1334033718019922     
   2.0281512503836439       -4.2087276799424593     
   2.0781512503836437       -4.2781298041845517     
   2.1281512503836435       -4.3631755652248803     
   2.1781512503836438       -4.4370760248271006     
   2.2281512503836436       -4.5198208859914883     
   2.2781512503836439       -4.6061575495601330     
   2.3281512503836437       -4.6903570204166884     
   2.3781512503836439       -4.7742875852702733     
   2.4281512503836433       -4.8628043911835928     
   2.4781512503836436       -4.9482393268002793     
   2.5281512503836434       -5.0390810908096837     
   2.5781512503836437       -5.1284377267977623     
   2.6281512503836435       -5.2216539050913688     
   2.6781512503836438       -5.3145152053954918     
   2.7281512503836436       -5.4060162205243856     
   2.7781512503836434       -5.4991696169693336     
   2.8281512503836432       -5.5948298414057671     
   2.8781512503836435       -5.6897820481866344     
   2.9281512503836433       -5.7856233119534739     
   2.9781512503836440       -5.8821233069074434     
   3.0281512503836434       -5.9780980160220363     
   3.0781512503836437       -6.0752573029395700     
   3.1281512503836435       -6.1718790076700731     
   3.1781512503836433       -6.2692707055638017     
   3.2281512503836436       -6.3671251442747439     
   3.2781512503836439       -6.4650183072296592     
   3.3281512503836437       -6.5632849551011034     
   3.3781512503836435       -6.6613938466276554     
   3.4281512503836438       -6.7602952684450841     
   3.4781512503836436       -6.8587573828758419     
   3.5281512503836434       -6.9577276904971193     
   3.5781512503836437       -7.0564711746707589     
   3.6281512503836439       -7.1555763852042835     
   3.6781512503836433       -7.2549063903458348     
   3.7281512503836436       -7.3541249400472077     
   3.7781512503836439       -7.4533265472513355     
   3.8281512503836432       -7.5527640526489384     
   3.8781512503836435       -7.6523062767349908     
   3.9281512503836438       -7.7519490943997722     
   3.9781512503836440       -7.8514500785145964     
   4.0281512503836439       -7.9511066017431338     
   4.0781512503836437       -8.0507704666556776     
   4.1281512503836435       -8.1505015818382134     
   4.1781512503836433       -8.2501981182571633     
   4.2281512503836440       -8.3499933204911514     
   4.2781512503836439       -8.4497686400697418     
 zone T = "ep =    6.3095734448019331E-002 ",
  0.77815125038364363       -8.3673207338043163     
  0.82815125038364368       -3.9206592467748109     
  0.87815125038364372       -3.5637228969640495     
  0.92815125038364366       -3.4607381503125194     
  0.97815125038364359       -3.4380147508752312     
   1.0281512503836436       -3.4499219341158409     
   1.0781512503836437       -3.4792082272480980     
   1.1281512503836437       -3.4712404299587609     
   1.1781512503836435       -3.4265069343405892     
   1.2281512503836436       -3.4320736357400841     
   1.2781512503836436       -3.4823225906475974     
   1.3281512503836437       -3.4730554911630520     
   1.3781512503836437       -3.4823909475426400     
   1.4281512503836438       -3.5307340981858584     
   1.4781512503836436       -3.5391704364186278     
   1.5281512503836436       -3.5903809055102047     
   1.5781512503836437       -3.6372092174458968     
   1.6281512503836435       -3.6641572812516978     
   1.6781512503836438       -3.7065776382999482     
   1.7281512503836436       -3.7599774102188932     
   1.7781512503836436       -3.7448766283256947     
   1.8281512503836437       -3.8814191111366365     
   1.8781512503836437       -3.9459120743359577     
   1.9281512503836435       -4.0008773793026213     
   1.9781512503836436       -4.0686229609982902     
   2.0281512503836439       -4.1400521100812151     
   2.0781512503836437       -4.2059523400952550     
   2.1281512503836435       -4.2876383668734377     
   2.1781512503836438       -4.3581901539734496     
   2.2281512503836436       -4.4378050068559878     
   2.2781512503836439       -4.5210917279707878     
   2.3281512503836437       -4.6026109456366253     
   2.3781512503836439       -4.6838996264514217     
   2.4281512503836433       -4.7700877391552181     
   2.4781512503836436       -4.8533528604783438     
   2.5281512503836434       -4.9421915819289257     
   2.5781512503836437       -5.0296650962285119     
   2.6281512503836435       -5.1211700915294207     
   2.6781512503836438       -5.2125067807015144     
   2.7281512503836436       -5.3025670666503713     
   2.7781512503836434       -5.3944130358846119     
   2.8281512503836432       -5.4889188341502173     
   2.8781512503836435       -5.5827943033455076     
   2.9281512503836433       -5.6776836247011051     
   2.9781512503836440       -5.7733154124221642     
   3.0281512503836434       -5.8684932641921899     
   3.0781512503836437       -5.9649507870172425     
   3.1281512503836435       -6.0609248104309064     
   3.1781512503836433       -6.1577437999656599     
   3.2281512503836436       -6.2550812188371347     
   3.2781512503836439       -6.3525115430440700     
   3.3281512503836437       -6.4503616723042292     
   3.3781512503836435       -6.5480950294438403     
   3.4281512503836438       -6.6466660090768528     
   3.4781512503836436       -6.7448261424562386     
   3.5281512503836434       -6.8435299875134161     
   3.5781512503836437       -6.9420304801831749     
   3.6281512503836439       -7.0409215547578565     
   3.6781512503836433       -7.1400619588273440     
   3.7281512503836436       -7.2391085141484250     
   3.7781512503836439       -7.3381551048190241     
   3.8281512503836432       -7.4374561274763371     
   3.8781512503836435       -7.5368769710975334     
   3.9281512503836438       -7.6364121494440509     
   3.9781512503836440       -7.7358146965939802     
   4.0281512503836439       -7.8353847329812440     
   4.0781512503836437       -7.9349709894022826     
   4.1281512503836435       -8.0346332178102955     
   4.1781512503836433       -8.1342675277551884     
   4.2281512503836440       -8.2340080676525957     
   4.2781512503836439       -8.3337340826025432     
 zone T = "ep =    5.0118723362727227E-002 ",
  0.77815125038364363       -8.4435202875453399     
  0.82815125038364368       -3.8540822049169292     
  0.87815125038364372       -3.5484323610600268     
  0.92815125038364366       -3.4721914734902755     
  0.97815125038364359       -3.4656752224430196     
   1.0281512503836436       -3.4883356608536622     
   1.0781512503836437       -3.5252037075528793     
   1.1281512503836437       -3.4868177284522410     
   1.1781512503836435       -3.4388131578785890     
   1.2281512503836436       -3.4519743036743029     
   1.2781512503836436       -3.4981703265043778     
   1.3281512503836437       -3.4754158826836790     
   1.3781512503836437       -3.4910405607864083     
   1.4281512503836438       -3.5253619778265293     
   1.4781512503836436       -3.5367605070430046     
   1.5281512503836436       -3.5764462961470782     
   1.5781512503836437       -3.6211774323037944     
   1.6281512503836435       -3.6450361804338702     
   1.6781512503836438       -3.6811028389058205     
   1.7281512503836436       -3.7290720970610800     
   1.7781512503836436       -3.7081670875855588     
   1.8281512503836437       -3.8415581939283738     
   1.8781512503836437       -3.9002204442911537     
   1.9281512503836435       -3.9517137756174492     
   1.9781512503836436       -4.0143262209691892     
   2.0281512503836439       -4.0815383842930784     
   2.0781512503836437       -4.1436967672748874     
   2.1281512503836435       -4.2216717195697582     
   2.1781512503836438       -4.2885631900643890     
   2.2281512503836436       -4.3646866504051527     
   2.2781512503836439       -4.4445181429154994     
   2.3281512503836437       -4.5230154242705067     
   2.3781512503836439       -4.6012953643586485     
   2.4281512503836433       -4.6848076728559818     
   2.4781512503836436       -4.7655792947693740     
   2.5281512503836434       -4.8520833468898514     
   2.5781512503836437       -4.9373534467961084     
   2.6281512503836435       -5.0268353955080167     
   2.6781512503836438       -5.1163665437330401     
   2.7281512503836436       -5.2047155353184813     
   2.7781512503836434       -5.2949982781974470     
   2.8281512503836432       -5.3881139522282897     
   2.8781512503836435       -5.4806896095750037     
   2.9281512503836433       -5.5744255965646445     
   2.9781512503836440       -5.6690006786211056     
   3.0281512503836434       -5.7632079800233296     
   3.0781512503836437       -5.8588066217678483     
   3.1281512503836435       -5.9539879666613356     
   3.1781512503836433       -6.0501034676662702     
   3.2281512503836436       -6.1468037317863065     
   3.2781512503836439       -6.2436632555658491     
   3.3281512503836437       -6.3409982724118530     
   3.3781512503836435       -6.4382675341996078     
   3.4281512503836438       -6.5364278395411475     
   3.4781512503836436       -6.6342138534419641     
   3.5281512503836434       -6.7325862009872379     
   3.5781512503836437       -6.8307850686029346     
   3.6281512503836439       -6.9294094453777477     
   3.6781512503836433       -7.0283131397934371     
   3.7281512503836436       -7.1271453521457397     
   3.7781512503836439       -7.2259989293691396     
   3.8281512503836432       -7.3251294755555945     
   3.8781512503836435       -7.4243984925638635     
   3.9281512503836438       -7.5237988151663018     
   3.9781512503836440       -7.6230785334027660     
   4.0281512503836439       -7.7225403099050611     
   4.0781512503836437       -7.8220294767471383     
   4.1281512503836435       -7.9216054062398555     
   4.1781512503836433       -8.0211619355850949     
   4.2281512503836440       -8.1208339352528718     
   4.2781512503836439       -8.2204982435585912     
 zone T = "ep =    3.9810717055349734E-002 ",
  0.77815125038364363       -8.5243001159665113     
  0.82815125038364368       -3.8046861722176639     
  0.87815125038364372       -3.5489785036481125     
  0.92815125038364366       -3.4972993198711357     
  0.97815125038364359       -3.5052069765564955     
   1.0281512503836436       -3.5372528359281059     
   1.0781512503836437       -3.5806518014052000     
   1.1281512503836437       -3.5083337169067859     
   1.1781512503836435       -3.4616413984476244     
   1.2281512503836436       -3.4830412407921254     
   1.2781512503836436       -3.5225936986448194     
   1.3281512503836437       -3.4883979876920752     
   1.3781512503836437       -3.5112466701035587     
   1.4281512503836438       -3.5303098213151323     
   1.4781512503836436       -3.5461363391226612     
   1.5281512503836436       -3.5736537075130572     
   1.5781512503836437       -3.6160334661733899     
   1.6281512503836435       -3.6376951539650664     
   1.6781512503836438       -3.6673393236245584     
   1.7281512503836436       -3.7097371984647181     
   1.7781512503836436       -3.6829406592138723     
   1.8281512503836437       -3.8129462429927279     
   1.8781512503836437       -3.8653837054201148     
   1.9281512503836435       -3.9135194374701094     
   1.9781512503836436       -3.9706417679089916     
   2.0281512503836439       -4.0333522134186985     
   2.0781512503836437       -4.0915893906136169     
   2.1281512503836435       -4.1655143332935411     
   2.1781512503836438       -4.2284841011068162     
   2.2281512503836436       -4.3007728925200901     
   2.2781512503836439       -4.3767435059915734     
   2.3281512503836437       -4.4518875272634748     
   2.3781512503836439       -4.5267939254414129     
   2.4281512503836433       -4.6072745097685770     
   2.4781512503836436       -4.6852234552343699     
   2.5281512503836434       -4.7690411294190778     
   2.5781512503836437       -4.8517651396195927     
   2.6281512503836435       -4.9388819880102881     
   2.6781512503836438       -5.0262983006481923     
   2.7281512503836436       -5.1126356061374683     
   2.7781512503836434       -5.2010667081007673     
   2.8281512503836432       -5.2925228410237182     
   2.8781512503836435       -5.3835417029944148     
   2.9281512503836433       -5.4758905534035627     
   2.9781512503836440       -5.5691879620943761     
   3.0281512503836434       -5.6622202036519891     
   3.0781512503836437       -5.7567733998122721     
   3.1281512503836435       -5.8509892930044547     
   3.1781512503836433       -5.9462444505780727     
   3.2281512503836436       -6.0421625868154045     
   3.2781512503836439       -6.1383206182751007     
   3.3281512503836437       -6.2350205691632281     
   3.3781512503836435       -6.3317178216713454     
   3.4281512503836438       -6.4293690282436593     
   3.4781512503836436       -6.5266924904701948     
   3.5281512503836434       -6.6246532137835912     
   3.5781512503836437       -6.7224782297896821     
   3.6281512503836439       -6.8207709047000584     
   3.6781512503836433       -6.9193794524844083     
   3.7281512503836436       -7.0179447999047690     
   3.7781512503836439       -7.1165582218952839     
   3.8281512503836432       -7.2154759791348857     
   3.8781512503836435       -7.3145552032859618     
   3.9281512503836438       -7.4137866678102977     
   3.9781512503836440       -7.5129131515110528     
   4.0281512503836439       -7.6122394494407830     
   4.0781512503836437       -7.7116071702990432     
   4.1281512503836435       -7.8110749996051236     
   4.1781512503836433       -7.9105342962476399     
   4.2281512503836440       -8.0101203544671478     
   4.2781512503836439       -8.1097074209767559     
 zone T = "ep =    3.1622776601683791E-002 ",
  0.77815125038364363       -8.6088283255238061     
  0.82815125038364368       -3.7724558768336056     
  0.87815125038364372       -3.5641857108956394     
  0.92815125038364366       -3.5345817104315795     
  0.97815125038364359       -3.5550916716158558     
   1.0281512503836436       -3.5951988834944930     
   1.0781512503836437       -3.6441441987848209     
   1.1281512503836437       -3.5354027548476954     
   1.1781512503836435       -3.4944278509412339     
   1.2281512503836436       -3.5243042385767591     
   1.2781512503836436       -3.5541135867444615     
   1.3281512503836437       -3.5115599211997219     
   1.3781512503836437       -3.5422185431896422     
   1.4281512503836438       -3.5450859318028707     
   1.4781512503836436       -3.5666760033330331     
   1.5281512503836436       -3.5816198178983107     
   1.5781512503836437       -3.6211248452948239     
   1.6281512503836435       -3.6417220318436505     
   1.6781512503836438       -3.6650093276922564     
   1.7281512503836436       -3.7017680321601327     
   1.7781512503836436       -3.6690757508313676     
   1.8281512503836437       -3.7954176637672878     
   1.8781512503836437       -3.8413173223590231     
   1.9281512503836435       -3.8863078757764775     
   1.9781512503836436       -3.9376493029757040     
   2.0281512503836439       -3.9956166720944246     
   2.0781512503836437       -4.0498196048145632     
   2.1281512503836435       -4.1193719218632783     
   2.1781512503836438       -4.1782262812449202     
   2.2281512503836436       -4.2463681396954014     
   2.2781512503836439       -4.3180850345679715     
   2.3281512503836437       -4.3895685584986008     
   2.3781512503836439       -4.4607544431893533     
   2.4281512503836433       -4.5378508823260626     
   2.4781512503836436       -4.6126556244700812     
   2.5281512503836434       -4.6934256559589898     
   2.5781512503836437       -4.7732478899774282     
   2.6281512503836435       -4.8576346483540824     
   2.6781512503836438       -4.9426045843071371     
   2.7281512503836436       -5.0266046178049351     
   2.7781512503836434       -5.1128658942505583     
   2.8281512503836432       -5.2023610808292471     
   2.8781512503836435       -5.2915325552523376     
   2.9281512503836433       -5.3822276043328614     
   2.9781512503836440       -5.4739924698326234     
   3.0281512503836434       -5.5656121512020924     
   3.0781512503836437       -5.6589013499556460     
   3.1281512503836435       -5.7519481678360469     
   3.1781512503836433       -5.8461568347136899     
   3.2281512503836436       -5.9411196073381269     
   3.2781512503836439       -6.0364192776565115     
   3.3281512503836437       -6.1323393762814584     
   3.3781512503836435       -6.2283339363003964     
   3.4281512503836438       -6.3253561791566666     
   3.4781512503836436       -6.4221091900674052     
   3.5281512503836434       -6.5195601011793913     
   3.5781512503836437       -6.6169225951563897     
   3.6281512503836439       -6.7148034968431602     
   3.6781512503836433       -6.8130447155234322     
   3.7281512503836436       -6.9112782350262032     
   3.7781512503836439       -7.0095931104071694     
   3.8281512503836432       -7.1082455417044352     
   3.8781512503836435       -7.2070877499207393     
   3.9281512503836438       -7.3061079940630762     
   3.9781512503836440       -7.4050433636825970     
   4.0281512503836439       -7.5042002110070483     
   4.0781512503836437       -7.6034160648150664     
   4.1281512503836435       -7.7027485326376270     
   4.1781512503836433       -7.8020862707905856     
   4.2281512503836440       -7.9015645949089777     
   4.2781512503836439       -8.0010549624345817     
 zone T = "ep =    2.5118864315095794E-002 ",
  0.77815125038364363       -8.6964063515926178     
  0.82815125038364368       -3.7569326874071862     
  0.87815125038364372       -3.5926646556443269     
  0.92815125038364366       -3.5825182550589729     
  0.97815125038364359       -3.6138626283360535     
   1.0281512503836436       -3.6607991190169238     
   1.0781512503836437       -3.7143980660623734     
   1.1281512503836437       -3.5681202666200993     
   1.1781512503836435       -3.5365344335891882     
   1.2281512503836436       -3.5747407025685778     
   1.2781512503836436       -3.5913728357852128     
   1.3281512503836437       -3.5444050852821984     
   1.3781512503836437       -3.5830825303509757     
   1.4281512503836438       -3.5692399602544054     
   1.4781512503836436       -3.5976682741706782     
   1.5281512503836436       -3.5999291828017976     
   1.5781512503836437       -3.6357573162301646     
   1.6281512503836435       -3.6565986126396179     
   1.6781512503836438       -3.6737523628406876     
   1.7281512503836436       -3.7048834223137974     
   1.7781512503836436       -3.6663636111750475     
   1.8281512503836437       -3.7887078324603189     
   1.8781512503836437       -3.8278781216275362     
   1.9281512503836435       -3.8700114224455975     
   1.9781512503836436       -3.9153661140228686     
   2.0281512503836439       -3.9683966748034534     
   2.0781512503836437       -4.0185186232083137     
   2.1281512503836435       -4.0833916029141211     
   2.1781512503836438       -4.1380195774254185     
   2.2281512503836436       -4.2017437815673295     
   2.2781512503836439       -4.2688397233246151     
   2.3281512503836437       -4.3363919143765806     
   2.3781512503836439       -4.4035451347458086     
   2.4281512503836433       -4.4769215128218924     
   2.4781512503836436       -4.5482832124019428     
   2.5281512503836434       -4.6256476064462744     
   2.5781512503836437       -4.7022118137507283     
   2.6281512503836435       -4.7834908834395122     
   2.6781512503836438       -4.8656698800214402     
   2.7281512503836436       -4.9469899345122021     
   2.7781512503836434       -5.0307393977767516     
   2.8281512503836432       -5.1179447667915463     
   2.8781512503836435       -5.2049475147854789     
   2.9281512503836433       -5.2936910073328773     
   2.9781512503836440       -5.3836349753429680     
   3.0281512503836434       -5.4735710037827632     
   3.0781512503836437       -5.5653443376537579     
   3.1281512503836435       -5.6569854792671403     
   3.1781512503836433       -5.7499296687559056     
   3.2281512503836436       -5.8437325714716213     
   3.2781512503836439       -5.9379876312933275     
   3.3281512503836437       -6.0329548498282328     
   3.3781512503836435       -6.1280898025776800     
   3.4281512503836438       -6.2243383583476222     
   3.4781512503836436       -6.3203901509625009     
   3.5281512503836434       -6.4172117382841813     
   3.5781512503836437       -6.5140034212893179     
   3.6281512503836439       -6.6113744357127429     
   3.6781512503836433       -6.7091596176232411     
   3.7281512503836436       -6.8069812763051969     
   3.7781512503836439       -6.9049255052736198     
   3.8281512503836432       -7.0032475972653145     
   3.8781512503836435       -7.1017942405564929     
   3.9281512503836438       -7.2005506524637193     
   3.9781512503836440       -7.2992478006468211     
   4.0281512503836439       -7.3981928888587154     
   4.0781512503836437       -7.4972189449251605     
   4.1281512503836435       -7.5963820226756438     
   4.1781512503836433       -7.6955678113553203     
   4.2281512503836440       -7.7949111494264152     
   4.2781512503836439       -7.8942804694676258     
 zone T = "ep =    1.9952623149688799E-002 ",
  0.77815125038364363       -8.7864541333696877     
  0.82815125038364368       -3.7572608050802145     
  0.87815125038364372       -3.6329158663796375     
  0.92815125038364366       -3.6396270481966981     
  0.97815125038364359       -3.6801573077244831     
   1.0281512503836436       -3.7328120354518242     
   1.0781512503836437       -3.7902761467514896     
   1.1281512503836437       -3.6068252084183561     
   1.1781512503836435       -3.5872220666932577     
   1.2281512503836436       -3.6333001184007472     
   1.2781512503836436       -3.6332895443124680     
   1.3281512503836437       -3.5863448082124432     
   1.3781512503836437       -3.6329025013571368     
   1.4281512503836438       -3.6023305409709541     
   1.4781512503836436       -3.6383175849665634     
   1.5281512503836436       -3.6281082573649961     
   1.5781512503836437       -3.6592334295765148     
   1.6281512503836435       -3.6816873416965805     
   1.6781512503836438       -3.6931160957242479     
   1.7281512503836436       -3.7187154398918905     
   1.7781512503836436       -3.6745026212668952     
   1.8281512503836437       -3.7924452290378565     
   1.8781512503836437       -3.8248658188979050     
   1.9281512503836435       -3.8644704927045752     
   1.9781512503836436       -3.9037383742410334     
   2.0281512503836439       -3.9516896784236542     
   2.0781512503836437       -3.9977449470541395     
   2.1281512503836435       -4.0576439348385014     
   2.1781512503836438       -4.1080284392406528     
   2.2281512503836436       -4.1671129067749151     
   2.2781512503836439       -4.2292581811140213     
   2.3281512503836437       -4.2926535132311177     
   2.3781512503836439       -4.3555132606831153     
   2.4281512503836433       -4.4248621730842750     
   2.4781512503836436       -4.4925197663153913     
   2.5281512503836434       -4.5661375862711102     
   2.5781512503836437       -4.6391015124005239     
   2.6281512503836435       -4.7168954662890972     
   2.6781512503836438       -4.7959377786345048     
   2.7281512503836436       -4.8742294943143820     
   2.7781512503836434       -4.9551106227997694     
   2.8281512503836432       -5.0396775064467203     
   2.8781512503836435       -5.1241654051877736     
   2.9281512503836433       -5.2106330957357381     
   2.9781512503836440       -5.2984372589196731     
   3.0281512503836434       -5.3863866180694790     
   3.0781512503836437       -5.4763594412613932     
   3.1281512503836435       -5.5663247793845079     
   3.1781512503836433       -5.6577533516640477     
   3.2281512503836436       -5.7501585094489780     
   3.2781512503836439       -5.8431507952097856     
   3.3281512503836437       -5.9369608745520548     
   3.3781512503836435       -6.0310498589782418     
   3.4281512503836438       -6.1263517859131458     
   3.4781512503836436       -6.2215452799909974     
   3.5281512503836434       -6.3175932839131352     
   3.5781512503836437       -6.4136828436307702     
   3.6281512503836439       -6.5104245483213585     
   3.6781512503836433       -6.6076453514564157     
   3.7281512503836436       -6.7049570692880334     
   3.7781512503836439       -6.8024420271884418     
   3.8281512503836432       -6.9003536760195026     
   3.8781512503836435       -6.9985324524054127     
   3.9281512503836438       -7.0969599335282325     
   3.9781512503836440       -7.1953604420755255     
   4.0281512503836439       -7.2940412292827430     
   4.0781512503836437       -7.3928303077932851     
   4.1281512503836435       -7.4917816162632791     
   4.1781512503836433       -7.5907775532121020     
   4.2281512503836440       -7.6899518900229813     
   4.2781512503836439       -7.7891697367894945     
 zone T = "ep =    1.5848931924611134E-002 ",
  0.77815125038364363       -8.8784942632572967     
  0.82815125038364368       -3.7722684548239274     
  0.87815125038364372       -3.6834223376220754     
  0.92815125038364366       -3.7045216139608175     
  0.97815125038364359       -3.7527486137954500     
   1.0281512503836436       -3.8101445666981695     
   1.0781512503836437       -3.8707919821994246     
   1.1281512503836437       -3.6518552114927587     
   1.1781512503836435       -3.6456622268631338     
   1.2281512503836436       -3.6989391351872323     
   1.2781512503836436       -3.6791759769588648     
   1.3281512503836437       -3.6366891790376004     
   1.3781512503836437       -3.6907085844950220     
   1.4281512503836438       -3.6438856056475704     
   1.4781512503836436       -3.6877578895350340     
   1.5281512503836436       -3.6656033421453316     
   1.5781512503836437       -3.6908925560043291     
   1.6281512503836435       -3.7162217768724513     
   1.6781512503836438       -3.7225507069401749     
   1.7281512503836436       -3.7428007051871770     
   1.7781512503836436       -3.6930935303418782     
   1.8281512503836437       -3.8061489038971970     
   1.8781512503836437       -3.8320236708547308     
   1.9281512503836435       -3.8694242724524801     
   1.9781512503836436       -3.9026343787287754     
   2.0281512503836439       -3.9454198447893569     
   2.0781512503836437       -3.9874751563890816     
   2.1281512503836435       -4.0421127333121021     
   2.1781512503836438       -4.0883366254785711     
   2.2281512503836436       -4.1426114483859759     
