 zone T = "ep =    1.0000000000000000      ",
   1.1760912590556813       0.35122978317845255     
   1.2260912590556812       0.27528476835416354     
   1.2760912590556812       0.21273654397063255     
   1.3260912590556813       0.16565138961119194     
   1.3760912590556813       0.13433390323783648     
   1.4260912590556811       0.11740389325138992     
   1.4760912590556812       0.11230415428489889     
   1.5260912590556812        1.9391133479409420E-002
   1.5760912590556813       -4.4247577377013653E-002
   1.6260912590556811       -7.4253572619873170E-002
   1.6760912590556813      -0.12632654105443225     
   1.7260912590556812      -0.20660570786795304     
   1.7760912590556812      -0.23221224764299869     
   1.8260912590556813      -0.33175521154944776     
   1.8760912590556811      -0.36748127093690375     
   1.9260912590556811      -0.47117418498207247     
   1.9760912590556812      -0.53970119071457823     
   2.0260912590556810      -0.61038779556655587     
   2.0760912590556813      -0.71032452387423117     
   2.1260912590556811      -0.81992938354811329     
   2.1760912590556813      -0.89107348522459673     
   2.2260912590556812       -1.0682360421931891     
   2.2760912590556814       -1.2331689368809229     
   2.3260912590556813       -1.3591412584397462     
   2.3760912590556811       -1.3721685514088586     
   2.4260912590556813       -1.2713178777878678     
   2.4760912590556812       -1.1726150164217286     
   2.5260912590556814       -1.0796544870367897     
   2.5760912590556813       -1.0151499534631132     
   2.6260912590556811      -0.95967113486873834     
   2.6760912590556813      -0.91447053396102795     
   2.7260912590556812      -0.87815432651234571     
   2.7760912590556814      -0.84858535388699807     
   2.8260912590556813      -0.82271894708028026     
   2.8760912590556811      -0.80151548411275875     
   2.9260912590556813      -0.78274167134454642     
   2.9760912590556812      -0.76701570946224773     
   3.0260912590556814      -0.75310211747873046     
   3.0760912590556813      -0.74106931583641289     
   3.1260912590556811      -0.73083485329235931     
   3.1760912590556813      -0.72183743592299698     
   3.2260912590556812      -0.71378210197212011     
   3.2760912590556814      -0.70684983684516278     
   3.3260912590556813      -0.70069190562973149     
   3.3760912590556815      -0.69529082358407979     
   3.4260912590556813      -0.69057067737575950     
   3.4760912590556812      -0.68635938494701576     
   3.5260912590556814      -0.68267655039020525     
   3.5760912590556813      -0.67939353018548576     
   3.6260912590556815      -0.67649335115081610     
   3.6760912590556813      -0.67391942493420043     
   3.7260912590556812      -0.67164158671781105     
   3.7760912590556814      -0.66962174478460046     
   3.8260912590556813      -0.66782241616554394     
   3.8760912590556815      -0.66623066906574657     
   3.9260912590556813      -0.66481324239884532     
   3.9760912590556812      -0.66355823977382256     
   4.0260912590556810      -0.66243911720578830     
   4.0760912590556808      -0.66144241594528264     
   4.1260912590556815      -0.66055809638172114     
   4.1760912590556813      -0.65977227211075917     
   4.2260912590556812      -0.65907159974419505     
   4.2760912590556810      -0.65844793004209434     
   4.3260912590556808      -0.65789245174079825     
   4.3760912590556815      -0.65739897227803812     
   4.4260912590556813      -0.65695895084919165     
   4.4760912590556812      -0.65656738365619605     
   4.5260912590556810      -0.65621865198840013     
   4.5760912590556808      -0.65590817648570021     
   4.6260912590556815      -0.65563141813142833     
   4.6760912590556813      -0.65538503957963601     
 zone T = "ep =    1.1547819846894583      ",
   1.1760912590556813       0.41988208384913739     
   1.2260912590556812       0.34482278995699911     
   1.2760912590556812       0.28304933141744537     
   1.3260912590556813       0.23655752736998673     
   1.3760912590556813       0.20564792645749694     
   1.4260912590556811       0.18894249677853356     
   1.4760912590556812       0.18391103914171200     
   1.5260912590556812        9.2941264572159926E-002
   1.5760912590556813        3.0853461824237111E-002
   1.6260912590556811        1.6247636638852838E-003
   1.6760912590556813       -5.0311294260722395E-002
   1.7260912590556812      -0.12621618880424640     
   1.7760912590556812      -0.15081310475579671     
   1.8260912590556813      -0.24570512934961863     
   1.8760912590556811      -0.27963343917442296     
   1.9260912590556811      -0.37675638172567150     
   1.9760912590556812      -0.44363701805147937     
   2.0260912590556810      -0.50592720491031329     
   2.0760912590556813      -0.59527854560662607     
   2.1260912590556811      -0.69243144497263409     
   2.1760912590556813      -0.74899008736110462     
   2.2260912590556812      -0.91065637607985561     
   2.2760912590556814       -1.0650388481820674     
   2.3260912590556813       -1.2157608549220120     
   2.3760912590556811       -1.4006545528322358     
   2.4260912590556813       -1.4382468768295527     
   2.4760912590556812       -1.3361979690931443     
   2.5260912590556814       -1.2033933954676392     
   2.5760912590556813       -1.1112149640740014     
   2.6260912590556811       -1.0344328933414193     
   2.6760912590556813      -0.97389651356909379     
   2.7260912590556812      -0.92652185820286348     
   2.7760912590556814      -0.88872922504014951     
   2.8260912590556813      -0.85620327999323864     
   2.8760912590556811      -0.82988900783242658     
   2.9260912590556813      -0.80683683629557823     
   2.9760912590556812      -0.78769644991614218     
   3.0260912590556814      -0.77088493240779288     
   3.0760912590556813      -0.75643541613082754     
   3.1260912590556811      -0.74420845124489454     
   3.1760912590556813      -0.73350580277026167     
   3.2260912590556812      -0.72395969394603332     
   3.2760912590556814      -0.71577100456125187     
   3.3260912590556813      -0.70851715126695292     
   3.3760912590556815      -0.70217016587224357     
   3.4260912590556813      -0.69663491136486877     
   3.4760912590556812      -0.69170534520447136     
   3.5260912590556814      -0.68740120884158196     
   3.5760912590556813      -0.68356965908698930     
   3.6260912590556815      -0.68018904765554056     
   3.6760912590556813      -0.67719195452039893     
   3.7260912590556812      -0.67454213315964784     
   3.7760912590556814      -0.67219439540037362     
   3.8260912590556813      -0.67010450675804445     
   3.8760912590556815      -0.66825692234536327     
   3.9260912590556813      -0.66661262165550583     
   3.9760912590556812      -0.66515748279894826     
   4.0260912590556810      -0.66386047710080287     
   4.0760912590556808      -0.66270581356023117     
   4.1260912590556815      -0.66168170595667353     
   4.1760912590556813      -0.66077194919653492     
   4.2260912590556812      -0.65996100011356240     
   4.2760912590556810      -0.65923935210658324     
   4.3260912590556808      -0.65859675019101571     
   4.3760912590556815      -0.65802598318796390     
   4.4260912590556813      -0.65751713536352685     
   4.4760912590556812      -0.65706439099582614     
   4.5260912590556810      -0.65666123023095213     
   4.5760912590556808      -0.65630234058011494     
   4.6260912590556815      -0.65598246070882194     
   4.6760912590556813      -0.65569772177386110     
 zone T = "ep =    1.3335214321633240      ",
   1.1760912590556813       0.48791003758781160     
   1.2260912590556812       0.41361641367185203     
   1.2760912590556812       0.35249926786656771     
   1.3260912590556813       0.30652113220915417     
   1.3760912590556813       0.27596256979466616     
   1.4260912590556811       0.25945067476942668     
   1.4760912590556812       0.25447809352401285     
   1.5260912590556812       0.16516918809021436     
   1.5760912590556813       0.10438340356796649     
   1.6260912590556811        7.5814684725777792E-002
   1.6760912590556813        2.4273701171872629E-002
   1.7260912590556812       -4.8248671672585619E-002
   1.7760912590556812       -7.2012514389617963E-002
   1.8260912590556813      -0.16306516811730976     
   1.8760912590556811      -0.19553965257434783     
   1.9260912590556811      -0.28735864676739792     
   1.9760912590556812      -0.35254513616406641     
   2.0260912590556810      -0.40855189190000363     
   2.0760912590556813      -0.48964477557667352     
   2.1260912590556811      -0.57711997949585947     
   2.1760912590556813      -0.62216046431436212     
   2.2260912590556812      -0.76993962706822350     
   2.2760912590556814      -0.90429805353845183     
   2.3260912590556813       -1.0251917522488356     
   2.3760912590556811       -1.2127912818641182     
   2.4260912590556813       -1.4066954137935357     
   2.4760912590556812       -1.5133251199818980     
   2.5260912590556814       -1.3874514234616613     
   2.5760912590556813       -1.2520878404337732     
   2.6260912590556811       -1.1391762785935751     
   2.6760912590556813       -1.0539880220210240     
   2.7260912590556812      -0.98984455173255326     
   2.7760912590556814      -0.94015315317739079     
   2.8260912590556813      -0.89834687106026778     
   2.8760912590556811      -0.86512316553839319     
   2.9260912590556813      -0.83642492217996556     
   2.9760912590556812      -0.81286705401527648     
   3.0260912590556814      -0.79236669336409382     
   3.0760912590556813      -0.77488256108211662     
   3.1260912590556811      -0.76018173228390284     
   3.1760912590556813      -0.74738177925376070     
   3.2260912590556812      -0.73601698554647887     
   3.2760912590556814      -0.72630616278879179     
   3.3260912590556813      -0.71773250789263621     
   3.3760912590556815      -0.71025224902219863     
   3.4260912590556813      -0.70374475278131321     
   3.4760912590556812      -0.69796174811364720     
   3.5260912590556814      -0.69292187507690062     
   3.5760912590556813      -0.68844266917366104     
   3.6260912590556815      -0.68449626623655646     
   3.6760912590556813      -0.68100194789709567     
   3.7260912590556812      -0.67791591133172180     
   3.7760912590556814      -0.67518433047482229     
   3.8260912590556813      -0.67275482989795155     
   3.8760912590556815      -0.67060862555972167     
   3.9260912590556813      -0.66869983024759128     
   3.9760912590556812      -0.66701161646046125     
   4.0260912590556810      -0.66550764637560855     
   4.0760912590556808      -0.66416934969563790     
   4.1260912590556815      -0.66298285712706329     
   4.1760912590556813      -0.66192922846075952     
   4.2260912590556812      -0.66099033487015912     
   4.2760912590556810      -0.66015506998803408     
   4.3260912590556808      -0.65941148491267998     
   4.3760912590556815      -0.65875117213644507     
   4.4260912590556813      -0.65816261061599046     
   4.4760912590556812      -0.65763903464650308     
   4.5260912590556810      -0.65717287337266916     
   4.5760912590556808      -0.65675795969912554     
   4.6260912590556815      -0.65638819168899531     
   4.6760912590556813      -0.65605908184388406     
