 zone T = "Var            1 : IMPLICIT",
 0.00000E+00  0.00000E+00
 0.00000E+00  0.00000E+00
 0.00000E+00  0.00000E+00
 0.00000E+00  0.00000E+00
 0.00000E+00  0.00000E+00
 0.00000E+00  0.00000E+00
 0.00000E+00  0.00000E+00
 0.00000E+00  0.00000E+00
 0.00000E+00  0.00000E+00
 0.00000E+00  0.00000E+00
 0.00000E+00  0.00000E+00
 0.00000E+00  0.00000E+00
 0.00000E+00  0.00000E+00
 0.00000E+00  0.00000E+00
 0.00000E+00  0.00000E+00
 0.00000E+00  0.00000E+00
 0.00000E+00  0.00000E+00
 0.00000E+00  0.00000E+00
 0.00000E+00  0.00000E+00
 0.00000E+00  0.00000E+00
 0.00000E+00  0.00000E+00
 0.00000E+00  0.00000E+00
 0.00000E+00  0.00000E+00
 0.00000E+00  0.00000E+00
 0.00000E+00  0.00000E+00
 0.00000E+00  0.00000E+00
 0.00000E+00  0.00000E+00
 0.00000E+00  0.00000E+00
 0.00000E+00  0.00000E+00
 0.00000E+00  0.00000E+00
 0.00000E+00  0.00000E+00
 0.00000E+00  0.00000E+00
 0.00000E+00  0.00000E+00
 0.00000E+00  0.00000E+00
 0.00000E+00  0.00000E+00
 0.00000E+00  0.00000E+00
 0.00000E+00  0.00000E+00
 0.00000E+00  0.00000E+00
 0.00000E+00  0.00000E+00
 0.00000E+00  0.00000E+00
 0.00000E+00  0.00000E+00
 0.00000E+00  0.00000E+00
 0.00000E+00  0.00000E+00
 0.00000E+00  0.00000E+00
 0.00000E+00  0.00000E+00
 0.00000E+00  0.00000E+00
 0.00000E+00  0.00000E+00
 0.00000E+00  0.00000E+00
 0.00000E+00  0.00000E+00
 0.00000E+00  0.00000E+00
 0.00000E+00  0.00000E+00
 0.00000E+00  0.00000E+00
 0.00000E+00  0.00000E+00
 0.00000E+00  0.00000E+00
 0.00000E+00  0.00000E+00
 0.00000E+00  0.00000E+00
 0.00000E+00  0.00000E+00
 0.00000E+00  0.00000E+00
 0.00000E+00  0.00000E+00
 0.00000E+00  0.00000E+00
 0.00000E+00  0.00000E+00
 0.00000E+00  0.00000E+00
 0.00000E+00  0.00000E+00
 0.00000E+00  0.00000E+00
 0.00000E+00  0.00000E+00
 0.00000E+00  0.00000E+00
 0.00000E+00  0.00000E+00
 0.00000E+00  0.00000E+00
 0.00000E+00  0.00000E+00
 0.00000E+00  0.00000E+00
 0.00000E+00  0.00000E+00
 0.00000E+00  0.00000E+00
 0.00000E+00  0.00000E+00
 0.00000E+00  0.00000E+00
 0.00000E+00  0.00000E+00
 0.00000E+00  0.00000E+00
 0.00000E+00  0.00000E+00
 0.00000E+00  0.00000E+00
 0.00000E+00  0.00000E+00
 0.00000E+00  0.00000E+00
-0.80000E+01  0.15503E+01
 zone T = "Var            1 : Predicted",
 0.00000E+00  0.00000E+00
 0.00000E+00  0.00000E+00
 0.00000E+00  0.00000E+00
 0.00000E+00  0.00000E+00
 0.00000E+00  0.00000E+00
 0.00000E+00  0.00000E+00
 0.00000E+00  0.00000E+00
 0.00000E+00  0.00000E+00
 0.00000E+00  0.00000E+00
 0.00000E+00  0.00000E+00
 0.00000E+00  0.00000E+00
 0.00000E+00  0.00000E+00
 0.00000E+00  0.00000E+00
 0.00000E+00  0.00000E+00
 0.00000E+00  0.00000E+00
 0.00000E+00  0.00000E+00
 0.00000E+00  0.00000E+00
 0.00000E+00  0.00000E+00
 0.00000E+00  0.00000E+00
 0.00000E+00  0.00000E+00
 0.00000E+00  0.00000E+00
 0.00000E+00  0.00000E+00
 0.00000E+00  0.00000E+00
 0.00000E+00  0.00000E+00
 0.00000E+00  0.00000E+00
 0.00000E+00  0.00000E+00
 0.00000E+00  0.00000E+00
 0.00000E+00  0.00000E+00
 0.00000E+00  0.00000E+00
 0.00000E+00  0.00000E+00
 0.00000E+00  0.00000E+00
 0.00000E+00  0.00000E+00
 0.00000E+00  0.00000E+00
 0.00000E+00  0.00000E+00
 0.00000E+00  0.00000E+00
 0.00000E+00  0.00000E+00
 0.00000E+00  0.00000E+00
 0.00000E+00  0.00000E+00
 0.00000E+00  0.00000E+00
 0.00000E+00  0.00000E+00
 0.00000E+00  0.00000E+00
 0.00000E+00  0.00000E+00
 0.00000E+00  0.00000E+00
 0.00000E+00  0.00000E+00
 0.00000E+00  0.00000E+00
 0.00000E+00  0.00000E+00
 0.00000E+00  0.00000E+00
 0.00000E+00  0.00000E+00
 0.00000E+00  0.00000E+00
 0.00000E+00  0.00000E+00
 0.00000E+00  0.00000E+00
 0.00000E+00  0.00000E+00
 0.00000E+00  0.00000E+00
 0.00000E+00  0.00000E+00
 0.00000E+00  0.00000E+00
 0.00000E+00  0.00000E+00
 0.00000E+00  0.00000E+00
 0.00000E+00  0.00000E+00
 0.00000E+00  0.00000E+00
 0.00000E+00  0.00000E+00
 0.00000E+00  0.00000E+00
 0.00000E+00  0.00000E+00
 0.00000E+00  0.00000E+00
 0.00000E+00  0.00000E+00
 0.00000E+00  0.00000E+00
 0.00000E+00  0.00000E+00
 0.00000E+00  0.00000E+00
 0.00000E+00  0.00000E+00
 0.00000E+00  0.00000E+00
 0.00000E+00  0.00000E+00
 0.00000E+00  0.00000E+00
 0.00000E+00  0.00000E+00
 0.00000E+00  0.00000E+00
 0.00000E+00  0.00000E+00
 0.00000E+00  0.00000E+00
 0.00000E+00  0.00000E+00
 0.00000E+00  0.00000E+00
 0.00000E+00  0.00000E+00
 0.00000E+00  0.00000E+00
 0.00000E+00  0.00000E+00
-0.80000E+01 -0.54961E+01
 zone T = "Var            2 : IMPLICIT",
 0.00000E+00  0.00000E+00
 0.00000E+00  0.00000E+00
 0.00000E+00  0.00000E+00
 0.00000E+00  0.00000E+00
 0.00000E+00  0.00000E+00
 0.00000E+00  0.00000E+00
 0.00000E+00  0.00000E+00
 0.00000E+00  0.00000E+00
 0.00000E+00  0.00000E+00
 0.00000E+00  0.00000E+00
 0.00000E+00  0.00000E+00
 0.00000E+00  0.00000E+00
 0.00000E+00  0.00000E+00
 0.00000E+00  0.00000E+00
 0.00000E+00  0.00000E+00
 0.00000E+00  0.00000E+00
 0.00000E+00  0.00000E+00
 0.00000E+00  0.00000E+00
 0.00000E+00  0.00000E+00
 0.00000E+00  0.00000E+00
 0.00000E+00  0.00000E+00
 0.00000E+00  0.00000E+00
 0.00000E+00  0.00000E+00
 0.00000E+00  0.00000E+00
 0.00000E+00  0.00000E+00
 0.00000E+00  0.00000E+00
 0.00000E+00  0.00000E+00
 0.00000E+00  0.00000E+00
 0.00000E+00  0.00000E+00
 0.00000E+00  0.00000E+00
 0.00000E+00  0.00000E+00
 0.00000E+00  0.00000E+00
 0.00000E+00  0.00000E+00
 0.00000E+00  0.00000E+00
 0.00000E+00  0.00000E+00
 0.00000E+00  0.00000E+00
 0.00000E+00  0.00000E+00
 0.00000E+00  0.00000E+00
 0.00000E+00  0.00000E+00
 0.00000E+00  0.00000E+00
 0.00000E+00  0.00000E+00
 0.00000E+00  0.00000E+00
 0.00000E+00  0.00000E+00
 0.00000E+00  0.00000E+00
 0.00000E+00  0.00000E+00
 0.00000E+00  0.00000E+00
 0.00000E+00  0.00000E+00
 0.00000E+00  0.00000E+00
 0.00000E+00  0.00000E+00
 0.00000E+00  0.00000E+00
 0.00000E+00  0.00000E+00
 0.00000E+00  0.00000E+00
 0.00000E+00  0.00000E+00
 0.00000E+00  0.00000E+00
 0.00000E+00  0.00000E+00
 0.00000E+00  0.00000E+00
 0.00000E+00  0.00000E+00
 0.00000E+00  0.00000E+00
 0.00000E+00  0.00000E+00
 0.00000E+00  0.00000E+00
 0.00000E+00  0.00000E+00
 0.00000E+00  0.00000E+00
 0.00000E+00  0.00000E+00
 0.00000E+00  0.00000E+00
 0.00000E+00  0.00000E+00
 0.00000E+00  0.00000E+00
 0.00000E+00  0.00000E+00
 0.00000E+00  0.00000E+00
 0.00000E+00  0.00000E+00
 0.00000E+00  0.00000E+00
 0.00000E+00  0.00000E+00
 0.00000E+00  0.00000E+00
 0.00000E+00  0.00000E+00
 0.00000E+00  0.00000E+00
 0.00000E+00  0.00000E+00
 0.00000E+00  0.00000E+00
 0.00000E+00  0.00000E+00
 0.00000E+00  0.00000E+00
 0.00000E+00  0.00000E+00
 0.00000E+00  0.00000E+00
-0.80000E+01  0.15503E+01
 zone T = "Var            2 : Predicted",
 0.00000E+00  0.00000E+00
 0.00000E+00  0.00000E+00
 0.00000E+00  0.00000E+00
 0.00000E+00  0.00000E+00
 0.00000E+00  0.00000E+00
 0.00000E+00  0.00000E+00
 0.00000E+00  0.00000E+00
 0.00000E+00  0.00000E+00
 0.00000E+00  0.00000E+00
 0.00000E+00  0.00000E+00
 0.00000E+00  0.00000E+00
 0.00000E+00  0.00000E+00
 0.00000E+00  0.00000E+00
 0.00000E+00  0.00000E+00
 0.00000E+00  0.00000E+00
 0.00000E+00  0.00000E+00
 0.00000E+00  0.00000E+00
 0.00000E+00  0.00000E+00
 0.00000E+00  0.00000E+00
 0.00000E+00  0.00000E+00
 0.00000E+00  0.00000E+00
 0.00000E+00  0.00000E+00
 0.00000E+00  0.00000E+00
 0.00000E+00  0.00000E+00
 0.00000E+00  0.00000E+00
 0.00000E+00  0.00000E+00
 0.00000E+00  0.00000E+00
 0.00000E+00  0.00000E+00
 0.00000E+00  0.00000E+00
 0.00000E+00  0.00000E+00
 0.00000E+00  0.00000E+00
 0.00000E+00  0.00000E+00
 0.00000E+00  0.00000E+00
 0.00000E+00  0.00000E+00
 0.00000E+00  0.00000E+00
 0.00000E+00  0.00000E+00
 0.00000E+00  0.00000E+00
 0.00000E+00  0.00000E+00
 0.00000E+00  0.00000E+00
 0.00000E+00  0.00000E+00
 0.00000E+00  0.00000E+00
 0.00000E+00  0.00000E+00
 0.00000E+00  0.00000E+00
 0.00000E+00  0.00000E+00
 0.00000E+00  0.00000E+00
 0.00000E+00  0.00000E+00
 0.00000E+00  0.00000E+00
 0.00000E+00  0.00000E+00
 0.00000E+00  0.00000E+00
 0.00000E+00  0.00000E+00
 0.00000E+00  0.00000E+00
 0.00000E+00  0.00000E+00
 0.00000E+00  0.00000E+00
 0.00000E+00  0.00000E+00
 0.00000E+00  0.00000E+00
 0.00000E+00  0.00000E+00
 0.00000E+00  0.00000E+00
 0.00000E+00  0.00000E+00
 0.00000E+00  0.00000E+00
 0.00000E+00  0.00000E+00
 0.00000E+00  0.00000E+00
 0.00000E+00  0.00000E+00
 0.00000E+00  0.00000E+00
 0.00000E+00  0.00000E+00
 0.00000E+00  0.00000E+00
 0.00000E+00  0.00000E+00
 0.00000E+00  0.00000E+00
 0.00000E+00  0.00000E+00
 0.00000E+00  0.00000E+00
 0.00000E+00  0.00000E+00
 0.00000E+00  0.00000E+00
 0.00000E+00  0.00000E+00
 0.00000E+00  0.00000E+00
 0.00000E+00  0.00000E+00
 0.00000E+00  0.00000E+00
 0.00000E+00  0.00000E+00
 0.00000E+00  0.00000E+00
 0.00000E+00  0.00000E+00
 0.00000E+00  0.00000E+00
 0.00000E+00  0.00000E+00
-0.80000E+01  0.99364E+00
 zone T = "Var            3 : IMPLICIT",
 0.00000E+00  0.00000E+00
 0.00000E+00  0.00000E+00
 0.00000E+00  0.00000E+00
 0.00000E+00  0.00000E+00
 0.00000E+00  0.00000E+00
 0.00000E+00  0.00000E+00
 0.00000E+00  0.00000E+00
 0.00000E+00  0.00000E+00
 0.00000E+00  0.00000E+00
 0.00000E+00  0.00000E+00
 0.00000E+00  0.00000E+00
 0.00000E+00  0.00000E+00
 0.00000E+00  0.00000E+00
 0.00000E+00  0.00000E+00
 0.00000E+00  0.00000E+00
 0.00000E+00  0.00000E+00
 0.00000E+00  0.00000E+00
 0.00000E+00  0.00000E+00
 0.00000E+00  0.00000E+00
 0.00000E+00  0.00000E+00
 0.00000E+00  0.00000E+00
 0.00000E+00  0.00000E+00
 0.00000E+00  0.00000E+00
 0.00000E+00  0.00000E+00
 0.00000E+00  0.00000E+00
 0.00000E+00  0.00000E+00
 0.00000E+00  0.00000E+00
 0.00000E+00  0.00000E+00
 0.00000E+00  0.00000E+00
 0.00000E+00  0.00000E+00
 0.00000E+00  0.00000E+00
 0.00000E+00  0.00000E+00
 0.00000E+00  0.00000E+00
 0.00000E+00  0.00000E+00
 0.00000E+00  0.00000E+00
 0.00000E+00  0.00000E+00
 0.00000E+00  0.00000E+00
 0.00000E+00  0.00000E+00
 0.00000E+00  0.00000E+00
 0.00000E+00  0.00000E+00
 0.00000E+00  0.00000E+00
 0.00000E+00  0.00000E+00
 0.00000E+00  0.00000E+00
 0.00000E+00  0.00000E+00
 0.00000E+00  0.00000E+00
 0.00000E+00  0.00000E+00
 0.00000E+00  0.00000E+00
 0.00000E+00  0.00000E+00
 0.00000E+00  0.00000E+00
 0.00000E+00  0.00000E+00
 0.00000E+00  0.00000E+00
 0.00000E+00  0.00000E+00
 0.00000E+00  0.00000E+00
 0.00000E+00  0.00000E+00
 0.00000E+00  0.00000E+00
 0.00000E+00  0.00000E+00
 0.00000E+00  0.00000E+00
 0.00000E+00  0.00000E+00
 0.00000E+00  0.00000E+00
 0.00000E+00  0.00000E+00
 0.00000E+00  0.00000E+00
 0.00000E+00  0.00000E+00
 0.00000E+00  0.00000E+00
 0.00000E+00  0.00000E+00
 0.00000E+00  0.00000E+00
 0.00000E+00  0.00000E+00
 0.00000E+00  0.00000E+00
 0.00000E+00  0.00000E+00
 0.00000E+00  0.00000E+00
 0.00000E+00  0.00000E+00
 0.00000E+00  0.00000E+00
 0.00000E+00  0.00000E+00
 0.00000E+00  0.00000E+00
 0.00000E+00  0.00000E+00
 0.00000E+00  0.00000E+00
 0.00000E+00  0.00000E+00
 0.00000E+00  0.00000E+00
 0.00000E+00  0.00000E+00
 0.00000E+00  0.00000E+00
 0.00000E+00  0.00000E+00
-0.80000E+01  0.11028E+01
 zone T = "Var            3 : Predicted",
 0.00000E+00  0.00000E+00
 0.00000E+00  0.00000E+00
 0.00000E+00  0.00000E+00
 0.00000E+00  0.00000E+00
 0.00000E+00  0.00000E+00
 0.00000E+00  0.00000E+00
 0.00000E+00  0.00000E+00
 0.00000E+00  0.00000E+00
 0.00000E+00  0.00000E+00
 0.00000E+00  0.00000E+00
 0.00000E+00  0.00000E+00
 0.00000E+00  0.00000E+00
 0.00000E+00  0.00000E+00
 0.00000E+00  0.00000E+00
 0.00000E+00  0.00000E+00
 0.00000E+00  0.00000E+00
 0.00000E+00  0.00000E+00
 0.00000E+00  0.00000E+00
 0.00000E+00  0.00000E+00
 0.00000E+00  0.00000E+00
 0.00000E+00  0.00000E+00
 0.00000E+00  0.00000E+00
 0.00000E+00  0.00000E+00
 0.00000E+00  0.00000E+00
 0.00000E+00  0.00000E+00
 0.00000E+00  0.00000E+00
 0.00000E+00  0.00000E+00
 0.00000E+00  0.00000E+00
 0.00000E+00  0.00000E+00
 0.00000E+00  0.00000E+00
 0.00000E+00  0.00000E+00
 0.00000E+00  0.00000E+00
 0.00000E+00  0.00000E+00
 0.00000E+00  0.00000E+00
 0.00000E+00  0.00000E+00
 0.00000E+00  0.00000E+00
 0.00000E+00  0.00000E+00
 0.00000E+00  0.00000E+00
 0.00000E+00  0.00000E+00
 0.00000E+00  0.00000E+00
 0.00000E+00  0.00000E+00
 0.00000E+00  0.00000E+00
 0.00000E+00  0.00000E+00
 0.00000E+00  0.00000E+00
 0.00000E+00  0.00000E+00
 0.00000E+00  0.00000E+00
 0.00000E+00  0.00000E+00
 0.00000E+00  0.00000E+00
 0.00000E+00  0.00000E+00
 0.00000E+00  0.00000E+00
 0.00000E+00  0.00000E+00
 0.00000E+00  0.00000E+00
 0.00000E+00  0.00000E+00
 0.00000E+00  0.00000E+00
 0.00000E+00  0.00000E+00
 0.00000E+00  0.00000E+00
 0.00000E+00  0.00000E+00
 0.00000E+00  0.00000E+00
 0.00000E+00  0.00000E+00
 0.00000E+00  0.00000E+00
 0.00000E+00  0.00000E+00
 0.00000E+00  0.00000E+00
 0.00000E+00  0.00000E+00
 0.00000E+00  0.00000E+00
 0.00000E+00  0.00000E+00
 0.00000E+00  0.00000E+00
 0.00000E+00  0.00000E+00
 0.00000E+00  0.00000E+00
 0.00000E+00  0.00000E+00
 0.00000E+00  0.00000E+00
 0.00000E+00  0.00000E+00
 0.00000E+00  0.00000E+00
 0.00000E+00  0.00000E+00
 0.00000E+00  0.00000E+00
 0.00000E+00  0.00000E+00
 0.00000E+00  0.00000E+00
 0.00000E+00  0.00000E+00
 0.00000E+00  0.00000E+00
 0.00000E+00  0.00000E+00
 0.00000E+00  0.00000E+00
-0.80000E+01  0.96038E+00
