 zone T = "Differential Variable - IMEX",
 0.00000E+00  0.43093E+01
-0.10000E+00  0.46940E+01
-0.20000E+00  0.43353E+01
-0.30000E+00  0.39747E+01
-0.40000E+00  0.37541E+01
-0.50000E+00  0.36341E+01
-0.60000E+00  0.34952E+01
-0.70000E+00  0.34643E+01
-0.80000E+00  0.34294E+01
-0.90000E+00  0.34011E+01
-0.10000E+01  0.33608E+01
-0.11000E+01  0.33200E+01
-0.12000E+01  0.32674E+01
-0.13000E+01  0.32113E+01
-0.14000E+01  0.31897E+01
-0.15000E+01  0.31550E+01
-0.16000E+01  0.31068E+01
-0.17000E+01  0.30902E+01
-0.18000E+01  0.30553E+01
-0.19000E+01  0.30246E+01
-0.20000E+01  0.29944E+01
-0.21000E+01  0.29707E+01
-0.22000E+01  0.29553E+01
-0.23000E+01  0.29406E+01
-0.24000E+01  0.29346E+01
-0.25000E+01  0.29270E+01
-0.26000E+01  0.29011E+01
-0.27000E+01  0.28976E+01
-0.28000E+01  0.29136E+01
-0.29000E+01  0.29284E+01
-0.30000E+01  0.29443E+01
-0.31000E+01  0.29698E+01
-0.32000E+01  0.29687E+01
-0.33000E+01  0.30301E+01
-0.34000E+01  0.30655E+01
-0.35000E+01  0.31055E+01
-0.36000E+01  0.31448E+01
-0.37000E+01  0.32273E+01
-0.38000E+01  0.33196E+01
-0.39000E+01  0.34096E+01
-0.40000E+01  0.42372E+01
-0.41000E+01  0.42116E+01
-0.42000E+01  0.41916E+01
-0.43000E+01  0.41771E+01
-0.44000E+01  0.41127E+01
-0.45000E+01  0.41180E+01
-0.46000E+01  0.41418E+01
-0.47000E+01  0.40720E+01
-0.48000E+01  0.40372E+01
-0.49000E+01  0.40480E+01
-0.50000E+01  0.40271E+01
-0.51000E+01  0.40104E+01
-0.52000E+01  0.39996E+01
-0.53000E+01  0.39927E+01
-0.54000E+01  0.40056E+01
-0.55000E+01  0.40028E+01
-0.56000E+01  0.39951E+01
-0.57000E+01  0.39911E+01
-0.58000E+01  0.39880E+01
-0.59000E+01  0.39847E+01
-0.60000E+01  0.39840E+01
-0.61000E+01  0.39817E+01
-0.62000E+01  0.39806E+01
-0.63000E+01  0.39812E+01
-0.64000E+01  0.39807E+01
-0.65000E+01  0.39780E+01
-0.66000E+01  0.39787E+01
-0.67000E+01  0.39772E+01
-0.68000E+01  0.39782E+01
-0.69000E+01  0.39760E+01
-0.70000E+01  0.39762E+01
-0.71000E+01  0.39749E+01
-0.72000E+01  0.39765E+01
-0.73000E+01  0.39756E+01
-0.74000E+01  0.39776E+01
-0.75000E+01  0.39769E+01
-0.76000E+01  0.39782E+01
-0.77000E+01  0.39766E+01
-0.78000E+01  0.39757E+01
-0.79000E+01  0.39755E+01
-0.80000E+01  0.39781E+01
 zone T = "Differential Variable - IMEX",
 0.00000E+00  0.38875E+01
-0.10000E+00  0.38961E+01
-0.20000E+00  0.39235E+01
-0.30000E+00  0.39117E+01
-0.40000E+00  0.38937E+01
-0.50000E+00  0.38674E+01
-0.60000E+00  0.38485E+01
-0.70000E+00  0.37962E+01
-0.80000E+00  0.37671E+01
-0.90000E+00  0.36939E+01
-0.10000E+01  0.36171E+01
-0.11000E+01  0.35679E+01
-0.12000E+01  0.34786E+01
-0.13000E+01  0.34228E+01
-0.14000E+01  0.33283E+01
-0.15000E+01  0.32745E+01
-0.16000E+01  0.31815E+01
-0.17000E+01  0.31289E+01
-0.18000E+01  0.30417E+01
-0.19000E+01  0.29956E+01
-0.20000E+01  0.29157E+01
-0.21000E+01  0.28747E+01
-0.22000E+01  0.27994E+01
-0.23000E+01  0.27597E+01
-0.24000E+01  0.27404E+01
-0.25000E+01  0.27385E+01
-0.26000E+01  0.27128E+01
-0.27000E+01  0.27138E+01
-0.28000E+01  0.27009E+01
-0.29000E+01  0.26935E+01
-0.30000E+01  0.26939E+01
-0.31000E+01  0.27061E+01
-0.32000E+01  0.27198E+01
-0.33000E+01  0.27474E+01
-0.34000E+01  0.27789E+01
-0.35000E+01  0.28163E+01
-0.36000E+01  0.28682E+01
-0.37000E+01  0.29179E+01
-0.38000E+01  0.29862E+01
-0.39000E+01  0.30587E+01
-0.40000E+01  0.31358E+01
-0.41000E+01  0.31985E+01
-0.42000E+01  0.32797E+01
-0.43000E+01  0.33663E+01
-0.44000E+01  0.34512E+01
-0.45000E+01  0.35389E+01
-0.46000E+01  0.36210E+01
-0.47000E+01  0.37032E+01
-0.48000E+01  0.37827E+01
-0.49000E+01  0.38560E+01
-0.50000E+01  0.39187E+01
-0.51000E+01  0.39716E+01
-0.52000E+01  0.40193E+01
-0.53000E+01  0.40541E+01
-0.54000E+01  0.40875E+01
-0.55000E+01  0.41112E+01
-0.56000E+01  0.41239E+01
-0.57000E+01  0.41415E+01
-0.58000E+01  0.41601E+01
-0.59000E+01  0.41746E+01
-0.60000E+01  0.41831E+01
-0.61000E+01  0.41651E+01
-0.62000E+01  0.41719E+01
-0.63000E+01  0.41767E+01
-0.64000E+01  0.41803E+01
-0.65000E+01  0.41814E+01
-0.66000E+01  0.41860E+01
-0.67000E+01  0.41851E+01
-0.68000E+01  0.41906E+01
-0.69000E+01  0.41931E+01
-0.70000E+01  0.41949E+01
-0.71000E+01  0.41970E+01
-0.72000E+01  0.41973E+01
-0.73000E+01  0.41966E+01
-0.74000E+01  0.41952E+01
-0.75000E+01  0.41938E+01
-0.76000E+01  0.41937E+01
-0.77000E+01  0.41956E+01
-0.78000E+01  0.41949E+01
-0.79000E+01  0.41962E+01
-0.80000E+01  0.41947E+01
 zone T = "Algebraic Variable - IMEX",
 0.00000E+00  0.36299E+01
-0.10000E+00  0.35851E+01
-0.20000E+00  0.35328E+01
-0.30000E+00  0.34751E+01
-0.40000E+00  0.34123E+01
-0.50000E+00  0.33451E+01
-0.60000E+00  0.32559E+01
-0.70000E+00  0.31861E+01
-0.80000E+00  0.31165E+01
-0.90000E+00  0.30445E+01
-0.10000E+01  0.29714E+01
-0.11000E+01  0.28960E+01
-0.12000E+01  0.28142E+01
-0.13000E+01  0.27235E+01
-0.14000E+01  0.26227E+01
-0.15000E+01  0.25043E+01
-0.16000E+01  0.23812E+01
-0.17000E+01  0.22378E+01
-0.18000E+01  0.21920E+01
-0.19000E+01  0.21031E+01
-0.20000E+01  0.20622E+01
-0.21000E+01  0.20648E+01
-0.22000E+01  0.20596E+01
-0.23000E+01  0.20275E+01
-0.24000E+01  0.19700E+01
-0.25000E+01  0.19405E+01
-0.26000E+01  0.19149E+01
-0.27000E+01  0.18846E+01
-0.28000E+01  0.18418E+01
-0.29000E+01  0.18067E+01
-0.30000E+01  0.18265E+01
-0.31000E+01  0.18272E+01
-0.32000E+01  0.18362E+01
-0.33000E+01  0.18465E+01
-0.34000E+01  0.18617E+01
-0.35000E+01  0.18739E+01
-0.36000E+01  0.18914E+01
-0.37000E+01  0.19113E+01
-0.38000E+01  0.19313E+01
-0.39000E+01  0.19686E+01
-0.40000E+01  0.20036E+01
-0.41000E+01  0.20505E+01
-0.42000E+01  0.20997E+01
-0.43000E+01  0.21349E+01
-0.44000E+01  0.24860E+01
-0.45000E+01  0.25542E+01
-0.46000E+01  0.26389E+01
-0.47000E+01  0.27598E+01
-0.48000E+01  0.27677E+01
-0.49000E+01  0.27398E+01
-0.50000E+01  0.27985E+01
-0.51000E+01  0.28294E+01
-0.52000E+01  0.28084E+01
-0.53000E+01  0.28093E+01
-0.54000E+01  0.28147E+01
-0.55000E+01  0.28220E+01
-0.56000E+01  0.28152E+01
-0.57000E+01  0.28239E+01
-0.58000E+01  0.28320E+01
-0.59000E+01  0.28396E+01
-0.60000E+01  0.28465E+01
-0.61000E+01  0.28528E+01
-0.62000E+01  0.28584E+01
-0.63000E+01  0.28633E+01
-0.64000E+01  0.28676E+01
-0.65000E+01  0.28494E+01
-0.66000E+01  0.28501E+01
-0.67000E+01  0.28503E+01
-0.68000E+01  0.28501E+01
-0.69000E+01  0.28497E+01
-0.70000E+01  0.28489E+01
-0.71000E+01  0.28480E+01
-0.72000E+01  0.28469E+01
-0.73000E+01  0.28456E+01
-0.74000E+01  0.28442E+01
-0.75000E+01  0.28428E+01
-0.76000E+01  0.28413E+01
-0.77000E+01  0.28398E+01
-0.78000E+01  0.28383E+01
-0.79000E+01  0.28367E+01
-0.80000E+01  0.28352E+01
