 zone T = "Differential Variable - IMPLICIT",
 0.00000E+00  0.12382-311
 0.00000E+00  0.12382-311
 0.00000E+00  0.18733-315
 0.00000E+00  0.18733-315
 0.00000E+00 -0.91391E+01
-0.50000E+00  0.38790E+01
-0.60000E+00  0.38731E+01
-0.70000E+00  0.38583E+01
-0.80000E+00  0.38270E+01
-0.90000E+00  0.37874E+01
-0.10000E+01  0.37380E+01
-0.11000E+01  0.36813E+01
-0.12000E+01  0.36179E+01
-0.13000E+01  0.35479E+01
-0.14000E+01  0.34713E+01
-0.15000E+01  0.33885E+01
-0.16000E+01  0.32998E+01
-0.17000E+01  0.31865E+01
-0.18000E+01  0.30866E+01
-0.19000E+01  0.29832E+01
-0.20000E+01  0.28767E+01
-0.21000E+01  0.27668E+01
-0.22000E+01  0.26496E+01
-0.23000E+01  0.25311E+01
-0.24000E+01  0.24402E+01
-0.25000E+01  0.23536E+01
-0.26000E+01  0.22617E+01
-0.27000E+01  0.21996E+01
-0.28000E+01  0.21077E+01
-0.29000E+01  0.20687E+01
-0.30000E+01  0.20014E+01
-0.31000E+01  0.19560E+01
-0.32000E+01  0.19116E+01
-0.33000E+01  0.18621E+01
-0.34000E+01  0.18047E+01
-0.35000E+01  0.17863E+01
-0.36000E+01  0.17357E+01
-0.37000E+01  0.17092E+01
-0.38000E+01  0.16674E+01
-0.39000E+01  0.16328E+01
-0.40000E+01  0.16057E+01
-0.41000E+01  0.15863E+01
-0.42000E+01  0.15747E+01
-0.43000E+01  0.15706E+01
-0.44000E+01  0.15738E+01
-0.45000E+01  0.15836E+01
-0.46000E+01  0.15993E+01
-0.47000E+01  0.16202E+01
-0.48000E+01  0.16454E+01
-0.49000E+01  0.16740E+01
-0.50000E+01  0.17056E+01
-0.51000E+01  0.17389E+01
-0.52000E+01  0.17739E+01
-0.53000E+01  0.18106E+01
-0.54000E+01  0.18477E+01
-0.55000E+01  0.18849E+01
-0.56000E+01  0.19245E+01
-0.57000E+01  0.19639E+01
-0.58000E+01  0.19986E+01
-0.59000E+01  0.20379E+01
-0.60000E+01  0.21198E+01
-0.61000E+01  0.21698E+01
-0.62000E+01  0.22820E+01
-0.63000E+01  0.23319E+01
-0.64000E+01  0.24651E+01
-0.65000E+01  0.24570E+01
-0.66000E+01  0.25855E+01
-0.67000E+01  0.27033E+01
-0.68000E+01  0.27421E+01
-0.69000E+01  0.25557E+01
-0.70000E+01  0.21592E+01
-0.71000E+01  0.24414E+01
-0.72000E+01  0.27858E+01
-0.73000E+01  0.27844E+01
-0.74000E+01  0.20787E+01
-0.75000E+01  0.27683E+01
-0.76000E+01  0.28433E+01
-0.77000E+01  0.19849E+01
-0.78000E+01  0.20350E+01
-0.79000E+01  0.28863E+01
-0.80000E+01  0.17901E+01
 zone T = "Algebraic Variable - IMPLICIT",
 0.00000E+00 -0.82183E+01
 0.00000E+00 -0.82926E+01
 0.00000E+00 -0.83593E+01
 0.00000E+00 -0.84217E+01
 0.00000E+00 -0.84792E+01
-0.50000E+00  0.38068E+01
-0.60000E+00  0.37490E+01
-0.70000E+00  0.36922E+01
-0.80000E+00  0.36055E+01
-0.90000E+00  0.35928E+01
-0.10000E+01  0.36158E+01
-0.11000E+01  0.35802E+01
-0.12000E+01  0.35332E+01
-0.13000E+01  0.34720E+01
-0.14000E+01  0.34015E+01
-0.15000E+01  0.33242E+01
-0.16000E+01  0.32411E+01
-0.17000E+01  0.31530E+01
-0.18000E+01  0.30604E+01
-0.19000E+01  0.29635E+01
-0.20000E+01  0.28626E+01
-0.21000E+01  0.27305E+01
-0.22000E+01  0.26153E+01
-0.23000E+01  0.24975E+01
-0.24000E+01  0.24084E+01
-0.25000E+01  0.23226E+01
-0.26000E+01  0.22329E+01
-0.27000E+01  0.21701E+01
-0.28000E+01  0.20860E+01
-0.29000E+01  0.20402E+01
-0.30000E+01  0.19775E+01
-0.31000E+01  0.19264E+01
-0.32000E+01  0.18854E+01
-0.33000E+01  0.18387E+01
-0.34000E+01  0.17796E+01
-0.35000E+01  0.17605E+01
-0.36000E+01  0.17136E+01
-0.37000E+01  0.16890E+01
-0.38000E+01  0.16668E+01
-0.39000E+01  0.16325E+01
-0.40000E+01  0.16056E+01
-0.41000E+01  0.15863E+01
-0.42000E+01  0.15747E+01
-0.43000E+01  0.15707E+01
-0.44000E+01  0.15738E+01
-0.45000E+01  0.15835E+01
-0.46000E+01  0.15991E+01
-0.47000E+01  0.16199E+01
-0.48000E+01  0.16450E+01
-0.49000E+01  0.16735E+01
-0.50000E+01  0.17049E+01
-0.51000E+01  0.17381E+01
-0.52000E+01  0.17728E+01
-0.53000E+01  0.18093E+01
-0.54000E+01  0.18460E+01
-0.55000E+01  0.18828E+01
-0.56000E+01  0.19218E+01
-0.57000E+01  0.19605E+01
-0.58000E+01  0.20137E+01
-0.59000E+01  0.20926E+01
-0.60000E+01  0.21973E+01
-0.61000E+01  0.22516E+01
-0.62000E+01  0.23620E+01
-0.63000E+01  0.24136E+01
-0.64000E+01  0.25176E+01
-0.65000E+01  0.25340E+01
-0.66000E+01  0.26104E+01
-0.67000E+01  0.27003E+01
-0.68000E+01  0.27324E+01
-0.69000E+01  0.26305E+01
-0.70000E+01  0.25130E+01
-0.71000E+01  0.26336E+01
-0.72000E+01  0.27677E+01
-0.73000E+01  0.27661E+01
-0.74000E+01  0.20741E+01
-0.75000E+01  0.27552E+01
-0.76000E+01  0.28392E+01
-0.77000E+01  0.19823E+01
-0.78000E+01  0.20313E+01
-0.79000E+01  0.28893E+01
-0.80000E+01  0.17909E+01
