 zone T = "Var            1 : Implicit",
 0.00000E+00  0.00000E+00
 0.00000E+00  0.00000E+00
 0.00000E+00  0.00000E+00
 0.00000E+00  0.00000E+00
 0.00000E+00  0.00000E+00
 0.00000E+00  0.00000E+00
 0.00000E+00  0.00000E+00
 0.00000E+00  0.00000E+00
 0.00000E+00  0.00000E+00
 0.00000E+00  0.00000E+00
 0.00000E+00  0.00000E+00
 0.00000E+00  0.00000E+00
 0.00000E+00  0.00000E+00
 0.00000E+00  0.00000E+00
 0.00000E+00  0.00000E+00
 0.00000E+00  0.00000E+00
 0.00000E+00  0.00000E+00
 0.00000E+00  0.00000E+00
 0.00000E+00  0.00000E+00
-0.19000E+01  0.33485E+01
 0.00000E+00  0.00000E+00
 0.00000E+00  0.00000E+00
 0.00000E+00  0.00000E+00
 0.00000E+00  0.00000E+00
 0.00000E+00  0.00000E+00
 0.00000E+00  0.00000E+00
 0.00000E+00  0.00000E+00
 0.00000E+00  0.00000E+00
 0.00000E+00  0.00000E+00
 0.00000E+00  0.00000E+00
 0.00000E+00  0.00000E+00
 0.00000E+00  0.00000E+00
 0.00000E+00  0.00000E+00
 0.00000E+00  0.00000E+00
 0.00000E+00  0.00000E+00
 0.00000E+00  0.00000E+00
 0.00000E+00  0.00000E+00
 0.00000E+00  0.00000E+00
 0.00000E+00  0.00000E+00
 0.00000E+00  0.00000E+00
 0.00000E+00  0.00000E+00
 0.00000E+00  0.00000E+00
 0.00000E+00  0.00000E+00
 0.00000E+00  0.00000E+00
 0.00000E+00  0.00000E+00
 0.00000E+00  0.00000E+00
 0.00000E+00  0.00000E+00
 0.00000E+00  0.00000E+00
 0.00000E+00  0.00000E+00
 0.00000E+00  0.00000E+00
 0.00000E+00  0.00000E+00
 0.00000E+00  0.00000E+00
 0.00000E+00  0.00000E+00
 0.00000E+00  0.00000E+00
 0.00000E+00  0.00000E+00
 0.00000E+00  0.00000E+00
 0.00000E+00  0.00000E+00
 0.00000E+00  0.00000E+00
 0.00000E+00  0.00000E+00
 0.00000E+00  0.00000E+00
 0.00000E+00  0.00000E+00
 0.00000E+00  0.00000E+00
 0.00000E+00  0.00000E+00
 0.00000E+00  0.00000E+00
 0.00000E+00  0.00000E+00
 0.00000E+00  0.00000E+00
 0.00000E+00  0.00000E+00
 0.00000E+00  0.00000E+00
 0.00000E+00  0.00000E+00
 0.00000E+00  0.00000E+00
 0.00000E+00  0.00000E+00
 0.00000E+00  0.00000E+00
 0.00000E+00  0.00000E+00
 0.00000E+00  0.00000E+00
 0.00000E+00  0.00000E+00
 0.00000E+00  0.00000E+00
 0.00000E+00  0.00000E+00
 0.00000E+00  0.00000E+00
 0.00000E+00  0.00000E+00
 0.00000E+00  0.00000E+00
 0.00000E+00  0.00000E+00
 zone T = "Var            1 : Predicted",
 0.00000E+00  0.00000E+00
 0.00000E+00  0.00000E+00
 0.00000E+00  0.00000E+00
 0.00000E+00  0.00000E+00
 0.00000E+00  0.00000E+00
 0.00000E+00  0.00000E+00
 0.00000E+00  0.00000E+00
 0.00000E+00  0.00000E+00
 0.00000E+00  0.00000E+00
 0.00000E+00  0.00000E+00
 0.00000E+00  0.00000E+00
 0.00000E+00  0.00000E+00
 0.00000E+00  0.00000E+00
 0.00000E+00  0.00000E+00
 0.00000E+00  0.00000E+00
 0.00000E+00  0.00000E+00
 0.00000E+00  0.00000E+00
 0.00000E+00  0.00000E+00
 0.00000E+00  0.00000E+00
-0.19000E+01  0.26704E+01
 0.00000E+00  0.00000E+00
 0.00000E+00  0.00000E+00
 0.00000E+00  0.00000E+00
 0.00000E+00  0.00000E+00
 0.00000E+00  0.00000E+00
 0.00000E+00  0.00000E+00
 0.00000E+00  0.00000E+00
 0.00000E+00  0.00000E+00
 0.00000E+00  0.00000E+00
 0.00000E+00  0.00000E+00
 0.00000E+00  0.00000E+00
 0.00000E+00  0.00000E+00
 0.00000E+00  0.00000E+00
 0.00000E+00  0.00000E+00
 0.00000E+00  0.00000E+00
 0.00000E+00  0.00000E+00
 0.00000E+00  0.00000E+00
 0.00000E+00  0.00000E+00
 0.00000E+00  0.00000E+00
 0.00000E+00  0.00000E+00
 0.00000E+00  0.00000E+00
 0.00000E+00  0.00000E+00
 0.00000E+00  0.00000E+00
 0.00000E+00  0.00000E+00
 0.00000E+00  0.00000E+00
 0.00000E+00  0.00000E+00
 0.00000E+00  0.00000E+00
 0.00000E+00  0.00000E+00
 0.00000E+00  0.00000E+00
 0.00000E+00  0.00000E+00
 0.00000E+00  0.00000E+00
 0.00000E+00  0.00000E+00
 0.00000E+00  0.00000E+00
 0.00000E+00  0.00000E+00
 0.00000E+00  0.00000E+00
 0.00000E+00  0.00000E+00
 0.00000E+00  0.00000E+00
 0.00000E+00  0.00000E+00
 0.00000E+00  0.00000E+00
 0.00000E+00  0.00000E+00
 0.00000E+00  0.00000E+00
 0.00000E+00  0.00000E+00
 0.00000E+00  0.00000E+00
 0.00000E+00  0.00000E+00
 0.00000E+00  0.00000E+00
 0.00000E+00  0.00000E+00
 0.00000E+00  0.00000E+00
 0.00000E+00  0.00000E+00
 0.00000E+00  0.00000E+00
 0.00000E+00  0.00000E+00
 0.00000E+00  0.00000E+00
 0.00000E+00  0.00000E+00
 0.00000E+00  0.00000E+00
 0.00000E+00  0.00000E+00
 0.00000E+00  0.00000E+00
 0.00000E+00  0.00000E+00
 0.00000E+00  0.00000E+00
 0.00000E+00  0.00000E+00
 0.00000E+00  0.00000E+00
 0.00000E+00  0.00000E+00
 0.00000E+00  0.00000E+00
 zone T = "Var            2 : Implicit",
 0.00000E+00  0.00000E+00
 0.00000E+00  0.00000E+00
 0.00000E+00  0.00000E+00
 0.00000E+00  0.00000E+00
 0.00000E+00  0.00000E+00
 0.00000E+00  0.00000E+00
 0.00000E+00  0.00000E+00
 0.00000E+00  0.00000E+00
 0.00000E+00  0.00000E+00
 0.00000E+00  0.00000E+00
 0.00000E+00  0.00000E+00
 0.00000E+00  0.00000E+00
 0.00000E+00  0.00000E+00
 0.00000E+00  0.00000E+00
 0.00000E+00  0.00000E+00
 0.00000E+00  0.00000E+00
 0.00000E+00  0.00000E+00
 0.00000E+00  0.00000E+00
 0.00000E+00  0.00000E+00
-0.19000E+01  0.19373E+01
 0.00000E+00  0.00000E+00
 0.00000E+00  0.00000E+00
 0.00000E+00  0.00000E+00
 0.00000E+00  0.00000E+00
 0.00000E+00  0.00000E+00
 0.00000E+00  0.00000E+00
 0.00000E+00  0.00000E+00
 0.00000E+00  0.00000E+00
 0.00000E+00  0.00000E+00
 0.00000E+00  0.00000E+00
 0.00000E+00  0.00000E+00
 0.00000E+00  0.00000E+00
 0.00000E+00  0.00000E+00
 0.00000E+00  0.00000E+00
 0.00000E+00  0.00000E+00
 0.00000E+00  0.00000E+00
 0.00000E+00  0.00000E+00
 0.00000E+00  0.00000E+00
 0.00000E+00  0.00000E+00
 0.00000E+00  0.00000E+00
 0.00000E+00  0.00000E+00
 0.00000E+00  0.00000E+00
 0.00000E+00  0.00000E+00
 0.00000E+00  0.00000E+00
 0.00000E+00  0.00000E+00
 0.00000E+00  0.00000E+00
 0.00000E+00  0.00000E+00
 0.00000E+00  0.00000E+00
 0.00000E+00  0.00000E+00
 0.00000E+00  0.00000E+00
 0.00000E+00  0.00000E+00
 0.00000E+00  0.00000E+00
 0.00000E+00  0.00000E+00
 0.00000E+00  0.00000E+00
 0.00000E+00  0.00000E+00
 0.00000E+00  0.00000E+00
 0.00000E+00  0.00000E+00
 0.00000E+00  0.00000E+00
 0.00000E+00  0.00000E+00
 0.00000E+00  0.00000E+00
 0.00000E+00  0.00000E+00
 0.00000E+00  0.00000E+00
 0.00000E+00  0.00000E+00
 0.00000E+00  0.00000E+00
 0.00000E+00  0.00000E+00
 0.00000E+00  0.00000E+00
 0.00000E+00  0.00000E+00
 0.00000E+00  0.00000E+00
 0.00000E+00  0.00000E+00
 0.00000E+00  0.00000E+00
 0.00000E+00  0.00000E+00
 0.00000E+00  0.00000E+00
 0.00000E+00  0.00000E+00
 0.00000E+00  0.00000E+00
 0.00000E+00  0.00000E+00
 0.00000E+00  0.00000E+00
 0.00000E+00  0.00000E+00
 0.00000E+00  0.00000E+00
 0.00000E+00  0.00000E+00
 0.00000E+00  0.00000E+00
 0.00000E+00  0.00000E+00
 zone T = "Var            2 : Predicted",
 0.00000E+00  0.00000E+00
 0.00000E+00  0.00000E+00
 0.00000E+00  0.00000E+00
 0.00000E+00  0.00000E+00
 0.00000E+00  0.00000E+00
 0.00000E+00  0.00000E+00
 0.00000E+00  0.00000E+00
 0.00000E+00  0.00000E+00
 0.00000E+00  0.00000E+00
 0.00000E+00  0.00000E+00
 0.00000E+00  0.00000E+00
 0.00000E+00  0.00000E+00
 0.00000E+00  0.00000E+00
 0.00000E+00  0.00000E+00
 0.00000E+00  0.00000E+00
 0.00000E+00  0.00000E+00
 0.00000E+00  0.00000E+00
 0.00000E+00  0.00000E+00
 0.00000E+00  0.00000E+00
-0.19000E+01  0.24924E+01
 0.00000E+00  0.00000E+00
 0.00000E+00  0.00000E+00
 0.00000E+00  0.00000E+00
 0.00000E+00  0.00000E+00
 0.00000E+00  0.00000E+00
 0.00000E+00  0.00000E+00
 0.00000E+00  0.00000E+00
 0.00000E+00  0.00000E+00
 0.00000E+00  0.00000E+00
 0.00000E+00  0.00000E+00
 0.00000E+00  0.00000E+00
 0.00000E+00  0.00000E+00
 0.00000E+00  0.00000E+00
 0.00000E+00  0.00000E+00
 0.00000E+00  0.00000E+00
 0.00000E+00  0.00000E+00
 0.00000E+00  0.00000E+00
 0.00000E+00  0.00000E+00
 0.00000E+00  0.00000E+00
 0.00000E+00  0.00000E+00
 0.00000E+00  0.00000E+00
 0.00000E+00  0.00000E+00
 0.00000E+00  0.00000E+00
 0.00000E+00  0.00000E+00
 0.00000E+00  0.00000E+00
 0.00000E+00  0.00000E+00
 0.00000E+00  0.00000E+00
 0.00000E+00  0.00000E+00
 0.00000E+00  0.00000E+00
 0.00000E+00  0.00000E+00
 0.00000E+00  0.00000E+00
 0.00000E+00  0.00000E+00
 0.00000E+00  0.00000E+00
 0.00000E+00  0.00000E+00
 0.00000E+00  0.00000E+00
 0.00000E+00  0.00000E+00
 0.00000E+00  0.00000E+00
 0.00000E+00  0.00000E+00
 0.00000E+00  0.00000E+00
 0.00000E+00  0.00000E+00
 0.00000E+00  0.00000E+00
 0.00000E+00  0.00000E+00
 0.00000E+00  0.00000E+00
 0.00000E+00  0.00000E+00
 0.00000E+00  0.00000E+00
 0.00000E+00  0.00000E+00
 0.00000E+00  0.00000E+00
 0.00000E+00  0.00000E+00
 0.00000E+00  0.00000E+00
 0.00000E+00  0.00000E+00
 0.00000E+00  0.00000E+00
 0.00000E+00  0.00000E+00
 0.00000E+00  0.00000E+00
 0.00000E+00  0.00000E+00
 0.00000E+00  0.00000E+00
 0.00000E+00  0.00000E+00
 0.00000E+00  0.00000E+00
 0.00000E+00  0.00000E+00
 0.00000E+00  0.00000E+00
 0.00000E+00  0.00000E+00
 0.00000E+00  0.00000E+00
