 zone T = "ep =    1.00000000000000      ",
   1.44715803134222       -4.33384342195183     
   1.49715803134222       -4.57692405826703     
   1.54715803134222       -4.82462546872088     
   1.59715803134222       -5.07184897387672     
   1.64715803134222       -5.32173927576178     
   1.69715803134222       -5.57278237081496     
   1.74715803134222       -5.82403011453242     
   1.79715803134222       -6.07530405072404     
   1.84715803134222       -6.32716189503872     
   1.89715803134222       -6.57850784452721     
   1.94715803134222       -6.82991585609792     
   1.99715803134222       -7.08222800527226     
   2.04715803134222       -7.33383615866052     
   2.09715803134222       -7.58526199058508     
   2.14715803134222       -7.83717282134321     
   2.19715803134222       -8.08807937330183     
   2.24715803134222       -8.33958698704932     
   2.29715803134222       -8.59068050375584     
   2.34715803134222       -8.84158483895735     
   2.39715803134222       -9.09258082190777     
   2.44715803134222       -9.34390384824136     
   2.49715803134222       -9.59459084182379     
   2.54715803134222       -9.84560824001366     
   2.59715803134222       -10.0967063106770     
   2.64715803134222       -10.3482600074903     
   2.69715803134222       -10.6005543601494     
   2.74715803134222       -10.8538884600293     
   2.79715803134222       -11.1098393048107     
   2.84715803134222       -11.3701906926116     
   2.89715803134222       -11.6387453254400     
   2.94715803134222       -11.9245570652548     
   2.99715803134222       -12.2439647551302     
   3.04715803134222       -12.6535597745270     
   3.09715803134222       -13.5780128131345     
   3.14715803134222       -13.0624951675005     
   3.19715803134222       -12.8399787859588     
   3.24715803134222       -12.7515568831763     
   3.29715803134222       -12.6949958913051     
   3.34715803134222       -12.6744668738887     
   3.39715803134222       -12.6627770827239     
   3.44715803134222       -12.6466660665791     
   3.49715803134222       -12.6557366937813     
   3.54715803134222       -12.6479503291667     
   3.59715803134222       -12.6522588415066     
   3.64715803134222       -12.6411443997646     
   3.69715803134222       -12.6369442269698     
   3.74715803134222       -12.6390392357691     
   3.79715803134222       -12.6449596027651     
   3.84715803134222       -12.6449596027651     
   3.89715803134222       -12.6505303039734     
   3.94715803134222       -12.6449596027651     
   3.99715803134222       -12.6348592758608     
   4.04715803134222       -12.6466660665791     
   4.09715803134222       -12.6165318947712     
   4.14715803134222       -12.6544292332397     
   4.19715803134222       -12.6361090450165     
   4.24715803134222       -12.6475218195297     
   4.29715803134222       -12.6610062566949     
   4.34715803134222       -12.6645551588285     
   4.39715803134222       -12.6449596027651     
   4.44715803134222       -12.6505303039734     
   4.49715803134222       -12.6229600525611     
   4.54715803134222       -12.6390392357691     
   4.59715803134222       -12.6229600525611     
   4.64715803134222       -12.6553004361033     
   4.69715803134222       -12.6233649891703     
   4.74715803134222       -12.6278443906257     
   4.79715803134222       -12.6878878033069     
   4.84715803134222       -12.6051179709766     
   4.89715803134222       -12.5928619341734     
   4.94715803134222       -12.6973913440517     
 zone T = "ep =   0.794328234724281      ",
   1.44715803134222       -4.04992922552704     
   1.49715803134222       -4.28822089990615     
   1.54715803134222       -4.53117993080607     
   1.59715803134222       -4.77537551077575     
   1.64715803134222       -5.02243487104004     
   1.69715803134222       -5.27117776763192     
   1.74715803134222       -5.52082891165021     
   1.79715803134222       -5.77109723889728     
   1.84715803134222       -6.02212515065457     
   1.89715803134222       -6.27318505804744     
   1.94715803134222       -6.52448775953339     
   1.99715803134222       -6.77639141371886     
   2.04715803134222       -7.02799144822528     
   2.09715803134222       -7.27952327233159     
   2.14715803134222       -7.53129851567131     
   2.19715803134222       -7.78253484509988     
   2.24715803134222       -8.03403587069396     
   2.29715803134222       -8.28527856245924     
   2.34715803134222       -8.53637070423597     
   2.39715803134222       -8.78744772488569     
   2.44715803134222       -9.03861702320730     
   2.49715803134222       -9.28939108902158     
   2.54715803134222       -9.54022686775195     
   2.59715803134222       -9.79095975329142     
   2.64715803134222       -10.0417005716618     
   2.69715803134222       -10.2924630679925     
   2.74715803134222       -10.5431956866254     
   2.79715803134222       -10.7940732202222     
   2.84715803134222       -11.0452477318297     
   2.89715803134222       -11.2972852736231     
   2.94715803134222       -11.5499954944761     
   2.99715803134222       -11.8047550734752     
   3.04715803134222       -12.0631638273430     
   3.09715803134222       -12.3282494028160     
   3.14715803134222       -12.5993298646636     
   3.19715803134222       -12.9030513796757     
   3.24715803134222       -13.2769828174705     
   3.29715803134222       -14.0003472607517     
   3.34715803134222       -14.1911617766281     
   3.39715803134222       -13.6758361692382     
   3.44715803134222       -13.5396164222202     
   3.49715803134222       -13.4892069187426     
   3.54715803134222       -13.4803735061147     
   3.59715803134222       -13.4334516864870     
   3.64715803134222       -13.4360758303131     
   3.69715803134222       -13.4387159264793     
   3.74715803134222       -13.3958811996578     
   3.79715803134222       -13.4031397722181     
   3.84715803134222       -13.4334516864870     
   3.89715803134222       -13.4308433033794     
   3.94715803134222       -13.3982872694237     
   3.99715803134222       -13.5012714301440     
   4.04715803134222       -13.4632280763567     
   4.09715803134222       -13.4308433033794     
   4.14715803134222       -13.3211213146114     
   4.19715803134222       -13.4155136713982     
   4.24715803134222       -13.5012714301440     
   4.29715803134222       -13.4660390536906     
   4.34715803134222       -13.5074317388488     
   4.39715803134222       -13.5200208661568     
   4.44715803134222       -13.4031397722181     
   4.49715803134222       -13.4832980591321     
   4.54715803134222       -13.3568945842655     
   4.59715803134222       -13.2899477946349     
   4.64715803134222       -13.4982237370620     
   4.69715803134222       -13.5329858433212     
   4.74715803134222       -13.4982237370620     
   4.79715803134222       -13.3748061735742     
   4.84715803134222       -13.5362884788713     
   4.89715803134222       -13.3211213146114     
   4.94715803134222       -13.4660390536906     
 zone T = "ep =   0.630957344480193      ",
   1.44715803134222       -3.79195837509594     
   1.49715803134222       -4.02381246012753     
   1.54715803134222       -4.26075895897710     
   1.59715803134222       -4.50039770390213     
   1.64715803134222       -4.74349962078102     
   1.69715803134222       -4.98902526382719     
   1.74715803134222       -5.23627441465762     
   1.79715803134222       -5.48484669218543     
   1.84715803134222       -5.73458996008191     
   1.89715803134222       -5.98492360531542     
   1.94715803134222       -6.23579543922072     
   1.99715803134222       -6.48725635519478     
   2.04715803134222       -6.73875157363592     
   2.09715803134222       -6.99033235626915     
   2.14715803134222       -7.24208184508516     
   2.19715803134222       -7.49359730061857     
   2.24715803134222       -7.74521388620764     
   2.29715803134222       -7.99667813356546     
   2.34715803134222       -8.24802428212389     
   2.39715803134222       -8.49930574819092     
   2.44715803134222       -8.75055649222553     
   2.49715803134222       -9.00156895895379     
   2.54715803134222       -9.25252785109071     
   2.59715803134222       -9.50335184340600     
   2.64715803134222       -9.75406319933880     
   2.69715803134222       -10.0046321360296     
   2.74715803134222       -10.2549254499886     
   2.79715803134222       -10.5049447819848     
   2.84715803134222       -10.7544180455341     
   2.89715803134222       -11.0030968270463     
   2.94715803134222       -11.2504220879006     
   2.99715803134222       -11.4946246326971     
   3.04715803134222       -11.7348481091447     
   3.09715803134222       -11.9687144128826     
   3.14715803134222       -12.1884744869696     
   3.19715803134222       -12.3885059860230     
   3.24715803134222       -12.5704156313840     
   3.29715803134222       -12.7140405219084     
   3.34715803134222       -12.8210508618208     
   3.39715803134222       -12.9038234589580     
   3.44715803134222       -12.9301041024918     
   3.49715803134222       -12.9851738578370     
   3.54715803134222       -12.9955483778699     
   3.59715803134222       -12.9945949318626     
   3.64715803134222       -13.0071560483040     
   3.69715803134222       -13.0303104841291     
   3.74715803134222       -13.0150705175724     
   3.79715803134222       -13.0101070980408     
   3.84715803134222       -13.0022817605289     
   3.89715803134222       -13.0418364665197     
   3.94715803134222       -13.0013134335237     
   3.99715803134222       -13.0397179526510     
   4.04715803134222       -13.0110952542849     
   4.09715803134222       -12.9908019428454     
   4.14715803134222       -13.0081375051779     
   4.19715803134222       -12.9945949318626     
   4.24715803134222       -12.9879787835091     
   4.29715803134222       -13.0323834927520     
   4.34715803134222       -12.9936435744572     
   4.39715803134222       -13.0514997831991     
   4.44715803134222       -13.0160700450145     
   4.49715803134222       -12.9879787835091     
   4.54715803134222       -13.0818509427183     
   4.59715803134222       -13.0061768044124     
