 zone T = "ep =    1.00000000000000      ",
   1.30102999566398       -1.56681425731393     
   1.33674428137827       -1.58339384567405     
   1.37245856709255       -1.60847669484289     
   1.40817285280684       -1.64077219587147     
   1.44388713852112       -1.67914697403987     
   1.47960142423541       -1.72272242382166     
   1.51531570994970       -1.77082922536783     
   1.55102999566398       -1.82300918841806     
   1.58674428137827       -1.87893123474887     
   1.62245856709255       -1.93838663690591     
   1.65817285280684       -2.00124541112285     
   1.69388713852112       -2.06742668316335     
   1.72960142423541       -2.13689947698498     
   1.76531570994970       -2.20964819414224     
   1.80102999566398       -2.28567110812873     
   1.83674428137827       -2.36496430584065     
   1.87245856709255       -2.44751500843435     
   1.90817285280684       -2.53329501403023     
   1.94388713852112       -2.62225882553709     
   1.97960142423541       -2.71434030121822     
   2.01531570994970       -2.80945358919201     
   2.05102999566398       -2.90749507165395     
   2.08674428137827       -3.00834703274076     
   2.12245856709255       -3.11188063310170     
   2.15817285280684       -3.21795981803575     
   2.19388713852112       -3.32644536847863     
   2.22960142423541       -3.43719786121811     
   2.26531570994970       -3.55008028711423     
   2.30102999566398       -3.66496055182206     
   2.33674428137827       -3.78171232199552     
   2.37245856709255       -3.90021656747815     
   2.40817285280684       -4.02036151101564     
   2.44388713852112       -4.14204269503364     
   2.47960142423541       -4.26516307939886     
   2.51531570994970       -4.38963228685628     
   2.55102999566398       -4.51536627601420     
   2.58674428137827       -4.64228686939131     
   2.62245856709255       -4.77032102941321     
   2.65817285280684       -4.89940046642592     
   2.69388713852112       -5.02946087860324     
   2.72960142423541       -5.16044157529056     
   2.76531570994970       -5.29228531063894     
   2.80102999566398       -5.42493755983040     
   2.83674428137827       -5.55834598287014     
   2.87245856709255       -5.69246018605584     
   2.90817285280684       -5.82723224192232     
   2.94388713852112       -5.96261370304580     
   2.97960142423541       -6.09855957006178     
   3.01531570994970       -6.23502041335899     
   3.05102999566398       -6.37195165788888     
   3.08674428137827       -6.50930460297110     
   3.12245856709255       -6.64702386863331     
   3.15817285280684       -6.78505624740336     
