 zone T = "Var            1 : IMEX",
 0.00000E+00  0.39952E+01
-0.10000E+00  0.21233E+01
-0.20000E+00  0.39035E+01
-0.30000E+00  0.21578E+01
-0.40000E+00  0.37777E+01
-0.50000E+00  0.21895E+01
-0.60000E+00  0.36312E+01
-0.70000E+00  0.35633E+01
-0.80000E+00  0.35179E+01
-0.90000E+00  0.21944E+01
-0.10000E+01  0.21807E+01
-0.11000E+01  0.32941E+01
-0.12000E+01  0.21675E+01
-0.13000E+01  0.32201E+01
-0.14000E+01  0.31102E+01
-0.15000E+01  0.21255E+01
-0.16000E+01  0.30334E+01
-0.17000E+01  0.21022E+01
-0.18000E+01  0.20686E+01
-0.19000E+01  0.20685E+01
-0.20000E+01  0.20388E+01
-0.21000E+01  0.20163E+01
-0.22000E+01  0.20118E+01
-0.23000E+01  0.28410E+01
-0.24000E+01  0.28410E+01
-0.25000E+01  0.28487E+01
-0.26000E+01  0.28637E+01
-0.27000E+01  0.19247E+01
-0.28000E+01  0.28905E+01
-0.29000E+01  0.19243E+01
-0.30000E+01  0.29727E+01
-0.31000E+01  0.30069E+01
-0.32000E+01  0.30771E+01
-0.33000E+01  0.18795E+01
-0.34000E+01  0.32323E+01
-0.35000E+01  0.33133E+01
-0.36000E+01  0.34012E+01
-0.37000E+01  0.34792E+01
-0.38000E+01  0.35665E+01
-0.39000E+01  0.37038E+01
-0.40000E+01  0.37481E+01
-0.41000E+01  0.38141E+01
-0.42000E+01  0.38952E+01
-0.43000E+01  0.39814E+01
-0.44000E+01  0.39893E+01
-0.45000E+01  0.40676E+01
-0.46000E+01  0.18166E+01
-0.47000E+01  0.41227E+01
-0.48000E+01  0.41188E+01
-0.49000E+01  0.18082E+01
-0.50000E+01  0.17973E+01
-0.51000E+01  0.41439E+01
-0.52000E+01  0.41925E+01
-0.53000E+01  0.42064E+01
-0.54000E+01  0.44621E+01
-0.55000E+01  0.17867E+01
-0.56000E+01  0.41902E+01
-0.57000E+01  0.41873E+01
-0.58000E+01  0.17952E+01
-0.59000E+01  0.41876E+01
-0.60000E+01  0.17935E+01
-0.61000E+01  0.17970E+01
-0.62000E+01  0.17964E+01
-0.63000E+01  0.17893E+01
-0.64000E+01  0.17885E+01
-0.65000E+01  0.17987E+01
-0.66000E+01  0.17926E+01
-0.67000E+01  0.17984E+01
-0.68000E+01  0.17921E+01
-0.69000E+01  0.18020E+01
-0.70000E+01  0.17995E+01
-0.71000E+01  0.41933E+01
-0.72000E+01  0.17972E+01
-0.73000E+01  0.18012E+01
-0.74000E+01  0.17910E+01
-0.75000E+01  0.17944E+01
-0.76000E+01  0.17875E+01
-0.77000E+01  0.17951E+01
-0.78000E+01  0.17997E+01
-0.79000E+01  0.18000E+01
-0.80000E+01  0.17873E+01
 zone T = "Var            1 : Predicted",
 0.00000E+00  0.27385E+01
-0.10000E+00  0.28743E+01
-0.20000E+00  0.26459E+01
-0.30000E+00  0.28231E+01
-0.40000E+00  0.25314E+01
-0.50000E+00  0.27568E+01
-0.60000E+00  0.23977E+01
-0.70000E+00  0.23158E+01
-0.80000E+00  0.22493E+01
-0.90000E+00  0.25769E+01
-0.10000E+01  0.25224E+01
-0.11000E+01  0.19993E+01
-0.12000E+01  0.24032E+01
-0.13000E+01  0.18364E+01
-0.14000E+01  0.17432E+01
-0.15000E+01  0.22017E+01
-0.16000E+01  0.15822E+01
-0.17000E+01  0.20560E+01
-0.18000E+01  0.19844E+01
-0.19000E+01  0.19149E+01
-0.20000E+01  0.18481E+01
-0.21000E+01  0.17855E+01
-0.22000E+01  0.17267E+01
-0.23000E+01  0.12394E+01
-0.24000E+01  0.12256E+01
-0.25000E+01  0.12205E+01
-0.26000E+01  0.12234E+01
-0.27000E+01  0.14923E+01
-0.28000E+01  0.12524E+01
-0.29000E+01  0.14324E+01
-0.30000E+01  0.13149E+01
-0.31000E+01  0.13625E+01
-0.32000E+01  0.14077E+01
-0.33000E+01  0.13745E+01
-0.34000E+01  0.15255E+01
-0.35000E+01  0.16031E+01
-0.36000E+01  0.16881E+01
-0.37000E+01  0.17801E+01
-0.38000E+01  0.18478E+01
-0.39000E+01  0.19488E+01
-0.40000E+01  0.20548E+01
-0.41000E+01  0.21649E+01
-0.42000E+01  0.22775E+01
-0.43000E+01  0.23476E+01
-0.44000E+01  0.24587E+01
-0.45000E+01  0.25234E+01
-0.46000E+01  0.16390E+01
-0.47000E+01  0.26831E+01
-0.48000E+01  0.27345E+01
-0.49000E+01  0.17515E+01
-0.50000E+01  0.17905E+01
-0.51000E+01  0.28890E+01
-0.52000E+01  0.29170E+01
-0.53000E+01  0.29400E+01
-0.54000E+01  0.29578E+01
-0.55000E+01  0.19915E+01
-0.56000E+01  0.29813E+01
-0.57000E+01  0.29888E+01
-0.58000E+01  0.21135E+01
-0.59000E+01  0.29986E+01
-0.60000E+01  0.21941E+01
-0.61000E+01  0.22339E+01
-0.62000E+01  0.22733E+01
-0.63000E+01  0.23123E+01
-0.64000E+01  0.23506E+01
-0.65000E+01  0.23884E+01
-0.66000E+01  0.24255E+01
-0.67000E+01  0.24618E+01
-0.68000E+01  0.24973E+01
-0.69000E+01  0.25318E+01
-0.70000E+01  0.25654E+01
-0.71000E+01  0.30119E+01
-0.72000E+01  0.26292E+01
-0.73000E+01  0.26593E+01
-0.74000E+01  0.26882E+01
-0.75000E+01  0.27156E+01
-0.76000E+01  0.27416E+01
-0.77000E+01  0.27660E+01
-0.78000E+01  0.27888E+01
-0.79000E+01  0.28100E+01
-0.80000E+01  0.28294E+01
 zone T = "Var            2 : IMEX",
 0.00000E+00  0.21448E+01
-0.10000E+00  0.21736E+01
-0.20000E+00  0.21880E+01
-0.30000E+00  0.22127E+01
-0.40000E+00  0.22213E+01
-0.50000E+00  0.22130E+01
-0.60000E+00  0.22304E+01
-0.70000E+00  0.22318E+01
-0.80000E+00  0.22178E+01
-0.90000E+00  0.22158E+01
-0.10000E+01  0.22020E+01
-0.11000E+01  0.21756E+01
-0.12000E+01  0.21595E+01
-0.13000E+01  0.21337E+01
-0.14000E+01  0.21132E+01
-0.15000E+01  0.20662E+01
-0.16000E+01  0.20280E+01
-0.17000E+01  0.19729E+01
-0.18000E+01  0.19247E+01
-0.19000E+01  0.18746E+01
-0.20000E+01  0.18485E+01
-0.21000E+01  0.18099E+01
-0.22000E+01  0.17767E+01
-0.23000E+01  0.17533E+01
-0.24000E+01  0.17329E+01
-0.25000E+01  0.17119E+01
-0.26000E+01  0.16941E+01
-0.27000E+01  0.16869E+01
-0.28000E+01  0.16599E+01
-0.29000E+01  0.16531E+01
-0.30000E+01  0.16488E+01
-0.31000E+01  0.16224E+01
-0.32000E+01  0.16388E+01
-0.33000E+01  0.16148E+01
-0.34000E+01  0.16128E+01
-0.35000E+01  0.16149E+01
-0.36000E+01  0.16152E+01
-0.37000E+01  0.16130E+01
-0.38000E+01  0.16068E+01
-0.39000E+01  0.16086E+01
-0.40000E+01  0.16127E+01
-0.41000E+01  0.16144E+01
-0.42000E+01  0.16210E+01
-0.43000E+01  0.16179E+01
-0.44000E+01  0.16232E+01
-0.45000E+01  0.16192E+01
-0.46000E+01  0.16304E+01
-0.47000E+01  0.16366E+01
-0.48000E+01  0.43583E+01
-0.49000E+01  0.16366E+01
-0.50000E+01  0.16471E+01
-0.51000E+01  0.42792E+01
-0.52000E+01  0.16357E+01
-0.53000E+01  0.16472E+01
-0.54000E+01  0.16394E+01
-0.55000E+01  0.16543E+01
-0.56000E+01  0.16496E+01
-0.57000E+01  0.42115E+01
-0.58000E+01  0.41929E+01
-0.59000E+01  0.42013E+01
-0.60000E+01  0.42493E+01
-0.61000E+01  0.42007E+01
-0.62000E+01  0.42180E+01
-0.63000E+01  0.42024E+01
-0.64000E+01  0.41842E+01
-0.65000E+01  0.16581E+01
-0.66000E+01  0.41719E+01
-0.67000E+01  0.16624E+01
-0.68000E+01  0.41837E+01
-0.69000E+01  0.42110E+01
-0.70000E+01  0.42417E+01
-0.71000E+01  0.42942E+01
-0.72000E+01  0.43138E+01
-0.73000E+01  0.42107E+01
-0.74000E+01  0.41685E+01
-0.75000E+01  0.16546E+01
-0.76000E+01  0.16558E+01
-0.77000E+01  0.41589E+01
-0.78000E+01  0.16529E+01
-0.79000E+01  0.41628E+01
-0.80000E+01  0.16549E+01
 zone T = "Var            2 : Predicted",
 0.00000E+00  0.29846E+01
-0.10000E+00  0.29803E+01
-0.20000E+00  0.29753E+01
-0.30000E+00  0.29697E+01
-0.40000E+00  0.29633E+01
-0.50000E+00  0.29563E+01
-0.60000E+00  0.29488E+01
-0.70000E+00  0.29409E+01
-0.80000E+00  0.29327E+01
-0.90000E+00  0.29245E+01
-0.10000E+01  0.29165E+01
-0.11000E+01  0.29087E+01
-0.12000E+01  0.29014E+01
-0.13000E+01  0.28947E+01
-0.14000E+01  0.28886E+01
-0.15000E+01  0.28833E+01
-0.16000E+01  0.28787E+01
-0.17000E+01  0.28750E+01
-0.18000E+01  0.28721E+01
-0.19000E+01  0.28701E+01
-0.20000E+01  0.28690E+01
-0.21000E+01  0.28688E+01
-0.22000E+01  0.28695E+01
-0.23000E+01  0.28710E+01
-0.24000E+01  0.28735E+01
-0.25000E+01  0.28767E+01
-0.26000E+01  0.28808E+01
-0.27000E+01  0.28856E+01
-0.28000E+01  0.28912E+01
-0.29000E+01  0.28975E+01
-0.30000E+01  0.29044E+01
-0.31000E+01  0.29118E+01
-0.32000E+01  0.29197E+01
-0.33000E+01  0.29278E+01
-0.34000E+01  0.29361E+01
-0.35000E+01  0.29445E+01
-0.36000E+01  0.29526E+01
-0.37000E+01  0.29605E+01
-0.38000E+01  0.29678E+01
-0.39000E+01  0.29745E+01
-0.40000E+01  0.29805E+01
-0.41000E+01  0.29856E+01
-0.42000E+01  0.29898E+01
-0.43000E+01  0.29933E+01
-0.44000E+01  0.29960E+01
-0.45000E+01  0.29981E+01
-0.46000E+01  0.29997E+01
-0.47000E+01  0.30010E+01
-0.48000E+01  0.29842E+01
-0.49000E+01  0.30027E+01
-0.50000E+01  0.30033E+01
-0.51000E+01  0.29850E+01
-0.52000E+01  0.30041E+01
-0.53000E+01  0.30044E+01
-0.54000E+01  0.30046E+01
-0.55000E+01  0.30048E+01
-0.56000E+01  0.30049E+01
-0.57000E+01  0.29856E+01
-0.58000E+01  0.29856E+01
-0.59000E+01  0.29856E+01
-0.60000E+01  0.29856E+01
-0.61000E+01  0.29856E+01
-0.62000E+01  0.29856E+01
-0.63000E+01  0.29856E+01
-0.64000E+01  0.29856E+01
-0.65000E+01  0.30054E+01
-0.66000E+01  0.29856E+01
-0.67000E+01  0.30054E+01
-0.68000E+01  0.29856E+01
-0.69000E+01  0.29856E+01
-0.70000E+01  0.29856E+01
-0.71000E+01  0.29856E+01
-0.72000E+01  0.29856E+01
-0.73000E+01  0.29856E+01
-0.74000E+01  0.29856E+01
-0.75000E+01  0.30054E+01
-0.76000E+01  0.30054E+01
-0.77000E+01  0.29856E+01
-0.78000E+01  0.30054E+01
-0.79000E+01  0.29856E+01
-0.80000E+01  0.30054E+01
 zone T = "Var            3 : IMEX",
 0.00000E+00  0.37171E+01
-0.10000E+00  0.36836E+01
-0.20000E+00  0.36417E+01
-0.30000E+00  0.35934E+01
-0.40000E+00  0.35401E+01
-0.50000E+00  0.34828E+01
-0.60000E+00  0.34205E+01
-0.70000E+00  0.33537E+01
-0.80000E+00  0.32826E+01
-0.90000E+00  0.32064E+01
-0.10000E+01  0.31245E+01
-0.11000E+01  0.30375E+01
-0.12000E+01  0.29468E+01
-0.13000E+01  0.28548E+01
-0.14000E+01  0.27643E+01
-0.15000E+01  0.26776E+01
-0.16000E+01  0.25942E+01
-0.17000E+01  0.25148E+01
-0.18000E+01  0.24396E+01
-0.19000E+01  0.23692E+01
-0.20000E+01  0.23011E+01
-0.21000E+01  0.22342E+01
-0.22000E+01  0.21691E+01
-0.23000E+01  0.21070E+01
-0.24000E+01  0.20214E+01
-0.25000E+01  0.19650E+01
-0.26000E+01  0.19097E+01
-0.27000E+01  0.18327E+01
-0.28000E+01  0.17597E+01
-0.29000E+01  0.16910E+01
-0.30000E+01  0.16272E+01
-0.31000E+01  0.15685E+01
-0.32000E+01  0.15156E+01
-0.33000E+01  0.14683E+01
-0.34000E+01  0.14264E+01
-0.35000E+01  0.13898E+01
-0.36000E+01  0.13588E+01
-0.37000E+01  0.13348E+01
-0.38000E+01  0.13186E+01
-0.39000E+01  0.13107E+01
-0.40000E+01  0.13112E+01
-0.41000E+01  0.13190E+01
-0.42000E+01  0.13317E+01
-0.43000E+01  0.13473E+01
-0.44000E+01  0.13640E+01
-0.45000E+01  0.13818E+01
-0.46000E+01  0.14014E+01
-0.47000E+01  0.14217E+01
-0.48000E+01  0.14419E+01
-0.49000E+01  0.14625E+01
-0.50000E+01  0.14853E+01
-0.51000E+01  0.15114E+01
-0.52000E+01  0.15411E+01
-0.53000E+01  0.15739E+01
-0.54000E+01  0.16091E+01
-0.55000E+01  0.16455E+01
-0.56000E+01  0.18525E+01
-0.57000E+01  0.18895E+01
-0.58000E+01  0.19253E+01
-0.59000E+01  0.19616E+01
-0.60000E+01  0.19989E+01
-0.61000E+01  0.20371E+01
-0.62000E+01  0.20760E+01
-0.63000E+01  0.24438E+01
-0.64000E+01  0.24725E+01
-0.65000E+01  0.24990E+01
-0.66000E+01  0.25234E+01
-0.67000E+01  0.25457E+01
-0.68000E+01  0.25662E+01
-0.69000E+01  0.25849E+01
-0.70000E+01  0.26020E+01
-0.71000E+01  0.26176E+01
-0.72000E+01  0.26319E+01
-0.73000E+01  0.26450E+01
-0.74000E+01  0.26570E+01
-0.75000E+01  0.26681E+01
-0.76000E+01  0.26438E+01
-0.77000E+01  0.26473E+01
-0.78000E+01  0.26502E+01
-0.79000E+01  0.26527E+01
-0.80000E+01  0.26547E+01
 zone T = "Var            3 : Predicted",
 0.00000E+00  0.28066E+01
-0.10000E+00  0.27739E+01
-0.20000E+00  0.27377E+01
-0.30000E+00  0.26980E+01
-0.40000E+00  0.26550E+01
-0.50000E+00  0.26089E+01
-0.60000E+00  0.25599E+01
-0.70000E+00  0.25084E+01
-0.80000E+00  0.24547E+01
-0.90000E+00  0.23992E+01
-0.10000E+01  0.23424E+01
-0.11000E+01  0.22845E+01
-0.12000E+01  0.22261E+01
-0.13000E+01  0.21675E+01
-0.14000E+01  0.21091E+01
-0.15000E+01  0.20511E+01
-0.16000E+01  0.19940E+01
-0.17000E+01  0.19379E+01
-0.18000E+01  0.18831E+01
-0.19000E+01  0.18297E+01
-0.20000E+01  0.17780E+01
-0.21000E+01  0.17281E+01
-0.22000E+01  0.16799E+01
-0.23000E+01  0.16338E+01
-0.24000E+01  0.15708E+01
-0.25000E+01  0.15290E+01
-0.26000E+01  0.14893E+01
-0.27000E+01  0.14343E+01
-0.28000E+01  0.13827E+01
-0.29000E+01  0.13346E+01
-0.30000E+01  0.12904E+01
-0.31000E+01  0.12500E+01
-0.32000E+01  0.12134E+01
-0.33000E+01  0.11808E+01
-0.34000E+01  0.11518E+01
-0.35000E+01  0.11265E+01
-0.36000E+01  0.11045E+01
-0.37000E+01  0.10857E+01
-0.38000E+01  0.10697E+01
-0.39000E+01  0.10563E+01
-0.40000E+01  0.10452E+01
-0.41000E+01  0.10360E+01
-0.42000E+01  0.10286E+01
-0.43000E+01  0.10227E+01
-0.44000E+01  0.10180E+01
-0.45000E+01  0.10142E+01
-0.46000E+01  0.10113E+01
-0.47000E+01  0.10090E+01
-0.48000E+01  0.10071E+01
-0.49000E+01  0.10057E+01
-0.50000E+01  0.10046E+01
-0.51000E+01  0.10037E+01
-0.52000E+01  0.10030E+01
-0.53000E+01  0.10024E+01
-0.54000E+01  0.10020E+01
-0.55000E+01  0.10016E+01
-0.56000E+01  0.10007E+01
-0.57000E+01  0.10006E+01
-0.58000E+01  0.10006E+01
-0.59000E+01  0.10005E+01
-0.60000E+01  0.10005E+01
-0.61000E+01  0.10005E+01
-0.62000E+01  0.10004E+01
-0.63000E+01  0.10005E+01
-0.64000E+01  0.10005E+01
-0.65000E+01  0.10005E+01
-0.66000E+01  0.10005E+01
-0.67000E+01  0.10005E+01
-0.68000E+01  0.10005E+01
-0.69000E+01  0.10005E+01
-0.70000E+01  0.10005E+01
-0.71000E+01  0.10005E+01
-0.72000E+01  0.10005E+01
-0.73000E+01  0.10005E+01
-0.74000E+01  0.10005E+01
-0.75000E+01  0.10005E+01
-0.76000E+01  0.10007E+01
-0.77000E+01  0.10007E+01
-0.78000E+01  0.10007E+01
-0.79000E+01  0.10007E+01
-0.80000E+01  0.10007E+01
