 zone T = "ep =   1.25892541179416732E-002 ",
   1.0000000000000000       -3.1511108411793276     
   1.0500000000000000       -3.5527208669558243     
   1.1000000000000001       -3.9518445755888911     
   1.1499999999999999       -4.3405211189553814     
   1.2000000000000000       -4.6021781715548169     
   1.2500000000000000       -4.5599341415801735     
   1.3000000000000000       -4.3597629895731878     
   1.3499999999999999       -4.8809277439269687     
   1.3999999999999999       -5.5162600830945419     
   1.4500000000000000       -5.4959500035668496     
   1.5000000000000000       -5.5512665426371397     
   1.5500000000000000       -6.7002407997792570     
   1.6000000000000001       -5.9952747832337643     
   1.6499999999999999       -6.3159947713107272     
   1.7000000000000000       -7.3516648334446355     
   1.7500000000000000       -6.3306780407373786     
   1.8000000000000000       -6.4442872401203788     
   1.8499999999999999       -6.6420785429945433     
   1.9000000000000001       -6.7442923517558109     
   1.9500000000000000       -6.8199485930863730     
   2.0000000000000000       -7.0014020144498952     
   2.0499999999999998       -7.0191884589449245     
   2.1000000000000001       -7.1403593893809285     
   2.1499999999999999       -7.3502729979276209     
   2.2000000000000002       -7.5025907082669727     
   2.2500000000000000       -7.6538907852627425     
   2.2999999999999998       -7.8805728158774659     
   2.3500000000000001       -7.9960017315032932     
   2.3999999999999999       -8.2275582705439021     
   2.4500000000000002       -8.4032054337237785     
   2.5000000000000000       -8.5590653420520972     
   2.5499999999999998       -8.7581159010634604     
   2.6000000000000001       -8.9700916208133776     
   2.6499999999999999       -9.1556202528852371     
   2.7000000000000002       -9.4010543181810498     
   2.7500000000000000       -9.5867111465420027     
   2.7999999999999998       -9.8068806819081900     
   2.8500000000000001       -9.9756600454549194     
   2.8999999999999999       -10.179075438220693     
   2.9500000000000002       -10.408948709470430     
   3.0000000000000000       -10.622806275592550     
   3.0499999999999998       -10.805666448101734     
   3.1000000000000001       -11.001294088988745     
   3.1499999999999999       -11.204281983947865     
   3.2000000000000002       -11.393059076787933     
   3.2500000000000000       -11.594375156895651     
   3.2999999999999998       -11.786740971600974     
   3.3500000000000001       -11.987978783509069     
   3.3999999999999999       -12.181095877920033     
   3.4500000000000002       -12.352746980408906     
   3.5000000000000000       -12.531671789423340     
   3.5499999999999998       -12.679048081789693     
   3.6000000000000001       -12.830738129223917     
   3.6499999999999999       -12.921971009340284     
   3.7000000000000002       -13.076067974689797     
   3.7500000000000000       -13.088893710274933     
   3.7999999999999998       -13.132421690822985     
   3.8500000000000001       -13.223807494524614     
   3.8999999999999999       -13.241940068563792     
   3.9500000000000002       -13.280647771556916     
   4.0000000000000000       -13.266169948188292     
   4.0499999999999998       -13.471716186582249     
   4.0999999999999996       -13.231955847657192     
   4.1500000000000004       -13.113230299736149     
   4.2000000000000002       -13.477468515471340     
   4.2500000000000000       -13.132421690822985     
   4.2999999999999998       -13.446733898495172     
   4.3499999999999996       -13.377097970353779     
   4.4000000000000004       -13.079528506799303     
   4.4500000000000002       -13.108252658061199     
   4.5000000000000000       -13.374806173574193     
