 zone T = "ep =    1.0000000000000000      ",
  0.47712125471966244       -8.0420575651496753E-002
  0.52712125471966242       -8.0420575651496753E-002
  0.57712125471966247       -8.0420575651496753E-002
  0.62712125471966251       -8.0420575651496753E-002
  0.67712125471966245       -8.0420575651496753E-002
  0.72712125471966249       -8.0420575651496753E-002
  0.77712125471966242       -8.0420575651496753E-002
  0.82712125471966247       -8.0420575651496753E-002
  0.87712125471966240       -8.0420575651496753E-002
  0.92712125471966245       -8.0420575651496753E-002
  0.97712125471966238       -8.0420575651496753E-002
   1.0271212547196624       -8.0420575651496753E-002
   1.0771212547196625       -8.0420575651496753E-002
   1.1271212547196625       -8.0420575651496753E-002
   1.1771212547196623       -8.0420575651496753E-002
   1.2271212547196626       -8.0420575651496753E-002
   1.2771212547196626       -8.0420575651496753E-002
   1.3271212547196625       -8.0420575651496753E-002
   1.3771212547196625       -8.0420575651496753E-002
   1.4271212547196623       -8.0420575651496753E-002
   1.4771212547196624       -8.0420575651496753E-002
   1.5271212547196624       -8.0420575651496753E-002
   1.5771212547196625       -8.0420575651496753E-002
   1.6271212547196623       -8.0420575651496753E-002
   1.6771212547196623       -8.0420575651496753E-002
   1.7271212547196626       -8.0420575651496753E-002
   1.7771212547196624       -8.0420575651496753E-002
   1.8271212547196625       -8.0420575651496753E-002
   1.8771212547196623       -8.0420575651496753E-002
   1.9271212547196623       -8.0420575651496753E-002
   1.9771212547196624       -8.0420575651496753E-002
   2.0271212547196624       -8.0420575651496753E-002
   2.0771212547196627       -8.0420575651496753E-002
   2.1271212547196625       -8.0420575651496753E-002
   2.1771212547196623       -8.0420575651496753E-002
   2.2271212547196626       -8.0420575651496753E-002
   2.2771212547196624       -8.0420575651496753E-002
   2.3271212547196622       -8.0420575651496753E-002
   2.3771212547196625       -8.0420575651496753E-002
   2.4271212547196623       -8.0420575651496753E-002
   2.4771212547196626       -8.0420575651496753E-002
   2.5271212547196624       -8.0420575651496753E-002
   2.5771212547196622       -8.0420575651496753E-002
   2.6271212547196625       -8.0420575651496753E-002
   2.6771212547196628       -8.0420575651496753E-002
   2.7271212547196626       -8.0420575651496753E-002
   2.7771212547196624       -8.0420575651496753E-002
   2.8271212547196627       -8.0420575651496753E-002
   2.8771212547196625       -8.0420575651496753E-002
   2.9271212547196628       -8.0420575651496753E-002
   2.9771212547196626       -8.0420575651496753E-002
   3.0271212547196624       -8.0420575651496753E-002
   3.0771212547196627       -8.0420575651496753E-002
   3.1271212547196625       -8.0420575651496753E-002
   3.1771212547196628       -8.0420575651496753E-002
   3.2271212547196626       -8.0420575651496753E-002
   3.2771212547196624       -8.0420575651496753E-002
   3.3271212547196627       -8.0420575651496753E-002
   3.3771212547196625       -8.0420575651496753E-002
   3.4271212547196628       -8.0420575651496753E-002
   3.4771212547196626       -8.0420575651496753E-002
   3.5271212547196624       -8.0420575651496753E-002
   3.5771212547196622       -8.0420575651496753E-002
   3.6271212547196625       -8.0420575651496753E-002
   3.6771212547196628       -8.0420575651496753E-002
   3.7271212547196626       -8.0420575651496753E-002
   3.7771212547196624       -8.0420575651496753E-002
   3.8271212547196627       -8.0420575651496753E-002
   3.8771212547196625       -8.0420575651496753E-002
   3.9271212547196628       -8.0420575651496753E-002
   3.9771212547196626       -8.0420575651496753E-002
 zone T = "ep =   0.79432823472428149      ",
  0.47712125471966244       -8.0420575651496753E-002
  0.52712125471966242       -8.0420575651496753E-002
  0.57712125471966247       -8.0420575651496753E-002
  0.62712125471966251       -8.0420575651496753E-002
  0.67712125471966245       -8.0420575651496753E-002
  0.72712125471966249       -8.0420575651496753E-002
  0.77712125471966242       -8.0420575651496753E-002
  0.82712125471966247       -8.0420575651496753E-002
  0.87712125471966240       -8.0420575651496753E-002
  0.92712125471966245       -8.0420575651496753E-002
  0.97712125471966238       -8.0420575651496753E-002
   1.0271212547196624       -8.0420575651496753E-002
   1.0771212547196625       -8.0420575651496753E-002
   1.1271212547196625       -8.0420575651496753E-002
   1.1771212547196623       -8.0420575651496753E-002
   1.2271212547196626       -8.0420575651496753E-002
   1.2771212547196626       -8.0420575651496753E-002
   1.3271212547196625       -8.0420575651496753E-002
   1.3771212547196625       -8.0420575651496753E-002
   1.4271212547196623       -8.0420575651496753E-002
   1.4771212547196624       -8.0420575651496753E-002
   1.5271212547196624       -8.0420575651496753E-002
   1.5771212547196625       -8.0420575651496753E-002
   1.6271212547196623       -8.0420575651496753E-002
   1.6771212547196623       -8.0420575651496753E-002
   1.7271212547196626       -8.0420575651496753E-002
   1.7771212547196624       -8.0420575651496753E-002
   1.8271212547196625       -8.0420575651496753E-002
   1.8771212547196623       -8.0420575651496753E-002
   1.9271212547196623       -8.0420575651496753E-002
   1.9771212547196624       -8.0420575651496753E-002
   2.0271212547196624       -8.0420575651496753E-002
   2.0771212547196627       -8.0420575651496753E-002
   2.1271212547196625       -8.0420575651496753E-002
   2.1771212547196623       -8.0420575651496753E-002
   2.2271212547196626       -8.0420575651496753E-002
   2.2771212547196624       -8.0420575651496753E-002
   2.3271212547196622       -8.0420575651496753E-002
   2.3771212547196625       -8.0420575651496753E-002
   2.4271212547196623       -8.0420575651496753E-002
   2.4771212547196626       -8.0420575651496753E-002
   2.5271212547196624       -8.0420575651496753E-002
   2.5771212547196622       -8.0420575651496753E-002
   2.6271212547196625       -8.0420575651496753E-002
   2.6771212547196628       -8.0420575651496753E-002
   2.7271212547196626       -8.0420575651496753E-002
   2.7771212547196624       -8.0420575651496753E-002
   2.8271212547196627       -8.0420575651496753E-002
   2.8771212547196625       -8.0420575651496753E-002
   2.9271212547196628       -8.0420575651496753E-002
   2.9771212547196626       -8.0420575651496753E-002
   3.0271212547196624       -8.0420575651496753E-002
   3.0771212547196627       -8.0420575651496753E-002
   3.1271212547196625       -8.0420575651496753E-002
   3.1771212547196628       -8.0420575651496753E-002
   3.2271212547196626       -8.0420575651496753E-002
   3.2771212547196624       -8.0420575651496753E-002
   3.3271212547196627       -8.0420575651496753E-002
   3.3771212547196625       -8.0420575651496753E-002
   3.4271212547196628       -8.0420575651496753E-002
   3.4771212547196626       -8.0420575651496753E-002
   3.5271212547196624       -8.0420575651496753E-002
   3.5771212547196622       -8.0420575651496753E-002
   3.6271212547196625       -8.0420575651496753E-002
   3.6771212547196628       -8.0420575651496753E-002
   3.7271212547196626       -8.0420575651496753E-002
   3.7771212547196624       -8.0420575651496753E-002
   3.8271212547196627       -8.0420575651496753E-002
   3.8771212547196625       -8.0420575651496753E-002
   3.9271212547196628       -8.0420575651496753E-002
   3.9771212547196626       -8.0420575651496753E-002
 zone T = "ep =   0.63095734448019325      ",
  0.47712125471966244       -8.0420575651496753E-002
  0.52712125471966242       -8.0420575651496753E-002
  0.57712125471966247       -8.0420575651496753E-002
  0.62712125471966251       -8.0420575651496753E-002
  0.67712125471966245       -8.0420575651496753E-002
  0.72712125471966249       -8.0420575651496753E-002
  0.77712125471966242       -8.0420575651496753E-002
  0.82712125471966247       -8.0420575651496753E-002
  0.87712125471966240       -8.0420575651496753E-002
  0.92712125471966245       -8.0420575651496753E-002
  0.97712125471966238       -8.0420575651496753E-002
   1.0271212547196624       -8.0420575651496753E-002
   1.0771212547196625       -8.0420575651496753E-002
   1.1271212547196625       -8.0420575651496753E-002
   1.1771212547196623       -8.0420575651496753E-002
   1.2271212547196626       -8.0420575651496753E-002
   1.2771212547196626       -8.0420575651496753E-002
   1.3271212547196625       -8.0420575651496753E-002
   1.3771212547196625       -8.0420575651496753E-002
   1.4271212547196623       -8.0420575651496753E-002
   1.4771212547196624       -8.0420575651496753E-002
   1.5271212547196624       -8.0420575651496753E-002
   1.5771212547196625       -8.0420575651496753E-002
   1.6271212547196623       -8.0420575651496753E-002
   1.6771212547196623       -8.0420575651496753E-002
   1.7271212547196626       -8.0420575651496753E-002
   1.7771212547196624       -8.0420575651496753E-002
   1.8271212547196625       -8.0420575651496753E-002
   1.8771212547196623       -8.0420575651496753E-002
   1.9271212547196623       -8.0420575651496753E-002
   1.9771212547196624       -8.0420575651496753E-002
   2.0271212547196624       -8.0420575651496753E-002
   2.0771212547196627       -8.0420575651496753E-002
   2.1271212547196625       -8.0420575651496753E-002
   2.1771212547196623       -8.0420575651496753E-002
   2.2271212547196626       -8.0420575651496753E-002
   2.2771212547196624       -8.0420575651496753E-002
   2.3271212547196622       -8.0420575651496753E-002
   2.3771212547196625       -8.0420575651496753E-002
   2.4271212547196623       -8.0420575651496753E-002
   2.4771212547196626       -8.0420575651496753E-002
   2.5271212547196624       -8.0420575651496753E-002
   2.5771212547196622       -8.0420575651496753E-002
   2.6271212547196625       -8.0420575651496753E-002
   2.6771212547196628       -8.0420575651496753E-002
   2.7271212547196626       -8.0420575651496753E-002
   2.7771212547196624       -8.0420575651496753E-002
   2.8271212547196627       -8.0420575651496753E-002
   2.8771212547196625       -8.0420575651496753E-002
   2.9271212547196628       -8.0420575651496753E-002
   2.9771212547196626       -8.0420575651496753E-002
   3.0271212547196624       -8.0420575651496753E-002
   3.0771212547196627       -8.0420575651496753E-002
   3.1271212547196625       -8.0420575651496753E-002
   3.1771212547196628       -8.0420575651496753E-002
   3.2271212547196626       -8.0420575651496753E-002
   3.2771212547196624       -8.0420575651496753E-002
   3.3271212547196627       -8.0420575651496753E-002
   3.3771212547196625       -8.0420575651496753E-002
   3.4271212547196628       -8.0420575651496753E-002
   3.4771212547196626       -8.0420575651496753E-002
   3.5271212547196624       -8.0420575651496753E-002
   3.5771212547196622       -8.0420575651496753E-002
   3.6271212547196625       -8.0420575651496753E-002
   3.6771212547196628       -8.0420575651496753E-002
   3.7271212547196626       -8.0420575651496753E-002
   3.7771212547196624       -8.0420575651496753E-002
   3.8271212547196627       -8.0420575651496753E-002
   3.8771212547196625       -8.0420575651496753E-002
   3.9271212547196628       -8.0420575651496753E-002
   3.9771212547196626       -8.0420575651496753E-002
 zone T = "ep =   0.50118723362727235      ",
  0.47712125471966244       -8.0420575651496753E-002
  0.52712125471966242       -8.0420575651496753E-002
  0.57712125471966247       -8.0420575651496753E-002
  0.62712125471966251       -8.0420575651496753E-002
  0.67712125471966245       -8.0420575651496753E-002
  0.72712125471966249       -8.0420575651496753E-002
  0.77712125471966242       -8.0420575651496753E-002
  0.82712125471966247       -8.0420575651496753E-002
  0.87712125471966240       -8.0420575651496753E-002
  0.92712125471966245       -8.0420575651496753E-002
  0.97712125471966238       -8.0420575651496753E-002
   1.0271212547196624       -8.0420575651496753E-002
   1.0771212547196625       -8.0420575651496753E-002
   1.1271212547196625       -8.0420575651496753E-002
   1.1771212547196623       -8.0420575651496753E-002
   1.2271212547196626       -8.0420575651496753E-002
   1.2771212547196626       -8.0420575651496753E-002
   1.3271212547196625       -8.0420575651496753E-002
   1.3771212547196625       -8.0420575651496753E-002
   1.4271212547196623       -8.0420575651496753E-002
   1.4771212547196624       -8.0420575651496753E-002
   1.5271212547196624       -8.0420575651496753E-002
   1.5771212547196625       -8.0420575651496753E-002
   1.6271212547196623       -8.0420575651496753E-002
   1.6771212547196623       -8.0420575651496753E-002
   1.7271212547196626       -8.0420575651496753E-002
   1.7771212547196624       -8.0420575651496753E-002
   1.8271212547196625       -8.0420575651496753E-002
   1.8771212547196623       -8.0420575651496753E-002
   1.9271212547196623       -8.0420575651496753E-002
   1.9771212547196624       -8.0420575651496753E-002
   2.0271212547196624       -8.0420575651496753E-002
   2.0771212547196627       -8.0420575651496753E-002
   2.1271212547196625       -8.0420575651496753E-002
   2.1771212547196623       -8.0420575651496753E-002
   2.2271212547196626       -8.0420575651496753E-002
   2.2771212547196624       -8.0420575651496753E-002
   2.3271212547196622       -8.0420575651496753E-002
   2.3771212547196625       -8.0420575651496753E-002
   2.4271212547196623       -8.0420575651496753E-002
   2.4771212547196626       -8.0420575651496753E-002
   2.5271212547196624       -8.0420575651496753E-002
   2.5771212547196622       -8.0420575651496753E-002
   2.6271212547196625       -8.0420575651496753E-002
   2.6771212547196628       -8.0420575651496753E-002
   2.7271212547196626       -8.0420575651496753E-002
   2.7771212547196624       -8.0420575651496753E-002
   2.8271212547196627       -8.0420575651496753E-002
   2.8771212547196625       -8.0420575651496753E-002
   2.9271212547196628       -8.0420575651496753E-002
   2.9771212547196626       -8.0420575651496753E-002
   3.0271212547196624       -8.0420575651496753E-002
   3.0771212547196627       -8.0420575651496753E-002
   3.1271212547196625       -8.0420575651496753E-002
   3.1771212547196628       -8.0420575651496753E-002
   3.2271212547196626       -8.0420575651496753E-002
   3.2771212547196624       -8.0420575651496753E-002
   3.3271212547196627       -8.0420575651496753E-002
   3.3771212547196625       -8.0420575651496753E-002
   3.4271212547196628       -8.0420575651496753E-002
   3.4771212547196626       -8.0420575651496753E-002
   3.5271212547196624       -8.0420575651496753E-002
   3.5771212547196622       -8.0420575651496753E-002
   3.6271212547196625       -8.0420575651496753E-002
   3.6771212547196628       -8.0420575651496753E-002
   3.7271212547196626       -8.0420575651496753E-002
   3.7771212547196624       -8.0420575651496753E-002
   3.8271212547196627       -8.0420575651496753E-002
   3.8771212547196625       -8.0420575651496753E-002
   3.9271212547196628       -8.0420575651496753E-002
   3.9771212547196626       -8.0420575651496753E-002
 zone T = "ep =   0.39810717055349726      ",
  0.47712125471966244       -8.0420575651496753E-002
  0.52712125471966242       -8.0420575651496753E-002
  0.57712125471966247       -8.0420575651496753E-002
  0.62712125471966251       -8.0420575651496753E-002
  0.67712125471966245       -8.0420575651496753E-002
  0.72712125471966249       -8.0420575651496753E-002
  0.77712125471966242       -8.0420575651496753E-002
  0.82712125471966247       -8.0420575651496753E-002
  0.87712125471966240       -8.0420575651496753E-002
  0.92712125471966245       -8.0420575651496753E-002
  0.97712125471966238       -8.0420575651496753E-002
   1.0271212547196624       -8.0420575651496753E-002
   1.0771212547196625       -8.0420575651496753E-002
   1.1271212547196625       -8.0420575651496753E-002
   1.1771212547196623       -8.0420575651496753E-002
   1.2271212547196626       -8.0420575651496753E-002
   1.2771212547196626       -8.0420575651496753E-002
   1.3271212547196625       -8.0420575651496753E-002
   1.3771212547196625       -8.0420575651496753E-002
   1.4271212547196623       -8.0420575651496753E-002
   1.4771212547196624       -8.0420575651496753E-002
   1.5271212547196624       -8.0420575651496753E-002
   1.5771212547196625       -8.0420575651496753E-002
   1.6271212547196623       -8.0420575651496753E-002
   1.6771212547196623       -8.0420575651496753E-002
   1.7271212547196626       -8.0420575651496753E-002
   1.7771212547196624       -8.0420575651496753E-002
   1.8271212547196625       -8.0420575651496753E-002
   1.8771212547196623       -8.0420575651496753E-002
   1.9271212547196623       -8.0420575651496753E-002
   1.9771212547196624       -8.0420575651496753E-002
   2.0271212547196624       -8.0420575651496753E-002
   2.0771212547196627       -8.0420575651496753E-002
   2.1271212547196625       -8.0420575651496753E-002
   2.1771212547196623       -8.0420575651496753E-002
   2.2271212547196626       -8.0420575651496753E-002
   2.2771212547196624       -8.0420575651496753E-002
   2.3271212547196622       -8.0420575651496753E-002
   2.3771212547196625       -8.0420575651496753E-002
   2.4271212547196623       -8.0420575651496753E-002
   2.4771212547196626       -8.0420575651496753E-002
   2.5271212547196624       -8.0420575651496753E-002
   2.5771212547196622       -8.0420575651496753E-002
   2.6271212547196625       -8.0420575651496753E-002
   2.6771212547196628       -8.0420575651496753E-002
   2.7271212547196626       -8.0420575651496753E-002
   2.7771212547196624       -8.0420575651496753E-002
   2.8271212547196627       -8.0420575651496753E-002
   2.8771212547196625       -8.0420575651496753E-002
   2.9271212547196628       -8.0420575651496753E-002
   2.9771212547196626       -8.0420575651496753E-002
   3.0271212547196624       -8.0420575651496753E-002
   3.0771212547196627       -8.0420575651496753E-002
   3.1271212547196625       -8.0420575651496753E-002
   3.1771212547196628       -8.0420575651496753E-002
   3.2271212547196626       -8.0420575651496753E-002
   3.2771212547196624       -8.0420575651496753E-002
   3.3271212547196627       -8.0420575651496753E-002
   3.3771212547196625       -8.0420575651496753E-002
   3.4271212547196628       -8.0420575651496753E-002
   3.4771212547196626       -8.0420575651496753E-002
   3.5271212547196624       -8.0420575651496753E-002
   3.5771212547196622       -8.0420575651496753E-002
   3.6271212547196625       -8.0420575651496753E-002
   3.6771212547196628       -8.0420575651496753E-002
   3.7271212547196626       -8.0420575651496753E-002
   3.7771212547196624       -8.0420575651496753E-002
   3.8271212547196627       -8.0420575651496753E-002
   3.8771212547196625       -8.0420575651496753E-002
   3.9271212547196628       -8.0420575651496753E-002
   3.9771212547196626       -8.0420575651496753E-002
 zone T = "ep =   0.31622776601683794      ",
  0.47712125471966244       -8.0184231979881324E-002
  0.52712125471966242       -8.0184231979881324E-002
  0.57712125471966247       -8.0184231979881324E-002
  0.62712125471966251       -8.0184231979881324E-002
  0.67712125471966245       -8.0184231979881324E-002
  0.72712125471966249       -8.0184231979881324E-002
  0.77712125471966242       -8.0184231979881324E-002
  0.82712125471966247       -8.0184231979881324E-002
  0.87712125471966240       -8.0184231979881324E-002
  0.92712125471966245       -8.0184231979881324E-002
  0.97712125471966238       -8.0184231979881324E-002
   1.0271212547196624       -8.0184231979881324E-002
   1.0771212547196625       -8.0184231979881324E-002
   1.1271212547196625       -8.0184231979881324E-002
   1.1771212547196623       -8.0184231979881324E-002
   1.2271212547196626       -8.0184231979881324E-002
   1.2771212547196626       -8.0184231979881324E-002
   1.3271212547196625       -8.0184231979881324E-002
   1.3771212547196625       -8.0184231979881324E-002
   1.4271212547196623       -8.0184231979881324E-002
   1.4771212547196624       -8.0184231979881324E-002
   1.5271212547196624       -8.0184231979881324E-002
   1.5771212547196625       -8.0184231979881324E-002
   1.6271212547196623       -8.0184231979881324E-002
   1.6771212547196623       -8.0184231979881324E-002
   1.7271212547196626       -8.0184231979881324E-002
   1.7771212547196624       -8.0184231979881324E-002
   1.8271212547196625       -8.0184231979881324E-002
   1.8771212547196623       -8.0184231979881324E-002
   1.9271212547196623       -8.0184231979881324E-002
   1.9771212547196624       -8.0184231979881324E-002
   2.0271212547196624       -8.0184231979881324E-002
   2.0771212547196627       -8.0184231979881324E-002
   2.1271212547196625       -8.0184231979881324E-002
   2.1771212547196623       -8.0184231979881324E-002
   2.2271212547196626       -8.0184231979881324E-002
   2.2771212547196624       -8.0184231979881324E-002
   2.3271212547196622       -8.0184231979881324E-002
   2.3771212547196625       -8.0184231979881324E-002
   2.4271212547196623       -8.0184231979881324E-002
   2.4771212547196626       -8.0184231979881324E-002
   2.5271212547196624       -8.0184231979881324E-002
   2.5771212547196622       -8.0184231979881324E-002
   2.6271212547196625       -8.0184231979881324E-002
   2.6771212547196628       -8.0184231979881324E-002
   2.7271212547196626       -8.0184231979881324E-002
   2.7771212547196624       -8.0184231979881324E-002
   2.8271212547196627       -8.0184231979881324E-002
   2.8771212547196625       -8.0184231979881324E-002
   2.9271212547196628       -8.0184231979881324E-002
   2.9771212547196626       -8.0184231979881324E-002
   3.0271212547196624       -8.0184231979881324E-002
   3.0771212547196627       -8.0184231979881324E-002
   3.1271212547196625       -8.0184231979881324E-002
   3.1771212547196628       -8.0184231979881324E-002
   3.2271212547196626       -8.0184231979881324E-002
   3.2771212547196624       -8.0184231979881324E-002
   3.3271212547196627       -8.0184231979881324E-002
   3.3771212547196625       -8.0184231979881324E-002
   3.4271212547196628       -8.0184231979881324E-002
   3.4771212547196626       -8.0184231979881324E-002
   3.5271212547196624       -8.0184231979881324E-002
   3.5771212547196622       -8.0184231979881324E-002
   3.6271212547196625       -8.0184231979881324E-002
   3.6771212547196628       -8.0184231979881324E-002
   3.7271212547196626       -8.0184231979881324E-002
   3.7771212547196624       -8.0184231979881324E-002
   3.8271212547196627       -8.0184231979881324E-002
   3.8771212547196625       -8.0184231979881324E-002
   3.9271212547196628       -8.0184231979881324E-002
   3.9771212547196626       -8.0184231979881324E-002
 zone T = "ep =   0.25118864315095801      ",
  0.47712125471966244       -7.9990121160802286E-002
  0.52712125471966242       -7.9990121160802286E-002
  0.57712125471966247       -7.9990121160802286E-002
  0.62712125471966251       -7.9990121160802286E-002
  0.67712125471966245       -7.9990121160802286E-002
  0.72712125471966249       -7.9990121160802286E-002
  0.77712125471966242       -7.9990121160802286E-002
  0.82712125471966247       -7.9990121160802286E-002
  0.87712125471966240       -7.9990121160802286E-002
  0.92712125471966245       -7.9990121160802286E-002
  0.97712125471966238       -7.9990121160802286E-002
   1.0271212547196624       -7.9990121160802286E-002
   1.0771212547196625       -7.9990121160802286E-002
   1.1271212547196625       -7.9990121160802286E-002
   1.1771212547196623       -7.9990121160802286E-002
   1.2271212547196626       -7.9990121160802286E-002
   1.2771212547196626       -7.9990121160802286E-002
   1.3271212547196625       -7.9990121160802286E-002
   1.3771212547196625       -7.9990121160802286E-002
   1.4271212547196623       -7.9990121160802286E-002
   1.4771212547196624       -7.9990121160802286E-002
   1.5271212547196624       -7.9990121160802286E-002
   1.5771212547196625       -7.9990121160802286E-002
   1.6271212547196623       -7.9990121160802286E-002
   1.6771212547196623       -7.9990121160802286E-002
   1.7271212547196626       -7.9990121160802286E-002
   1.7771212547196624       -7.9990121160802286E-002
   1.8271212547196625       -7.9990121160802286E-002
   1.8771212547196623       -7.9990121160802286E-002
   1.9271212547196623       -7.9990121160802286E-002
   1.9771212547196624       -7.9990121160802286E-002
   2.0271212547196624       -7.9990121160802286E-002
   2.0771212547196627       -7.9990121160802286E-002
   2.1271212547196625       -7.9990121160802286E-002
   2.1771212547196623       -7.9990121160802286E-002
   2.2271212547196626       -7.9990121160802286E-002
   2.2771212547196624       -7.9990121160802286E-002
   2.3271212547196622       -7.9990121160802286E-002
   2.3771212547196625       -7.9990121160802286E-002
   2.4271212547196623       -7.9990121160802286E-002
   2.4771212547196626       -7.9990121160802286E-002
   2.5271212547196624       -7.9990121160802286E-002
   2.5771212547196622       -7.9990121160802286E-002
   2.6271212547196625       -7.9990121160802286E-002
   2.6771212547196628       -7.9990121160802286E-002
   2.7271212547196626       -7.9990121160802286E-002
   2.7771212547196624       -7.9990121160802286E-002
   2.8271212547196627       -7.9990121160802286E-002
   2.8771212547196625       -7.9990121160802286E-002
   2.9271212547196628       -7.9990121160802286E-002
   2.9771212547196626       -7.9990121160802286E-002
   3.0271212547196624       -7.9990121160802286E-002
   3.0771212547196627       -7.9990121160802286E-002
   3.1271212547196625       -7.9990121160802286E-002
   3.1771212547196628       -7.9990121160802286E-002
   3.2271212547196626       -7.9990121160802286E-002
   3.2771212547196624       -7.9990121160802286E-002
   3.3271212547196627       -7.9990121160802286E-002
   3.3771212547196625       -7.9990121160802286E-002
   3.4271212547196628       -7.9990121160802286E-002
   3.4771212547196626       -7.9990121160802286E-002
   3.5271212547196624       -7.9990121160802286E-002
   3.5771212547196622       -7.9990121160802286E-002
   3.6271212547196625       -7.9990121160802286E-002
   3.6771212547196628       -7.9990121160802286E-002
   3.7271212547196626       -7.9990121160802286E-002
   3.7771212547196624       -7.9990121160802286E-002
   3.8271212547196627       -7.9990121160802286E-002
   3.8771212547196625       -7.9990121160802286E-002
   3.9271212547196628       -7.9990121160802286E-002
   3.9771212547196626       -7.9990121160802286E-002
 zone T = "ep =   0.19952623149688800      ",
  0.47712125471966244       -8.0268582368480404E-002
  0.52712125471966242       -8.0268582368480404E-002
  0.57712125471966247       -8.0268582368480404E-002
  0.62712125471966251       -8.0268582368480404E-002
  0.67712125471966245       -8.0268582368480404E-002
  0.72712125471966249       -8.0268582368480404E-002
  0.77712125471966242       -8.0268582368480404E-002
  0.82712125471966247       -8.0268582368480404E-002
  0.87712125471966240       -8.0268582368480404E-002
  0.92712125471966245       -8.0268582368480404E-002
  0.97712125471966238       -8.0268582368480404E-002
   1.0271212547196624       -8.0268582368480404E-002
   1.0771212547196625       -8.0268582368480404E-002
   1.1271212547196625       -8.0268582368480404E-002
   1.1771212547196623       -8.0268582368480404E-002
   1.2271212547196626       -8.0268582368480404E-002
   1.2771212547196626       -8.0268582368480404E-002
   1.3271212547196625       -8.0268582368480404E-002
   1.3771212547196625       -8.0268582368480404E-002
   1.4271212547196623       -8.0268582368480404E-002
   1.4771212547196624       -8.0268582368480404E-002
   1.5271212547196624       -8.0268582368480404E-002
   1.5771212547196625       -8.0268582368480404E-002
   1.6271212547196623       -8.0268582368480404E-002
   1.6771212547196623       -8.0268582368480404E-002
   1.7271212547196626       -8.0268582368480404E-002
   1.7771212547196624       -8.0268582368480404E-002
   1.8271212547196625       -8.0268582368480404E-002
   1.8771212547196623       -8.0268582368480404E-002
   1.9271212547196623       -8.0268582368480404E-002
   1.9771212547196624       -8.0268582368480404E-002
   2.0271212547196624       -8.0268582368480404E-002
   2.0771212547196627       -8.0268582368480404E-002
   2.1271212547196625       -8.0268582368480404E-002
   2.1771212547196623       -8.0268582368480404E-002
   2.2271212547196626       -8.0268582368480404E-002
   2.2771212547196624       -8.0268582368480404E-002
   2.3271212547196622       -8.0268582368480404E-002
   2.3771212547196625       -8.0268582368480404E-002
   2.4271212547196623       -8.0268582368480404E-002
   2.4771212547196626       -8.0268582368480404E-002
   2.5271212547196624       -8.0268582368480404E-002
   2.5771212547196622       -8.0268582368480404E-002
   2.6271212547196625       -8.0268582368480404E-002
   2.6771212547196628       -8.0268582368480404E-002
   2.7271212547196626       -8.0268582368480404E-002
   2.7771212547196624       -8.0268582368480404E-002
   2.8271212547196627       -8.0268582368480404E-002
   2.8771212547196625       -8.0268582368480404E-002
   2.9271212547196628       -8.0268582368480404E-002
   2.9771212547196626       -8.0268582368480404E-002
   3.0271212547196624       -8.0268582368480404E-002
   3.0771212547196627       -8.0268582368480404E-002
   3.1271212547196625       -8.0268582368480404E-002
   3.1771212547196628       -8.0268582368480404E-002
   3.2271212547196626       -8.0268582368480404E-002
   3.2771212547196624       -8.0268582368480404E-002
   3.3271212547196627       -8.0268582368480404E-002
   3.3771212547196625       -8.0268582368480404E-002
   3.4271212547196628       -8.0268582368480404E-002
   3.4771212547196626       -8.0268582368480404E-002
   3.5271212547196624       -8.0268582368480404E-002
   3.5771212547196622       -8.0268582368480404E-002
   3.6271212547196625       -8.0268582368480404E-002
   3.6771212547196628       -8.0268582368480404E-002
   3.7271212547196626       -8.0268582368480404E-002
   3.7771212547196624       -8.0268582368480404E-002
   3.8271212547196627       -8.0268582368480404E-002
   3.8771212547196625       -8.0268582368480404E-002
   3.9271212547196628       -8.0268582368480404E-002
   3.9771212547196626       -8.0268582368480404E-002
 zone T = "ep =   0.15848931924611132      ",
  0.47712125471966244       -8.0361784192672592E-002
  0.52712125471966242       -8.0361784192672592E-002
  0.57712125471966247       -8.0361784192672592E-002
  0.62712125471966251       -8.0361784192672592E-002
  0.67712125471966245       -8.0361784192672592E-002
  0.72712125471966249       -8.0361784192672592E-002
  0.77712125471966242       -8.0361784192672592E-002
  0.82712125471966247       -8.0361784192672592E-002
  0.87712125471966240       -8.0361784192672592E-002
  0.92712125471966245       -8.0361784192672592E-002
  0.97712125471966238       -8.0361784192672592E-002
   1.0271212547196624       -8.0361784192672592E-002
   1.0771212547196625       -8.0361784192672592E-002
   1.1271212547196625       -8.0361784192672592E-002
   1.1771212547196623       -8.0361784192672592E-002
   1.2271212547196626       -8.0361784192672592E-002
   1.2771212547196626       -8.0361784192672592E-002
   1.3271212547196625       -8.0361784192672592E-002
   1.3771212547196625       -8.0361784192672592E-002
   1.4271212547196623       -8.0361784192672592E-002
   1.4771212547196624       -8.0361784192672592E-002
   1.5271212547196624       -8.0361784192672592E-002
   1.5771212547196625       -8.0361784192672592E-002
   1.6271212547196623       -8.0361784192672592E-002
   1.6771212547196623       -8.0361784192672592E-002
   1.7271212547196626       -8.0361784192672592E-002
   1.7771212547196624       -8.0361784192672592E-002
   1.8271212547196625       -8.0361784192672592E-002
   1.8771212547196623       -8.0361784192672592E-002
   1.9271212547196623       -8.0361784192672592E-002
   1.9771212547196624       -8.0361784192672592E-002
   2.0271212547196624       -8.0361784192672592E-002
   2.0771212547196627       -8.0361784192672592E-002
   2.1271212547196625       -8.0361784192672592E-002
   2.1771212547196623       -8.0361784192672592E-002
   2.2271212547196626       -8.0361784192672592E-002
   2.2771212547196624       -8.0361784192672592E-002
   2.3271212547196622       -8.0361784192672592E-002
   2.3771212547196625       -8.0361784192672592E-002
   2.4271212547196623       -8.0361784192672592E-002
   2.4771212547196626       -8.0361784192672592E-002
   2.5271212547196624       -8.0361784192672592E-002
   2.5771212547196622       -8.0361784192672592E-002
   2.6271212547196625       -8.0361784192672592E-002
   2.6771212547196628       -8.0361784192672592E-002
   2.7271212547196626       -8.0361784192672592E-002
   2.7771212547196624       -8.0361784192672592E-002
   2.8271212547196627       -8.0361784192672592E-002
   2.8771212547196625       -8.0361784192672592E-002
   2.9271212547196628       -8.0361784192672592E-002
   2.9771212547196626       -8.0361784192672592E-002
   3.0271212547196624       -8.0361784192672592E-002
   3.0771212547196627       -8.0361784192672592E-002
   3.1271212547196625       -8.0361784192672592E-002
   3.1771212547196628       -8.0361784192672592E-002
   3.2271212547196626       -8.0361784192672592E-002
   3.2771212547196624       -8.0361784192672592E-002
   3.3271212547196627       -8.0361784192672592E-002
   3.3771212547196625       -8.0361784192672592E-002
   3.4271212547196628       -8.0361784192672592E-002
   3.4771212547196626       -8.0361784192672592E-002
   3.5271212547196624       -8.0361784192672592E-002
   3.5771212547196622       -8.0361784192672592E-002
   3.6271212547196625       -8.0361784192672592E-002
   3.6771212547196628       -8.0361784192672592E-002
   3.7271212547196626       -8.0361784192672592E-002
   3.7771212547196624       -8.0361784192672592E-002
   3.8271212547196627       -8.0361784192672592E-002
   3.8771212547196625       -8.0361784192672592E-002
   3.9271212547196628       -8.0361784192672592E-002
   3.9771212547196626       -8.0361784192672592E-002
 zone T = "ep =   0.12589254117941670      ",
  0.47712125471966244       -8.0112645330050997E-002
  0.52712125471966242       -8.0112645330050997E-002
  0.57712125471966247       -8.0112645330050997E-002
  0.62712125471966251       -8.0112645330050997E-002
  0.67712125471966245       -8.0112645330050997E-002
  0.72712125471966249       -8.0112645330050997E-002
  0.77712125471966242       -8.0112645330050997E-002
  0.82712125471966247       -8.0112645330050997E-002
  0.87712125471966240       -8.0112645330050997E-002
  0.92712125471966245       -8.0112645330050997E-002
  0.97712125471966238       -8.0112645330050997E-002
   1.0271212547196624       -8.0112645330050997E-002
   1.0771212547196625       -8.0112645330050997E-002
   1.1271212547196625       -8.0112645330050997E-002
   1.1771212547196623       -8.0112645330050997E-002
   1.2271212547196626       -8.0112645330050997E-002
   1.2771212547196626       -8.0112645330050997E-002
   1.3271212547196625       -8.0112645330050997E-002
   1.3771212547196625       -8.0112645330050997E-002
   1.4271212547196623       -8.0112645330050997E-002
   1.4771212547196624       -8.0112645330050997E-002
   1.5271212547196624       -8.0112645330050997E-002
   1.5771212547196625       -8.0112645330050997E-002
   1.6271212547196623       -8.0112645330050997E-002
   1.6771212547196623       -8.0112645330050997E-002
   1.7271212547196626       -8.0112645330050997E-002
   1.7771212547196624       -8.0112645330050997E-002
   1.8271212547196625       -8.0112645330050997E-002
   1.8771212547196623       -8.0112645330050997E-002
   1.9271212547196623       -8.0112645330050997E-002
   1.9771212547196624       -8.0112645330050997E-002
   2.0271212547196624       -8.0112645330050997E-002
   2.0771212547196627       -8.0112645330050997E-002
   2.1271212547196625       -8.0112645330050997E-002
   2.1771212547196623       -8.0112645330050997E-002
   2.2271212547196626       -8.0112645330050997E-002
   2.2771212547196624       -8.0112645330050997E-002
   2.3271212547196622       -8.0112645330050997E-002
   2.3771212547196625       -8.0112645330050997E-002
   2.4271212547196623       -8.0112645330050997E-002
   2.4771212547196626       -8.0112645330050997E-002
   2.5271212547196624       -8.0112645330050997E-002
   2.5771212547196622       -8.0112645330050997E-002
   2.6271212547196625       -8.0112645330050997E-002
   2.6771212547196628       -8.0112645330050997E-002
   2.7271212547196626       -8.0112645330050997E-002
   2.7771212547196624       -8.0112645330050997E-002
   2.8271212547196627       -8.0112645330050997E-002
   2.8771212547196625       -8.0112645330050997E-002
   2.9271212547196628       -8.0112645330050997E-002
   2.9771212547196626       -8.0112645330050997E-002
   3.0271212547196624       -8.0112645330050997E-002
   3.0771212547196627       -8.0112645330050997E-002
   3.1271212547196625       -8.0112645330050997E-002
   3.1771212547196628       -8.0112645330050997E-002
   3.2271212547196626       -8.0112645330050997E-002
   3.2771212547196624       -8.0112645330050997E-002
   3.3271212547196627       -8.0112645330050997E-002
   3.3771212547196625       -8.0112645330050997E-002
   3.4271212547196628       -8.0112645330050997E-002
   3.4771212547196626       -8.0112645330050997E-002
   3.5271212547196624       -8.0112645330050997E-002
   3.5771212547196622       -8.0112645330050997E-002
   3.6271212547196625       -8.0112645330050997E-002
   3.6771212547196628       -8.0112645330050997E-002
   3.7271212547196626       -8.0112645330050997E-002
   3.7771212547196624       -8.0112645330050997E-002
   3.8271212547196627       -8.0112645330050997E-002
   3.8771212547196625       -8.0112645330050997E-002
   3.9271212547196628       -8.0112645330050997E-002
   3.9771212547196626       -8.0112645330050997E-002
 zone T = "ep =   0.10000000000000001      ",
  0.47712125471966244       -7.9612501061520624E-002
  0.52712125471966242       -7.9612501061520624E-002
  0.57712125471966247       -7.9612501061520624E-002
  0.62712125471966251       -7.9612501061520624E-002
  0.67712125471966245       -7.9612501061520624E-002
  0.72712125471966249       -7.9612501061520624E-002
  0.77712125471966242       -7.9612501061520624E-002
  0.82712125471966247       -7.9612501061520624E-002
  0.87712125471966240       -7.9612501061520624E-002
  0.92712125471966245       -7.9612501061520624E-002
  0.97712125471966238       -7.9612501061520624E-002
   1.0271212547196624       -7.9612501061520624E-002
   1.0771212547196625       -7.9612501061520624E-002
   1.1271212547196625       -7.9612501061520624E-002
   1.1771212547196623       -7.9612501061520624E-002
   1.2271212547196626       -7.9612501061520624E-002
   1.2771212547196626       -7.9612501061520624E-002
   1.3271212547196625       -7.9612501061520624E-002
   1.3771212547196625       -7.9612501061520624E-002
   1.4271212547196623       -7.9612501061520624E-002
   1.4771212547196624       -7.9612501061520624E-002
   1.5271212547196624       -7.9612501061520624E-002
   1.5771212547196625       -7.9612501061520624E-002
   1.6271212547196623       -7.9612501061520624E-002
   1.6771212547196623       -7.9612501061520624E-002
   1.7271212547196626       -7.9612501061520624E-002
   1.7771212547196624       -7.9612501061520624E-002
   1.8271212547196625       -7.9612501061520624E-002
   1.8771212547196623       -7.9612501061520624E-002
   1.9271212547196623       -7.9612501061520624E-002
   1.9771212547196624       -7.9612501061520624E-002
   2.0271212547196624       -7.9612501061520624E-002
   2.0771212547196627       -7.9612501061520624E-002
   2.1271212547196625       -7.9612501061520624E-002
   2.1771212547196623       -7.9612501061520624E-002
   2.2271212547196626       -7.9612501061520624E-002
   2.2771212547196624       -7.9612501061520624E-002
   2.3271212547196622       -7.9612501061520624E-002
   2.3771212547196625       -7.9612501061520624E-002
   2.4271212547196623       -7.9612501061520624E-002
   2.4771212547196626       -7.9612501061520624E-002
   2.5271212547196624       -7.9612501061520624E-002
   2.5771212547196622       -7.9612501061520624E-002
   2.6271212547196625       -7.9612501061520624E-002
   2.6771212547196628       -7.9612501061520624E-002
   2.7271212547196626       -7.9612501061520624E-002
   2.7771212547196624       -7.9612501061520624E-002
   2.8271212547196627       -7.9612501061520624E-002
   2.8771212547196625       -7.9612501061520624E-002
   2.9271212547196628       -7.9612501061520624E-002
   2.9771212547196626       -7.9612501061520624E-002
   3.0271212547196624       -7.9612501061520624E-002
   3.0771212547196627       -7.9612501061520624E-002
   3.1271212547196625       -7.9612501061520624E-002
   3.1771212547196628       -7.9612501061520624E-002
   3.2271212547196626       -7.9612501061520624E-002
   3.2771212547196624       -7.9612501061520624E-002
   3.3271212547196627       -7.9612501061520624E-002
   3.3771212547196625       -7.9612501061520624E-002
   3.4271212547196628       -7.9612501061520624E-002
   3.4771212547196626       -7.9612501061520624E-002
   3.5271212547196624       -7.9612501061520624E-002
   3.5771212547196622       -7.9612501061520624E-002
   3.6271212547196625       -7.9612501061520624E-002
   3.6771212547196628       -7.9612501061520624E-002
   3.7271212547196626       -7.9612501061520624E-002
   3.7771212547196624       -7.9612501061520624E-002
   3.8271212547196627       -7.9612501061520624E-002
   3.8771212547196625       -7.9612501061520624E-002
   3.9271212547196628       -7.9612501061520624E-002
   3.9771212547196626       -7.9612501061520624E-002
 zone T = "ep =    7.9432823472428138E-002 ",
  0.47712125471966244       -7.9002049918681261E-002
  0.52712125471966242       -7.9002049918681261E-002
  0.57712125471966247       -7.9002049918681261E-002
  0.62712125471966251       -7.9002049918681261E-002
  0.67712125471966245       -7.9002049918681261E-002
  0.72712125471966249       -7.9002049918681261E-002
  0.77712125471966242       -7.9002049918681261E-002
  0.82712125471966247       -7.9002049918681261E-002
  0.87712125471966240       -7.9002049918681261E-002
  0.92712125471966245       -7.9002049918681261E-002
  0.97712125471966238       -7.9002049918681261E-002
   1.0271212547196624       -7.9002049918681261E-002
   1.0771212547196625       -7.9002049918681261E-002
   1.1271212547196625       -7.9002049918681261E-002
   1.1771212547196623       -7.9002049918681261E-002
   1.2271212547196626       -7.9002049918681261E-002
   1.2771212547196626       -7.9002049918681261E-002
   1.3271212547196625       -7.9002049918681261E-002
   1.3771212547196625       -7.9002049918681261E-002
   1.4271212547196623       -7.9002049918681261E-002
   1.4771212547196624       -7.9002049918681261E-002
   1.5271212547196624       -7.9002049918681261E-002
   1.5771212547196625       -7.9002049918681261E-002
   1.6271212547196623       -7.9002049918681261E-002
   1.6771212547196623       -7.9002049918681261E-002
   1.7271212547196626       -7.9002049918681261E-002
   1.7771212547196624       -7.9002049918681261E-002
   1.8271212547196625       -7.9002049918681261E-002
   1.8771212547196623       -7.9002049918681261E-002
   1.9271212547196623       -7.9002049918681261E-002
   1.9771212547196624       -7.9002049918681261E-002
   2.0271212547196624       -7.9002049918681261E-002
   2.0771212547196627       -7.9002049918681261E-002
   2.1271212547196625       -7.9002049918681261E-002
   2.1771212547196623       -7.9002049918681261E-002
   2.2271212547196626       -7.9002049918681261E-002
   2.2771212547196624       -7.9002049918681261E-002
   2.3271212547196622       -7.9002049918681261E-002
   2.3771212547196625       -7.9002049918681261E-002
   2.4271212547196623       -7.9002049918681261E-002
   2.4771212547196626       -7.9002049918681261E-002
   2.5271212547196624       -7.9002049918681261E-002
   2.5771212547196622       -7.9002049918681261E-002
   2.6271212547196625       -7.9002049918681261E-002
   2.6771212547196628       -7.9002049918681261E-002
   2.7271212547196626       -7.9002049918681261E-002
   2.7771212547196624       -7.9002049918681261E-002
   2.8271212547196627       -7.9002049918681261E-002
   2.8771212547196625       -7.9002049918681261E-002
   2.9271212547196628       -7.9002049918681261E-002
   2.9771212547196626       -7.9002049918681261E-002
   3.0271212547196624       -7.9002049918681261E-002
   3.0771212547196627       -7.9002049918681261E-002
   3.1271212547196625       -7.9002049918681261E-002
   3.1771212547196628       -7.9002049918681261E-002
   3.2271212547196626       -7.9002049918681261E-002
   3.2771212547196624       -7.9002049918681261E-002
   3.3271212547196627       -7.9002049918681261E-002
   3.3771212547196625       -7.9002049918681261E-002
   3.4271212547196628       -7.9002049918681261E-002
   3.4771212547196626       -7.9002049918681261E-002
   3.5271212547196624       -7.9002049918681261E-002
   3.5771212547196622       -7.9002049918681261E-002
   3.6271212547196625       -7.9002049918681261E-002
   3.6771212547196628       -7.9002049918681261E-002
   3.7271212547196626       -7.9002049918681261E-002
   3.7771212547196624       -7.9002049918681261E-002
   3.8271212547196627       -7.9002049918681261E-002
   3.8771212547196625       -7.9002049918681261E-002
   3.9271212547196628       -7.9002049918681261E-002
   3.9771212547196626       -7.9002049918681261E-002
 zone T = "ep =    6.3095734448019331E-002 ",
  0.47712125471966244       -7.8383192858681894E-002
  0.52712125471966242       -7.8383192858681894E-002
  0.57712125471966247       -7.8383192858681894E-002
  0.62712125471966251       -7.8383192858681894E-002
  0.67712125471966245       -7.8383192858681894E-002
  0.72712125471966249       -7.8383192858681894E-002
  0.77712125471966242       -7.8383192858681894E-002
  0.82712125471966247       -7.8383192858681894E-002
  0.87712125471966240       -7.8383192858681894E-002
  0.92712125471966245       -7.8383192858681894E-002
  0.97712125471966238       -7.8383192858681894E-002
   1.0271212547196624       -7.8383192858681894E-002
   1.0771212547196625       -7.8383192858681894E-002
   1.1271212547196625       -7.8383192858681894E-002
   1.1771212547196623       -7.8383192858681894E-002
   1.2271212547196626       -7.8383192858681894E-002
   1.2771212547196626       -7.8383192858681894E-002
   1.3271212547196625       -7.8383192858681894E-002
   1.3771212547196625       -7.8383192858681894E-002
   1.4271212547196623       -7.8383192858681894E-002
   1.4771212547196624       -7.8383192858681894E-002
   1.5271212547196624       -7.8383192858681894E-002
   1.5771212547196625       -7.8383192858681894E-002
   1.6271212547196623       -7.8383192858681894E-002
   1.6771212547196623       -7.8383192858681894E-002
   1.7271212547196626       -7.8383192858681894E-002
   1.7771212547196624       -7.8383192858681894E-002
   1.8271212547196625       -7.8383192858681894E-002
   1.8771212547196623       -7.8383192858681894E-002
   1.9271212547196623       -7.8383192858681894E-002
   1.9771212547196624       -7.8383192858681894E-002
   2.0271212547196624       -7.8383192858681894E-002
   2.0771212547196627       -7.8383192858681894E-002
   2.1271212547196625       -7.8383192858681894E-002
   2.1771212547196623       -7.8383192858681894E-002
   2.2271212547196626       -7.8383192858681894E-002
   2.2771212547196624       -7.8383192858681894E-002
   2.3271212547196622       -7.8383192858681894E-002
   2.3771212547196625       -7.8383192858681894E-002
   2.4271212547196623       -7.8383192858681894E-002
   2.4771212547196626       -7.8383192858681894E-002
   2.5271212547196624       -7.8383192858681894E-002
   2.5771212547196622       -7.8383192858681894E-002
   2.6271212547196625       -7.8383192858681894E-002
   2.6771212547196628       -7.8383192858681894E-002
   2.7271212547196626       -7.8383192858681894E-002
   2.7771212547196624       -7.8383192858681894E-002
   2.8271212547196627       -7.8383192858681894E-002
   2.8771212547196625       -7.8383192858681894E-002
   2.9271212547196628       -7.8383192858681894E-002
   2.9771212547196626       -7.8383192858681894E-002
   3.0271212547196624       -7.8383192858681894E-002
   3.0771212547196627       -7.8383192858681894E-002
   3.1271212547196625       -7.8383192858681894E-002
   3.1771212547196628       -7.8383192858681894E-002
   3.2271212547196626       -7.8383192858681894E-002
   3.2771212547196624       -7.8383192858681894E-002
   3.3271212547196627       -7.8383192858681894E-002
   3.3771212547196625       -7.8383192858681894E-002
   3.4271212547196628       -7.8383192858681894E-002
   3.4771212547196626       -7.8383192858681894E-002
   3.5271212547196624       -7.8383192858681894E-002
   3.5771212547196622       -7.8383192858681894E-002
   3.6271212547196625       -7.8383192858681894E-002
   3.6771212547196628       -7.8383192858681894E-002
   3.7271212547196626       -7.8383192858681894E-002
   3.7771212547196624       -7.8383192858681894E-002
   3.8271212547196627       -7.8383192858681894E-002
   3.8771212547196625       -7.8383192858681894E-002
   3.9271212547196628       -7.8383192858681894E-002
   3.9771212547196626       -7.8383192858681894E-002
 zone T = "ep =    5.0118723362727227E-002 ",
  0.47712125471966244       -7.7810034255755417E-002
  0.52712125471966242       -7.7810034255755417E-002
  0.57712125471966247       -7.7810034255755417E-002
  0.62712125471966251       -7.7810034255755417E-002
  0.67712125471966245       -7.7810034255755417E-002
  0.72712125471966249       -7.7810034255755417E-002
  0.77712125471966242       -7.7810034255755417E-002
  0.82712125471966247       -7.7810034255755417E-002
  0.87712125471966240       -7.7810034255755417E-002
  0.92712125471966245       -7.7810034255755417E-002
  0.97712125471966238       -7.7810034255755417E-002
   1.0271212547196624       -7.7810034255755417E-002
   1.0771212547196625       -7.7810034255755417E-002
   1.1271212547196625       -7.7810034255755417E-002
   1.1771212547196623       -7.7810034255755417E-002
   1.2271212547196626       -7.7810034255755417E-002
   1.2771212547196626       -7.7810034255755417E-002
   1.3271212547196625       -7.7810034255755417E-002
   1.3771212547196625       -7.7810034255755417E-002
   1.4271212547196623       -7.7810034255755417E-002
   1.4771212547196624       -7.7810034255755417E-002
   1.5271212547196624       -7.7810034255755417E-002
   1.5771212547196625       -7.7810034255755417E-002
   1.6271212547196623       -7.7810034255755417E-002
   1.6771212547196623       -7.7810034255755417E-002
   1.7271212547196626       -7.7810034255755417E-002
   1.7771212547196624       -7.7810034255755417E-002
   1.8271212547196625       -7.7810034255755417E-002
   1.8771212547196623       -7.7810034255755417E-002
   1.9271212547196623       -7.7810034255755417E-002
   1.9771212547196624       -7.7810034255755417E-002
   2.0271212547196624       -7.7810034255755417E-002
   2.0771212547196627       -7.7810034255755417E-002
   2.1271212547196625       -7.7810034255755417E-002
   2.1771212547196623       -7.7810034255755417E-002
   2.2271212547196626       -7.7810034255755417E-002
   2.2771212547196624       -7.7810034255755417E-002
   2.3271212547196622       -7.7810034255755417E-002
   2.3771212547196625       -7.7810034255755417E-002
   2.4271212547196623       -7.7810034255755417E-002
   2.4771212547196626       -7.7810034255755417E-002
   2.5271212547196624       -7.7810034255755417E-002
   2.5771212547196622       -7.7810034255755417E-002
   2.6271212547196625       -7.7810034255755417E-002
   2.6771212547196628       -7.7810034255755417E-002
   2.7271212547196626       -7.7810034255755417E-002
   2.7771212547196624       -7.7810034255755417E-002
   2.8271212547196627       -7.7810034255755417E-002
   2.8771212547196625       -7.7810034255755417E-002
   2.9271212547196628       -7.7810034255755417E-002
   2.9771212547196626       -7.7810034255755417E-002
   3.0271212547196624       -7.7810034255755417E-002
   3.0771212547196627       -7.7810034255755417E-002
   3.1271212547196625       -7.7810034255755417E-002
   3.1771212547196628       -7.7810034255755417E-002
   3.2271212547196626       -7.7810034255755417E-002
   3.2771212547196624       -7.7810034255755417E-002
   3.3271212547196627       -7.7810034255755417E-002
   3.3771212547196625       -7.7810034255755417E-002
   3.4271212547196628       -7.7810034255755417E-002
   3.4771212547196626       -7.7810034255755417E-002
   3.5271212547196624       -7.7810034255755417E-002
   3.5771212547196622       -7.7810034255755417E-002
   3.6271212547196625       -7.7810034255755417E-002
   3.6771212547196628       -7.7810034255755417E-002
   3.7271212547196626       -7.7810034255755417E-002
   3.7771212547196624       -7.7810034255755417E-002
   3.8271212547196627       -7.7810034255755417E-002
   3.8771212547196625       -7.7810034255755417E-002
   3.9271212547196628       -7.7810034255755417E-002
   3.9771212547196626       -7.7810034255755417E-002
 zone T = "ep =    3.9810717055349734E-002 ",
  0.47712125471966244       -7.7304983036904126E-002
  0.52712125471966242       -7.7304983036904126E-002
  0.57712125471966247       -7.7304983036904126E-002
  0.62712125471966251       -7.7304983036904126E-002
  0.67712125471966245       -7.7304983036904126E-002
  0.72712125471966249       -7.7304983036904126E-002
  0.77712125471966242       -7.7304983036904126E-002
  0.82712125471966247       -7.7304983036904126E-002
  0.87712125471966240       -7.7304983036904126E-002
  0.92712125471966245       -7.7304983036904126E-002
  0.97712125471966238       -7.7304983036904126E-002
   1.0271212547196624       -7.7304983036904126E-002
   1.0771212547196625       -7.7304983036904126E-002
   1.1271212547196625       -7.7304983036904126E-002
   1.1771212547196623       -7.7304983036904126E-002
   1.2271212547196626       -7.7304983036904126E-002
   1.2771212547196626       -7.7304983036904126E-002
   1.3271212547196625       -7.7304983036904126E-002
   1.3771212547196625       -7.7304983036904126E-002
   1.4271212547196623       -7.7304983036904126E-002
   1.4771212547196624       -7.7304983036904126E-002
   1.5271212547196624       -7.7304983036904126E-002
   1.5771212547196625       -7.7304983036904126E-002
   1.6271212547196623       -7.7304983036904126E-002
   1.6771212547196623       -7.7304983036904126E-002
   1.7271212547196626       -7.7304983036904126E-002
   1.7771212547196624       -7.7304983036904126E-002
   1.8271212547196625       -7.7304983036904126E-002
   1.8771212547196623       -7.7304983036904126E-002
   1.9271212547196623       -7.7304983036904126E-002
   1.9771212547196624       -7.7304983036904126E-002
   2.0271212547196624       -7.7304983036904126E-002
   2.0771212547196627       -7.7304983036904126E-002
   2.1271212547196625       -7.7304983036904126E-002
   2.1771212547196623       -7.7304983036904126E-002
   2.2271212547196626       -7.7304983036904126E-002
   2.2771212547196624       -7.7304983036904126E-002
   2.3271212547196622       -7.7304983036904126E-002
   2.3771212547196625       -7.7304983036904126E-002
   2.4271212547196623       -7.7304983036904126E-002
   2.4771212547196626       -7.7304983036904126E-002
   2.5271212547196624       -7.7304983036904126E-002
   2.5771212547196622       -7.7304983036904126E-002
   2.6271212547196625       -7.7304983036904126E-002
   2.6771212547196628       -7.7304983036904126E-002
   2.7271212547196626       -7.7304983036904126E-002
   2.7771212547196624       -7.7304983036904126E-002
   2.8271212547196627       -7.7304983036904126E-002
   2.8771212547196625       -7.7304983036904126E-002
   2.9271212547196628       -7.7304983036904126E-002
   2.9771212547196626       -7.7304983036904126E-002
   3.0271212547196624       -7.7304983036904126E-002
   3.0771212547196627       -7.7304983036904126E-002
   3.1271212547196625       -7.7304983036904126E-002
   3.1771212547196628       -7.7304983036904126E-002
   3.2271212547196626       -7.7304983036904126E-002
   3.2771212547196624       -7.7304983036904126E-002
   3.3271212547196627       -7.7304983036904126E-002
   3.3771212547196625       -7.7304983036904126E-002
   3.4271212547196628       -7.7304983036904126E-002
   3.4771212547196626       -7.7304983036904126E-002
   3.5271212547196624       -7.7304983036904126E-002
   3.5771212547196622       -7.7304983036904126E-002
   3.6271212547196625       -7.7304983036904126E-002
   3.6771212547196628       -7.7304983036904126E-002
   3.7271212547196626       -7.7304983036904126E-002
   3.7771212547196624       -7.7304983036904126E-002
   3.8271212547196627       -7.7304983036904126E-002
   3.8771212547196625       -7.7304983036904126E-002
   3.9271212547196628       -7.7304983036904126E-002
   3.9771212547196626       -7.7304983036904126E-002
 zone T = "ep =    3.1622776601683791E-002 ",
  0.47712125471966244       -7.6873207722424106E-002
  0.52712125471966242       -7.6873207722424106E-002
  0.57712125471966247       -7.6873207722424106E-002
  0.62712125471966251       -7.6873207722424106E-002
  0.67712125471966245       -7.6873207722424106E-002
  0.72712125471966249       -7.6873207722424106E-002
  0.77712125471966242       -7.6873207722424106E-002
  0.82712125471966247       -7.6873207722424106E-002
  0.87712125471966240       -7.6873207722424106E-002
  0.92712125471966245       -7.6873207722424106E-002
  0.97712125471966238       -7.6873207722424106E-002
   1.0271212547196624       -7.6873207722424106E-002
   1.0771212547196625       -7.6873207722424106E-002
   1.1271212547196625       -7.6873207722424106E-002
   1.1771212547196623       -7.6873207722424106E-002
   1.2271212547196626       -7.6873207722424106E-002
   1.2771212547196626       -7.6873207722424106E-002
   1.3271212547196625       -7.6873207722424106E-002
   1.3771212547196625       -7.6873207722424106E-002
   1.4271212547196623       -7.6873207722424106E-002
   1.4771212547196624       -7.6873207722424106E-002
   1.5271212547196624       -7.6873207722424106E-002
   1.5771212547196625       -7.6873207722424106E-002
   1.6271212547196623       -7.6873207722424106E-002
   1.6771212547196623       -7.6873207722424106E-002
   1.7271212547196626       -7.6873207722424106E-002
   1.7771212547196624       -7.6873207722424106E-002
   1.8271212547196625       -7.6873207722424106E-002
   1.8771212547196623       -7.6873207722424106E-002
   1.9271212547196623       -7.6873207722424106E-002
   1.9771212547196624       -7.6873207722424106E-002
   2.0271212547196624       -7.6873207722424106E-002
   2.0771212547196627       -7.6873207722424106E-002
   2.1271212547196625       -7.6873207722424106E-002
   2.1771212547196623       -7.6873207722424106E-002
   2.2271212547196626       -7.6873207722424106E-002
   2.2771212547196624       -7.6873207722424106E-002
   2.3271212547196622       -7.6873207722424106E-002
   2.3771212547196625       -7.6873207722424106E-002
   2.4271212547196623       -7.6873207722424106E-002
   2.4771212547196626       -7.6873207722424106E-002
   2.5271212547196624       -7.6873207722424106E-002
   2.5771212547196622       -7.6873207722424106E-002
   2.6271212547196625       -7.6873207722424106E-002
   2.6771212547196628       -7.6873207722424106E-002
   2.7271212547196626       -7.6873207722424106E-002
   2.7771212547196624       -7.6873207722424106E-002
   2.8271212547196627       -7.6873207722424106E-002
   2.8771212547196625       -7.6873207722424106E-002
   2.9271212547196628       -7.6873207722424106E-002
   2.9771212547196626       -7.6873207722424106E-002
   3.0271212547196624       -7.6873207722424106E-002
   3.0771212547196627       -7.6873207722424106E-002
   3.1271212547196625       -7.6873207722424106E-002
   3.1771212547196628       -7.6873207722424106E-002
   3.2271212547196626       -7.6873207722424106E-002
   3.2771212547196624       -7.6873207722424106E-002
   3.3271212547196627       -7.6873207722424106E-002
   3.3771212547196625       -7.6873207722424106E-002
   3.4271212547196628       -7.6873207722424106E-002
   3.4771212547196626       -7.6873207722424106E-002
   3.5271212547196624       -7.6873207722424106E-002
   3.5771212547196622       -7.6873207722424106E-002
   3.6271212547196625       -7.6873207722424106E-002
   3.6771212547196628       -7.6873207722424106E-002
   3.7271212547196626       -7.6873207722424106E-002
   3.7771212547196624       -7.6873207722424106E-002
   3.8271212547196627       -7.6873207722424106E-002
   3.8771212547196625       -7.6873207722424106E-002
   3.9271212547196628       -7.6873207722424106E-002
   3.9771212547196626       -7.6873207722424106E-002
 zone T = "ep =    2.5118864315095794E-002 ",
  0.47712125471966244       -7.6511308186182653E-002
  0.52712125471966242       -7.6511308186182653E-002
  0.57712125471966247       -7.6511308186182653E-002
  0.62712125471966251       -7.6511308186182653E-002
  0.67712125471966245       -7.6511308186182653E-002
  0.72712125471966249       -7.6511308186182653E-002
  0.77712125471966242       -7.6511308186182653E-002
  0.82712125471966247       -7.6511308186182653E-002
  0.87712125471966240       -7.6511308186182653E-002
  0.92712125471966245       -7.6511308186182653E-002
  0.97712125471966238       -7.6511308186182653E-002
   1.0271212547196624       -7.6511308186182653E-002
   1.0771212547196625       -7.6511308186182653E-002
   1.1271212547196625       -7.6511308186182653E-002
   1.1771212547196623       -7.6511308186182653E-002
   1.2271212547196626       -7.6511308186182653E-002
   1.2771212547196626       -7.6511308186182653E-002
   1.3271212547196625       -7.6511308186182653E-002
   1.3771212547196625       -7.6511308186182653E-002
   1.4271212547196623       -7.6511308186182653E-002
   1.4771212547196624       -7.6511308186182653E-002
   1.5271212547196624       -7.6511308186182653E-002
   1.5771212547196625       -7.6511308186182653E-002
   1.6271212547196623       -7.6511308186182653E-002
   1.6771212547196623       -7.6511308186182653E-002
   1.7271212547196626       -7.6511308186182653E-002
   1.7771212547196624       -7.6511308186182653E-002
   1.8271212547196625       -7.6511308186182653E-002
   1.8771212547196623       -7.6511308186182653E-002
   1.9271212547196623       -7.6511308186182653E-002
   1.9771212547196624       -7.6511308186182653E-002
   2.0271212547196624       -7.6511308186182653E-002
   2.0771212547196627       -7.6511308186182653E-002
   2.1271212547196625       -7.6511308186182653E-002
   2.1771212547196623       -7.6511308186182653E-002
   2.2271212547196626       -7.6511308186182653E-002
   2.2771212547196624       -7.6511308186182653E-002
   2.3271212547196622       -7.6511308186182653E-002
   2.3771212547196625       -7.6511308186182653E-002
   2.4271212547196623       -7.6511308186182653E-002
   2.4771212547196626       -7.6511308186182653E-002
   2.5271212547196624       -7.6511308186182653E-002
   2.5771212547196622       -7.6511308186182653E-002
   2.6271212547196625       -7.6511308186182653E-002
   2.6771212547196628       -7.6511308186182653E-002
   2.7271212547196626       -7.6511308186182653E-002
   2.7771212547196624       -7.6511308186182653E-002
   2.8271212547196627       -7.6511308186182653E-002
   2.8771212547196625       -7.6511308186182653E-002
   2.9271212547196628       -7.6511308186182653E-002
   2.9771212547196626       -7.6511308186182653E-002
   3.0271212547196624       -7.6511308186182653E-002
   3.0771212547196627       -7.6511308186182653E-002
   3.1271212547196625       -7.6511308186182653E-002
   3.1771212547196628       -7.6511308186182653E-002
   3.2271212547196626       -7.6511308186182653E-002
   3.2771212547196624       -7.6511308186182653E-002
   3.3271212547196627       -7.6511308186182653E-002
   3.3771212547196625       -7.6511308186182653E-002
   3.4271212547196628       -7.6511308186182653E-002
   3.4771212547196626       -7.6511308186182653E-002
   3.5271212547196624       -7.6511308186182653E-002
   3.5771212547196622       -7.6511308186182653E-002
   3.6271212547196625       -7.6511308186182653E-002
   3.6771212547196628       -7.6511308186182653E-002
   3.7271212547196626       -7.6511308186182653E-002
   3.7771212547196624       -7.6511308186182653E-002
   3.8271212547196627       -7.6511308186182653E-002
   3.8771212547196625       -7.6511308186182653E-002
   3.9271212547196628       -7.6511308186182653E-002
   3.9771212547196626       -7.6511308186182653E-002
 zone T = "ep =    1.9952623149688799E-002 ",
  0.47712125471966244       -7.6212078025591587E-002
  0.52712125471966242       -7.6212078025591587E-002
  0.57712125471966247       -7.6212078025591587E-002
  0.62712125471966251       -7.6212078025591587E-002
  0.67712125471966245       -7.6212078025591587E-002
  0.72712125471966249       -7.6212078025591587E-002
  0.77712125471966242       -7.6212078025591587E-002
  0.82712125471966247       -7.6212078025591587E-002
  0.87712125471966240       -7.6212078025591587E-002
  0.92712125471966245       -7.6212078025591587E-002
  0.97712125471966238       -7.6212078025591587E-002
   1.0271212547196624       -7.6212078025591587E-002
   1.0771212547196625       -7.6212078025591587E-002
   1.1271212547196625       -7.6212078025591587E-002
   1.1771212547196623       -7.6212078025591587E-002
   1.2271212547196626       -7.6212078025591587E-002
   1.2771212547196626       -7.6212078025591587E-002
   1.3271212547196625       -7.6212078025591587E-002
   1.3771212547196625       -7.6212078025591587E-002
   1.4271212547196623       -7.6212078025591587E-002
   1.4771212547196624       -7.6212078025591587E-002
   1.5271212547196624       -7.6212078025591587E-002
   1.5771212547196625       -7.6212078025591587E-002
   1.6271212547196623       -7.6212078025591587E-002
   1.6771212547196623       -7.6212078025591587E-002
   1.7271212547196626       -7.6212078025591587E-002
   1.7771212547196624       -7.6212078025591587E-002
   1.8271212547196625       -7.6212078025591587E-002
   1.8771212547196623       -7.6212078025591587E-002
   1.9271212547196623       -7.6212078025591587E-002
   1.9771212547196624       -7.6212078025591587E-002
   2.0271212547196624       -7.6212078025591587E-002
   2.0771212547196627       -7.6212078025591587E-002
   2.1271212547196625       -7.6212078025591587E-002
   2.1771212547196623       -7.6212078025591587E-002
   2.2271212547196626       -7.6212078025591587E-002
   2.2771212547196624       -7.6212078025591587E-002
   2.3271212547196622       -7.6212078025591587E-002
   2.3771212547196625       -7.6212078025591587E-002
   2.4271212547196623       -7.6212078025591587E-002
   2.4771212547196626       -7.6212078025591587E-002
   2.5271212547196624       -7.6212078025591587E-002
   2.5771212547196622       -7.6212078025591587E-002
   2.6271212547196625       -7.6212078025591587E-002
   2.6771212547196628       -7.6212078025591587E-002
   2.7271212547196626       -7.6212078025591587E-002
   2.7771212547196624       -7.6212078025591587E-002
   2.8271212547196627       -7.6212078025591587E-002
   2.8771212547196625       -7.6212078025591587E-002
   2.9271212547196628       -7.6212078025591587E-002
   2.9771212547196626       -7.6212078025591587E-002
   3.0271212547196624       -7.6212078025591587E-002
   3.0771212547196627       -7.6212078025591587E-002
   3.1271212547196625       -7.6212078025591587E-002
   3.1771212547196628       -7.6212078025591587E-002
   3.2271212547196626       -7.6212078025591587E-002
   3.2771212547196624       -7.6212078025591587E-002
   3.3271212547196627       -7.6212078025591587E-002
   3.3771212547196625       -7.6212078025591587E-002
   3.4271212547196628       -7.6212078025591587E-002
   3.4771212547196626       -7.6212078025591587E-002
   3.5271212547196624       -7.6212078025591587E-002
   3.5771212547196622       -7.6212078025591587E-002
   3.6271212547196625       -7.6212078025591587E-002
   3.6771212547196628       -7.6212078025591587E-002
   3.7271212547196626       -7.6212078025591587E-002
   3.7771212547196624       -7.6212078025591587E-002
   3.8271212547196627       -7.6212078025591587E-002
   3.8771212547196625       -7.6212078025591587E-002
   3.9271212547196628       -7.6212078025591587E-002
   3.9771212547196626       -7.6212078025591587E-002
 zone T = "ep =    1.5848931924611134E-002 ",
  0.47712125471966244       -7.5967055437277844E-002
  0.52712125471966242       -7.5967055437277844E-002
  0.57712125471966247       -7.5967055437277844E-002
  0.62712125471966251       -7.5967055437277844E-002
  0.67712125471966245       -7.5967055437277844E-002
  0.72712125471966249       -7.5967055437277844E-002
  0.77712125471966242       -7.5967055437277844E-002
  0.82712125471966247       -7.5967055437277844E-002
  0.87712125471966240       -7.5967055437277844E-002
  0.92712125471966245       -7.5967055437277844E-002
  0.97712125471966238       -7.5967055437277844E-002
   1.0271212547196624       -7.5967055437277844E-002
   1.0771212547196625       -7.5967055437277844E-002
   1.1271212547196625       -7.5967055437277844E-002
   1.1771212547196623       -7.5967055437277844E-002
   1.2271212547196626       -7.5967055437277844E-002
   1.2771212547196626       -7.5967055437277844E-002
   1.3271212547196625       -7.5967055437277844E-002
   1.3771212547196625       -7.5967055437277844E-002
   1.4271212547196623       -7.5967055437277844E-002
   1.4771212547196624       -7.5967055437277844E-002
   1.5271212547196624       -7.5967055437277844E-002
   1.5771212547196625       -7.5967055437277844E-002
   1.6271212547196623       -7.5967055437277844E-002
   1.6771212547196623       -7.5967055437277844E-002
   1.7271212547196626       -7.5967055437277844E-002
   1.7771212547196624       -7.5967055437277844E-002
   1.8271212547196625       -7.5967055437277844E-002
   1.8771212547196623       -7.5967055437277844E-002
   1.9271212547196623       -7.5967055437277844E-002
   1.9771212547196624       -7.5967055437277844E-002
   2.0271212547196624       -7.5967055437277844E-002
   2.0771212547196627       -7.5967055437277844E-002
   2.1271212547196625       -7.5967055437277844E-002
   2.1771212547196623       -7.5967055437277844E-002
   2.2271212547196626       -7.5967055437277844E-002
   2.2771212547196624       -7.5967055437277844E-002
   2.3271212547196622       -7.5967055437277844E-002
   2.3771212547196625       -7.5967055437277844E-002
   2.4271212547196623       -7.5967055437277844E-002
   2.4771212547196626       -7.5967055437277844E-002
   2.5271212547196624       -7.5967055437277844E-002
   2.5771212547196622       -7.5967055437277844E-002
   2.6271212547196625       -7.5967055437277844E-002
   2.6771212547196628       -7.5967055437277844E-002
   2.7271212547196626       -7.5967055437277844E-002
   2.7771212547196624       -7.5967055437277844E-002
   2.8271212547196627       -7.5967055437277844E-002
   2.8771212547196625       -7.5967055437277844E-002
   2.9271212547196628       -7.5967055437277844E-002
   2.9771212547196626       -7.5967055437277844E-002
   3.0271212547196624       -7.5967055437277844E-002
   3.0771212547196627       -7.5967055437277844E-002
   3.1271212547196625       -7.5967055437277844E-002
   3.1771212547196628       -7.5967055437277844E-002
   3.2271212547196626       -7.5967055437277844E-002
   3.2771212547196624       -7.5967055437277844E-002
   3.3271212547196627       -7.5967055437277844E-002
   3.3771212547196625       -7.5967055437277844E-002
   3.4271212547196628       -7.5967055437277844E-002
   3.4771212547196626       -7.5967055437277844E-002
   3.5271212547196624       -7.5967055437277844E-002
   3.5771212547196622       -7.5967055437277844E-002
   3.6271212547196625       -7.5967055437277844E-002
   3.6771212547196628       -7.5967055437277844E-002
   3.7271212547196626       -7.5967055437277844E-002
   3.7771212547196624       -7.5967055437277844E-002
   3.8271212547196627       -7.5967055437277844E-002
   3.8771212547196625       -7.5967055437277844E-002
   3.9271212547196628       -7.5967055437277844E-002
   3.9771212547196626       -7.5967055437277844E-002
 zone T = "ep =    1.2589254117941673E-002 ",
  0.47712125471966244       -7.5767840537404138E-002
  0.52712125471966242       -7.5767840537404138E-002
  0.57712125471966247       -7.5767840537404138E-002
  0.62712125471966251       -7.5767840537404138E-002
  0.67712125471966245       -7.5767840537404138E-002
  0.72712125471966249       -7.5767840537404138E-002
  0.77712125471966242       -7.5767840537404138E-002
  0.82712125471966247       -7.5767840537404138E-002
  0.87712125471966240       -7.5767840537404138E-002
  0.92712125471966245       -7.5767840537404138E-002
  0.97712125471966238       -7.5767840537404138E-002
   1.0271212547196624       -7.5767840537404138E-002
   1.0771212547196625       -7.5767840537404138E-002
   1.1271212547196625       -7.5767840537404138E-002
   1.1771212547196623       -7.5767840537404138E-002
   1.2271212547196626       -7.5767840537404138E-002
   1.2771212547196626       -7.5767840537404138E-002
