 zone T = "ep =    1.00000000000000      ",
   3.30102999566398       -4.81914736310854     
   3.32602999566398       -4.81925762660695     
   3.35102999566398       -4.81934519778929     
   3.37602999566398       -4.81941473282771     
   3.40102999566398       -4.81946994626612     
   3.42602999566398       -4.81951379089763     
   3.45102999566398       -4.81954859448216     
   3.47602999566398       -4.81957622676405     
   3.50102999566398       -4.81959816671286     
   3.52602999566398       -4.81961557418299     
   3.55102999566398       -4.81962940731542     
   3.57602999566398       -4.81964038522091     
   3.60102999566398       -4.81964909822281     
   3.62602999566398       -4.81965601237597     
   3.65102999566398       -4.81966150585119     
   3.67602999566398       -4.81966586824123     
   3.70102999566398       -4.81966932331296     
   3.72602999566398       -4.81967207366298     
   3.75102999566398       -4.81967425338401     
   3.77602999566398       -4.81967598190104     
   3.80102999566398       -4.81967736736962     
   3.82602999566398       -4.81967844947165     
   3.85102999566398       -4.81967932329359     
   3.87602999566398       -4.81968000313277     
   3.90102999566398       -4.81968055062447     
   3.92602999566398       -4.81968099415574     
   3.95102999566398       -4.81968133173828     
   3.97602999566398       -4.81968160129975     
   4.00102999566398       -4.81968184810672     
   4.02602999566398       -4.81968200468738     
   4.05102999566398       -4.81968214509567     
   4.07602999566398       -4.81968224110491     
   4.10102999566398       -4.81968232553165     
   4.12602999566398       -4.81968239422517     
   4.15102999566398       -4.81968247498081     
   4.17602999566398       -4.81968250326608     
   4.20102999566398       -4.81968253815431     
   4.22602999566398       -4.81968254127961     
   4.25102999566398       -4.81968261165972     
   4.27602999566398       -4.81968258432077     
   4.30102999566398       -4.81968261556254     
   4.32602999566398       -4.81968262148934     
   4.35102999566398       -4.81968264271666     
   4.37602999566398       -4.81968266845680     
   4.40102999566398       -4.81968267582733     
   4.42602999566398       -4.81968265919152     
   4.45102999566398       -4.81968266508877     
   4.47602999566398       -4.81968262460658     
   4.50102999566398       -4.81968262008799     
   4.52602999566398       -4.81968265665164     
   4.55102999566398       -4.81968265812024     
   4.57602999566398       -4.81968267500136     
   4.60102999566398       -4.81968263165609     
   4.62602999566398       -4.81968264777900     
   4.65102999566398       -4.81968270010654     
   4.67602999566398       -4.81968274473657     
   4.70102999566398       -4.81968269829852     
   4.72602999566398       -4.81968270685960     
   4.75102999566398       -4.81968269594597     
   4.77602999566398       -4.81968271443844     
   4.80102999566398       -4.81968262281309     
   4.82602999566398       -4.81968267487164     
   4.85102999566398       -4.81968267897621     
   4.87602999566398       -4.81968265372619     
   4.90102999566398       -4.81968260513734     
   4.92602999566398       -4.81968267729781     
   4.95102999566398       -4.81968265572968     
   4.97602999566398       -4.81968266234756     
   5.00102999566398       -4.81968279571997     
   5.02602999566398       -4.81968285129718     
   5.05102999566398       -4.81968268828128     
 zone T = "ep =   0.794328234724281      ",
   3.30102999566398       -5.05080104232372     
   3.32602999566398       -5.05084033542237     
   3.35102999566398       -5.05087153375003     
   3.37602999566398       -5.05089629308373     
   3.40102999566398       -5.05091594958478     
   3.42602999566398       -5.05093155993820     
   3.45102999566398       -5.05094394357694     
   3.47602999566398       -5.05095377508930     
   3.50102999566398       -5.05096158176711     
   3.52602999566398       -5.05096776303533     
   3.55102999566398       -5.05097269062363     
   3.57602999566398       -5.05097659735330     
   3.60102999566398       -5.05097969482660     
   3.62602999566398       -5.05098215023627     
   3.65102999566398       -5.05098410245577     
   3.67602999566398       -5.05098565802212     
   3.70102999566398       -5.05098687887070     
   3.72602999566398       -5.05098785663548     
   3.75102999566398       -5.05098863045310     
   3.77602999566398       -5.05098924110362     
   3.80102999566398       -5.05098974574529     
   3.82602999566398       -5.05099011961181     
   3.85102999566398       -5.05099043692913     
   3.87602999566398       -5.05099067048147     
   3.90102999566398       -5.05099086255706     
   3.92602999566398       -5.05099103112594     
   3.95102999566398       -5.05099114429531     
   3.97602999566398       -5.05099123547733     
   4.00102999566398       -5.05099135531605     
   4.02602999566398       -5.05099139466522     
   4.05102999566398       -5.05099144903272     
   4.07602999566398       -5.05099147098977     
   4.10102999566398       -5.05099149696562     
   4.12602999566398       -5.05099151919108     
   4.15102999566398       -5.05099157883232     
   4.17602999566398       -5.05099157332357     
   4.20102999566398       -5.05099158499463     
   4.22602999566398       -5.05099155232813     
   4.25102999566398       -5.05099163504022     
   4.27602999566398       -5.05099157509210     
   4.30102999566398       -5.05099160170762     
   4.32602999566398       -5.05099160484782     
   4.35102999566398       -5.05099161912838     
   4.37602999566398       -5.05099164718624     
   4.40102999566398       -5.05099166609172     
   4.42602999566398       -5.05099162816572     
   4.45102999566398       -5.05099163663167     
   4.47602999566398       -5.05099156941983     
   4.50102999566398       -5.05099157389258     
   4.52602999566398       -5.05099162381616     
   4.55102999566398       -5.05099162884317     
   4.57602999566398       -5.05099163617552     
   4.60102999566398       -5.05099157896076     
   4.62602999566398       -5.05099160236168     
   4.65102999566398       -5.05099167604932     
   4.67602999566398       -5.05099174706749     
   4.70102999566398       -5.05099167354014     
   4.72602999566398       -5.05099168396051     
   4.75102999566398       -5.05099166675816     
   4.77602999566398       -5.05099170463536     
   4.80102999566398       -5.05099156303978     
   4.82602999566398       -5.05099163069083     
   4.85102999566398       -5.05099165654960     
   4.87602999566398       -5.05099160717858     
   4.90102999566398       -5.05099154401587     
   4.92602999566398       -5.05099163583815     
   4.95102999566398       -5.05099160178709     
   4.97602999566398       -5.05099161380433     
   5.00102999566398       -5.05099179908751     
   5.02602999566398       -5.05099189532007     
   5.05102999566398       -5.05099165853282     
 zone T = "ep =   0.630957344480193      ",
   3.30102999566398       -5.35085875598605     
   3.32602999566398       -5.35086980628920     
   3.35102999566398       -5.35087858309261     
   3.37602999566398       -5.35088553569344     
   3.40102999566398       -5.35089105816522     
   3.42602999566398       -5.35089545212233     
   3.45102999566398       -5.35089892482885     
   3.47602999566398       -5.35090167968451     
   3.50102999566398       -5.35090387742701     
   3.52602999566398       -5.35090558726073     
   3.55102999566398       -5.35090698467376     
   3.57602999566398       -5.35090808604628     
   3.60102999566398       -5.35090894735054     
   3.62602999566398       -5.35090962822122     
   3.65102999566398       -5.35091017650591     
   3.67602999566398       -5.35091061701584     
   3.70102999566398       -5.35091094270410     
   3.72602999566398       -5.35091122136344     
   3.75102999566398       -5.35091143419454     
   3.77602999566398       -5.35091159529015     
   3.80102999566398       -5.35091175873310     
   3.82602999566398       -5.35091183951943     
   3.85102999566398       -5.35091194489111     
   3.87602999566398       -5.35091199402155     
   3.90102999566398       -5.35091204319324     
   3.92602999566398       -5.35091211789642     
   3.95102999566398       -5.35091212659700     
   3.97602999566398       -5.35091214189899     
   4.00102999566398       -5.35091223918369     
   4.02602999566398       -5.35091222237779     
   4.05102999566398       -5.35091224347162     
   4.07602999566398       -5.35091222516925     
   4.10102999566398       -5.35091222047704     
   4.12602999566398       -5.35091223661702     
   4.15102999566398       -5.35091230551421     
   4.17602999566398       -5.35091226744614     
   4.20102999566398       -5.35091227521410     
   4.22602999566398       -5.35091220777518     
   4.25102999566398       -5.35091233763090     
   4.27602999566398       -5.35091222135085     
   4.30102999566398       -5.35091226559272     
   4.32602999566398       -5.35091226690326     
   4.35102999566398       -5.35091229064793     
   4.37602999566398       -5.35091234817477     
   4.40102999566398       -5.35091236687094     
   4.42602999566398       -5.35091229495006     
   4.45102999566398       -5.35091229977816     
   4.47602999566398       -5.35091218483673     
   4.50102999566398       -5.35091218145540     
   4.52602999566398       -5.35091228017471     
   4.55102999566398       -5.35091227335087     
   4.57602999566398       -5.35091230540976     
   4.60102999566398       -5.35091219123532     
   4.62602999566398       -5.35091224307544     
   4.65102999566398       -5.35091237951602     
   4.67602999566398       -5.35091250606077     
