 zone T = "ep =    1.00000000000000      ",
   1.00000000000000       -2.39084788643880     
   1.05000000000000       -2.51099698361639     
   1.10000000000000       -2.62900488351686     
   1.15000000000000       -2.73745977410702     
   1.20000000000000       -2.85458019763959     
   1.25000000000000       -2.97155695592175     
   1.30000000000000       -3.08475566845574     
   1.35000000000000       -3.20772604888407     
   1.40000000000000       -3.32555504424451     
   1.45000000000000       -3.45084021010709     
   1.50000000000000       -3.58208283320874     
   1.55000000000000       -3.71547036662771     
   1.60000000000000       -3.85479457297690     
   1.65000000000000       -4.00619373746846     
   1.70000000000000       -4.16641785176123     
   1.75000000000000       -4.35230473744384     
   1.80000000000000       -4.56911112588786     
   1.85000000000000       -4.86270036930052     
   1.90000000000000       -5.38091899101447     
   1.95000000000000       -5.59191348505624     
   2.00000000000000       -5.13606476280839     
   2.05000000000000       -4.97499697103432     
   2.10000000000000       -4.89865271815225     
   2.15000000000000       -4.86015375430844     
   2.20000000000000       -4.84400914520599     
   2.25000000000000       -4.84310646148957     
   2.30000000000000       -4.85183132573800     
   2.35000000000000       -4.86850802677637     
   2.40000000000000       -4.89060063884269     
   2.45000000000000       -4.91713584304025     
   2.50000000000000       -4.94726391384594     
   2.55000000000000       -4.98028366456855     
   2.60000000000000       -5.01575148434235     
   2.65000000000000       -5.05307145336026     
   2.70000000000000       -5.09218688962526     
   2.75000000000000       -5.13264526508156     
   2.80000000000000       -5.17439211930891     
   2.85000000000000       -5.21711280514572     
   2.90000000000000       -5.26069616829027     
   2.95000000000000       -5.30509613320389     
   3.00000000000000       -5.35018703151489     
   3.05000000000000       -5.39582749401251     
   3.10000000000000       -5.44197437168630     
   3.15000000000000       -5.48855775289952     
   3.20000000000000       -5.53556642934025     
   3.25000000000000       -5.58289694682020     
   3.30000000000000       -5.63053949351904     
   3.35000000000000       -5.67844767808024     
   3.40000000000000       -5.72659795238219     
   3.45000000000000       -5.77494487477587     
   3.50000000000000       -5.82348423622234     
   3.55000000000000       -5.87218804374715     
   3.60000000000000       -5.92103458074731     
   3.65000000000000       -5.97000563118004     
   3.70000000000000       -6.01909328750439     
   3.75000000000000       -6.06827841918261     
   3.80000000000000       -6.11755610534137     
   3.85000000000000       -6.16691342981176     
   3.90000000000000       -6.21634210593059     
   3.95000000000000       -6.26583226191963     
   4.00000000000000       -6.31538186363170     
   4.05000000000000       -6.36497648155198     
   4.10000000000000       -6.41461649922348     
   4.15000000000000       -6.46429596383656     
   4.20000000000000       -6.51401216771414     
   4.25000000000000       -6.56375722819035     
   4.30000000000000       -6.61353061764336     
   4.35000000000000       -6.66333005821082     
   4.40000000000000       -6.71314983044135     
   4.45000000000000       -6.76299041356938     
   4.50000000000000       -6.81284792964102     
 zone T = "ep =   0.794328234724281      ",
   1.00000000000000       -2.53307780584417     
   1.05000000000000       -2.65917447425009     
   1.10000000000000       -2.78343747546359     
   1.15000000000000       -2.89809764235255     
   1.20000000000000       -3.02319175434430     
   1.25000000000000       -3.14923956757412     
   1.30000000000000       -3.27292374032725     
   1.35000000000000       -3.40884136853898     
   1.40000000000000       -3.54264354902250     
   1.45000000000000       -3.68846279896169     
   1.50000000000000       -3.84736912656377     
   1.55000000000000       -4.01797866011711     
   1.60000000000000       -4.21262729299124     
   1.65000000000000       -4.45325759423425     
   1.70000000000000       -4.78377324969736     
   1.75000000000000       -5.60499511907071     
   1.80000000000000       -5.13463433861591     
   1.85000000000000       -4.84703054527188     
   1.90000000000000       -4.72879878355320     
   1.95000000000000       -4.66980565338910     
   2.00000000000000       -4.64094684005164     
   2.05000000000000       -4.63128909670426     
   2.10000000000000       -4.63401659182673     
   2.15000000000000       -4.64623149638324     
   2.20000000000000       -4.66496667945850     
   2.25000000000000       -4.68880972705760     
   2.30000000000000       -4.71696172314009     
   2.35000000000000       -4.74819100761921     
   2.40000000000000       -4.78227873446950     
   2.45000000000000       -4.81848049432515     
   2.50000000000000       -4.85662734292004     
   2.55000000000000       -4.89626032879329     
   2.60000000000000       -4.93724299902802     
   2.65000000000000       -4.97941448392013     
   2.70000000000000       -5.02250163298601     
   2.75000000000000       -5.06647110309756     
   2.80000000000000       -5.11108556731768     
   2.85000000000000       -5.15640174201434     
   2.90000000000000       -5.20231111194036     
   2.95000000000000       -5.24864812553582     
   3.00000000000000       -5.29537801473502     
   3.05000000000000       -5.34252550300834     
   3.10000000000000       -5.39000349615986     
   3.15000000000000       -5.43778668219132     
   3.20000000000000       -5.48577497759840     
   3.25000000000000       -5.53402232835617     
   3.30000000000000       -5.58245287513532     
   3.35000000000000       -5.63106005592985     
   3.40000000000000       -5.67981394098215     
   3.45000000000000       -5.72872468306844     
   3.50000000000000       -5.77774381664726     
   3.55000000000000       -5.82686883385038     
   3.60000000000000       -5.87609283062999     
   3.65000000000000       -5.92540822800196     
   3.70000000000000       -5.97479471563349     
   3.75000000000000       -6.02425464874990     
   3.80000000000000       -6.07376902026041     
   3.85000000000000       -6.12333676583291     
   3.90000000000000       -6.17295052901284     
   3.95000000000000       -6.22260890572472     
   4.00000000000000       -6.27229828284770     
   4.05000000000000       -6.32202975863665     
   4.10000000000000       -6.37178829015187     
   4.15000000000000       -6.42157324732625     
   4.20000000000000       -6.47137878516841     
   4.25000000000000       -6.52120883447162     
   4.30000000000000       -6.57105713701168     
   4.35000000000000       -6.62092092243142     
   4.40000000000000       -6.67079891868459     
   4.45000000000000       -6.72069168592493     
   4.50000000000000       -6.77059591279786     
 zone T = "ep =   0.630957344480193      ",
   1.00000000000000       -2.72869945326184     
   1.05000000000000       -2.85852439315420     
   1.10000000000000       -2.98650098213642     
   1.15000000000000       -3.10473336877740     
   1.20000000000000       -3.23467239314787     
   1.25000000000000       -3.36643417493688     
   1.30000000000000       -3.49676797357158     
   1.35000000000000       -3.64153234726673     
   1.40000000000000       -3.78648792812831     
   1.45000000000000       -3.94784863781927     
   1.50000000000000       -4.12981996159725     
   1.55000000000000       -4.33603153791294     
   1.60000000000000       -4.59658936584895     
   1.65000000000000       -5.00002747327684     
   1.70000000000000       -6.09129877738721     
   1.75000000000000       -5.06613851380417     
   1.80000000000000       -4.85839325813312     
   1.85000000000000       -4.76191080220640     
   1.90000000000000       -4.71490282698060     
   1.95000000000000       -4.69323067601810     
   2.00000000000000       -4.68778377039539     
   2.05000000000000       -4.69447044732956     
   2.10000000000000       -4.70866033821708     
   2.15000000000000       -4.72961371754522     
   2.20000000000000       -4.75510468898409     
   2.25000000000000       -4.78415655169347     
   2.30000000000000       -4.81666265162935     
   2.35000000000000       -4.85131631173459     
   2.40000000000000       -4.88833829359523     
   2.45000000000000       -4.92698074441494     
   2.50000000000000       -4.96720643801529     
   2.55000000000000       -5.00859144705651     
   2.60000000000000       -5.05106216057366     
   2.65000000000000       -5.09456363400183     
   2.70000000000000       -5.13875408695507     
   2.75000000000000       -5.18371031251255     
   2.80000000000000       -5.22913824289953     
   2.85000000000000       -5.27519722388057     
   2.90000000000000       -5.32177757101965     
   2.95000000000000       -5.36867683888524     
   3.00000000000000       -5.41588496833933     
   3.05000000000000       -5.46347456709346     
   3.10000000000000       -5.51134482406711     
   3.15000000000000       -5.55948307471677     
   3.20000000000000       -5.60776205371812     
   3.25000000000000       -5.65628243592365     
   3.30000000000000       -5.70494821436527     
   3.35000000000000       -5.75376455278625     
   3.40000000000000       -5.80269938533832     
   3.45000000000000       -5.85177954945922     
   3.50000000000000       -5.90094302947400     
   3.55000000000000       -5.95019494157734     
   3.60000000000000       -5.99953280920608     
