 zone T = "ep =    1.00000000000000      ",
   1.00000000000000       -3.25336953463460     
   1.05000000000000       -3.33067266618604     
   1.10000000000000       -3.33921465082359     
   1.15000000000000       -3.31418807723834     
   1.20000000000000       -3.28185028640533     
   1.25000000000000       -3.25475026876871     
   1.30000000000000       -3.23740374997192     
   1.35000000000000       -3.32772102319341     
   1.40000000000000       -3.35263229472978     
   1.45000000000000       -3.33698741549978     
   1.50000000000000       -3.37380187574127     
   1.55000000000000       -3.42118416637703     
   1.60000000000000       -3.40406187880838     
   1.65000000000000       -3.48192029426747     
   1.70000000000000       -3.47589165300501     
   1.75000000000000       -3.54473405776813     
   1.80000000000000       -3.58000696786777     
   1.85000000000000       -3.60105774164548     
   1.90000000000000       -3.63868786313684     
   1.95000000000000       -3.68273026857328     
   2.00000000000000       -3.64603989563049     
   2.05000000000000       -3.77540912445231     
   2.10000000000000       -3.82243447332200     
   2.15000000000000       -3.85847064064163     
   2.20000000000000       -3.90379397072118     
   2.25000000000000       -3.95087538308753     
   2.30000000000000       -3.99149292437872     
   2.35000000000000       -4.04487582187548     
   2.40000000000000       -4.08680310778906     
   2.45000000000000       -4.13503846674580     
   2.50000000000000       -4.18422772443135     
   2.55000000000000       -4.23179987834849     
   2.60000000000000       -4.27733785897081     
   2.65000000000000       -4.32650086804457     
   2.70000000000000       -4.37273591804848     
   2.75000000000000       -4.42222368995243     
   2.80000000000000       -4.46956625671437     
   2.85000000000000       -4.51918220460429     
   2.90000000000000       -4.56882662557743     
   2.95000000000000       -4.61649545697986     
   3.00000000000000       -4.66475086846948     
   3.05000000000000       -4.71517568563324     
   3.10000000000000       -4.76402086518620     
   3.15000000000000       -4.81392004199271     
   3.20000000000000       -4.86360576636490     
   3.25000000000000       -4.91255638144636     
   3.30000000000000       -4.96251193799385     
   3.35000000000000       -5.01157326965511     
   3.40000000000000       -5.06134679138729     
   3.45000000000000       -5.11096524971574     
   3.50000000000000       -5.16077466795176     
   3.55000000000000       -5.21045093847512     
   3.60000000000000       -5.26010675414234     
   3.65000000000000       -5.31011885669297     
   3.70000000000000       -5.35982057459446     
   3.75000000000000       -5.40975439301858     
   3.80000000000000       -5.45936794423366     
   3.85000000000000       -5.50926192908653     
   3.90000000000000       -5.55932173018406     
   3.95000000000000       -5.60918083875697     
   4.00000000000000       -5.65893743157590     
   4.05000000000000       -5.70887925597004     
   4.10000000000000       -5.75884625910640     
   4.15000000000000       -5.80888427937795     
   4.20000000000000       -5.85874413345623     
   4.25000000000000       -5.90874073481998     
   4.30000000000000       -5.95868830376583     
   4.35000000000000       -6.00864724545369     
   4.40000000000000       -6.05857694895971     
   4.45000000000000       -6.10858279593767     
   4.50000000000000       -6.15854180312550     
 zone T = "ep =   0.794328234724281      ",
   1.00000000000000       -3.27896960030713     
   1.05000000000000       -3.34623953398786     
   1.10000000000000       -3.33236580714439     
   1.15000000000000       -3.28620209738746     
   1.20000000000000       -3.23804444780190     
   1.25000000000000       -3.19945276599312     
   1.30000000000000       -3.17327141650223     
   1.35000000000000       -3.25949718343709     
   1.40000000000000       -3.28191771331129     
   1.45000000000000       -3.26497856074611     
   1.50000000000000       -3.30015486771743     
   1.55000000000000       -3.34676463143606     
   1.60000000000000       -3.33019009144480     
   1.65000000000000       -3.40719852717577     
   1.70000000000000       -3.40198490303068     
   1.75000000000000       -3.47043639879599     
   1.80000000000000       -3.50595316087601     
   1.85000000000000       -3.52751749877951     
   1.90000000000000       -3.56539130461886     
   1.95000000000000       -3.60958686263291     
   2.00000000000000       -3.57404288706286     
   2.05000000000000       -3.70251117653358     
   2.10000000000000       -3.74963578082506     
   2.15000000000000       -3.78591323437675     
   2.20000000000000       -3.83133926858954     
   2.25000000000000       -3.87849850538368     
   2.30000000000000       -3.91926235193192     
   2.35000000000000       -3.97263873119473     
   2.40000000000000       -4.01468179144968     
   2.45000000000000       -4.06295738494202     
   2.50000000000000       -4.11217155393440     
   2.55000000000000       -4.15978434383580     
   2.60000000000000       -4.20537970705286     
   2.65000000000000       -4.25456100730041     
   2.70000000000000       -4.30084217450471     
   2.75000000000000       -4.35034128282008     
   2.80000000000000       -4.39771486022798     
   2.85000000000000       -4.44733829255706     
   2.90000000000000       -4.49698967762442     
   2.95000000000000       -4.54468354664765     
   3.00000000000000       -4.59295752524668     
   3.05000000000000       -4.64338008483682     
   3.10000000000000       -4.69223737515164     
   3.15000000000000       -4.74213867147005     
   3.20000000000000       -4.79182816910805     
   3.25000000000000       -4.84078921770139     
   3.30000000000000       -4.89074576933626     
   3.35000000000000       -4.93981621170566     
   3.40000000000000       -4.98959220319220     
   3.45000000000000       -5.03921442747068     
   3.50000000000000       -5.08902583968552     
   3.55000000000000       -5.13870523992519     
   3.60000000000000       -5.18836435765114     
   3.65000000000000       -5.23837645471320     
   3.70000000000000       -5.28808099262784     
   3.75000000000000       -5.33801548492685     
   3.80000000000000       -5.38763260873094     
   3.85000000000000       -5.43752760256585     
   3.90000000000000       -5.48758689806347     
   3.95000000000000       -5.53744731545596     
   4.00000000000000       -5.58720613925841     
   4.05000000000000       -5.63714850927577     
   4.10000000000000       -5.68711582530196     
   4.15000000000000       -5.73715351262951     
   4.20000000000000       -5.78701464551066     
   4.25000000000000       -5.83701128541379     
   4.30000000000000       -5.88695933485151     
   4.35000000000000       -5.93691865240495     
   4.40000000000000       -5.98684899576683     
   4.45000000000000       -6.03685479289072     
   4.50000000000000       -6.08681417323722     
 zone T = "ep =   0.630957344480193      ",
   1.00000000000000       -3.34582796121209     
   1.05000000000000       -3.39853968490912     
   1.10000000000000       -3.35056097830177     
   1.15000000000000       -3.27508686447461     
   1.20000000000000       -3.20676007441711     
   1.25000000000000       -3.15439869078236     
   1.30000000000000       -3.11812283446217     
   1.35000000000000       -3.19929741463044     
   1.40000000000000       -3.21832200815389     
   1.45000000000000       -3.19958464833463     
   1.50000000000000       -3.23279065646887     
   1.55000000000000       -3.27819147663603     
   1.60000000000000       -3.26204662450152     
   1.65000000000000       -3.33794025215445     
   1.70000000000000       -3.33350229992583     
   1.75000000000000       -3.40140191190463     
   1.80000000000000       -3.43713233579813     
   1.85000000000000       -3.45919888903576     
   1.90000000000000       -3.49728685809915     
   1.95000000000000       -3.54161893425477     
   2.00000000000000       -3.50727609823043     
   2.05000000000000       -3.63478358225560     
   2.10000000000000       -3.68200230669130     
   2.15000000000000       -3.71853401221038     
   2.20000000000000       -3.76406271959062     
   2.25000000000000       -3.81130374823013     
   2.30000000000000       -3.85222049306760     
   2.35000000000000       -3.90559372694987     
   2.40000000000000       -3.94775659595408     
   2.45000000000000       -3.99607507117624     
   2.50000000000000       -4.04531562176115     
   2.55000000000000       -4.09297138625649     
   2.60000000000000       -4.13862502329152     
   2.65000000000000       -4.18782612349392     
   2.70000000000000       -4.23415423658856     
   2.75000000000000       -4.28366559852008     
   2.80000000000000       -4.33107023009711     
   2.85000000000000       -4.38070154437329     
   2.90000000000000       -4.43036051056730     
   2.95000000000000       -4.47807908939004     
   3.00000000000000       -4.52637129243455     
   3.05000000000000       -4.57679211705326     
   3.10000000000000       -4.62566122824547     
   3.15000000000000       -4.67556486036999     
   3.20000000000000       -4.72525814125169     
   3.25000000000000       -4.77422926851190     
   3.30000000000000       -4.82418691975299     
   3.35000000000000       -4.87326611130488     
   3.40000000000000       -4.92304455084159     
   3.45000000000000       -4.97267039719198     
   3.50000000000000       -5.02248376601233     
   3.55000000000000       -5.07216616162416     
   3.60000000000000       -5.12182844354557     
   3.65000000000000       -5.17184055945118     
   3.70000000000000       -5.22154778772571     
   3.75000000000000       -5.27148293378700     
   3.80000000000000       -5.32110344017150     
   3.85000000000000       -5.37099939682768     
   3.90000000000000       -5.42105822641178     
   3.95000000000000       -5.47091988469834     
   4.00000000000000       -5.52068081535548     
   4.05000000000000       -5.57062370389777     
   4.10000000000000       -5.62059131791338     
   4.15000000000000       -5.67062869497371     
   4.20000000000000       -5.72049103387411     
   4.25000000000000       -5.77048771229768     
   4.30000000000000       -5.82043621539417     
   4.35000000000000       -5.87039588758805     
   4.40000000000000       -5.92032683392798     
   4.45000000000000       -5.97033258502604     
   4.50000000000000       -6.02029231701834     
 zone T = "ep =   0.501187233627272      ",
   1.00000000000000       -3.48439726417971     
   1.05000000000000       -3.51128926625063     
   1.10000000000000       -3.40386459000061     
   1.15000000000000       -3.28505164423315     
   1.20000000000000       -3.19036857886894     
   1.25000000000000       -3.12141632261827     
   1.30000000000000       -3.07365214696782     
   1.35000000000000       -3.14869271710189     
   1.40000000000000       -3.16318220177442     
   1.45000000000000       -3.14196919282875     
   1.50000000000000       -3.17282111849046     
   1.55000000000000       -3.21645487590992     
   1.60000000000000       -3.20050036323441     
   1.65000000000000       -3.27496950463677     
   1.70000000000000       -3.27117187018871     
   1.75000000000000       -3.33832097687069     
   1.80000000000000       -3.37419433473761     
   1.85000000000000       -3.39670173293770     
   1.90000000000000       -3.43494084249108     
   1.95000000000000       -3.47937189931195     
   2.00000000000000       -3.44621760449828     
   2.05000000000000       -3.57274763981326     
   2.10000000000000       -3.62004561033888     
   2.15000000000000       -3.65683118966600     
   2.20000000000000       -3.70245521059141     
   2.25000000000000       -3.74977801791167     
   2.30000000000000       -3.79084635010816     
   2.35000000000000       -3.84422193230042     
   2.40000000000000       -3.88650214860171     
   2.45000000000000       -3.93486463988212     
   2.50000000000000       -3.98413220424159     
   2.55000000000000       -4.03183154744944     
   2.60000000000000       -4.07754083306139     
   2.65000000000000       -4.12676274999340     
   2.70000000000000       -4.17313581733785     
   2.75000000000000       -4.22266007216589     
   2.80000000000000       -4.27009373040041     
   2.85000000000000       -4.31973307594842     
   2.90000000000000       -4.36940007999701     
   2.95000000000000       -4.41714118996275     
   3.00000000000000       -4.46544987406312     
   3.05000000000000       -4.51586991250810     
   3.10000000000000       -4.56474961801439     
   3.15000000000000       -4.61465577158668     
   3.20000000000000       -4.66435261022371     
   3.25000000000000       -4.71333259634550     
   3.30000000000000       -4.76329144121299     
   3.35000000000000       -4.81237823916525     
   3.40000000000000       -4.86215893146630     
   3.45000000000000       -4.91178793971223     
   3.50000000000000       -4.96160307777484     
   3.55000000000000       -5.01128806369065     
   3.60000000000000       -5.06095308549138     
   3.65000000000000       -5.11096525914116     
   3.70000000000000       -5.16067479772042     
   3.75000000000000       -5.21061052391908     
   3.80000000000000       -5.26023389363034     
   3.85000000000000       -5.31013067806776     
   3.90000000000000       -5.36018913476168     
   3.95000000000000       -5.41005184637433     
   4.00000000000000       -5.45981455153961     
   4.05000000000000       -5.50975788236864     
   4.10000000000000       -5.55972575171800     
   4.15000000000000       -5.60976287448060     
   4.20000000000000       -5.65962622647867     
   4.25000000000000       -5.70962294090562     
   4.30000000000000       -5.75957182599013     
   4.35000000000000       -5.80953179642893     
   4.40000000000000       -5.85946324854721     
   4.45000000000000       -5.90946896266145     
   4.50000000000000       -5.95942898959406     
 zone T = "ep =   0.398107170553497      ",
   1.00000000000000       -3.80631686239533     
   1.05000000000000       -3.75751729322460     
   1.10000000000000       -3.51260592863205     
   1.15000000000000       -3.32218426883111     
   1.20000000000000       -3.19159925671684     
   1.25000000000000       -3.10237407729662     
   1.30000000000000       -3.04150899283682     
   1.35000000000000       -3.10924758676795     
   1.40000000000000       -3.11782261294768     
   1.45000000000000       -3.09325208677899     
   1.50000000000000       -3.12131351652391     
   1.55000000000000       -3.16251058571382     
   1.60000000000000       -3.14634953086025     
   1.65000000000000       -3.21905358705666     
   1.70000000000000       -3.21563386945288     
   1.75000000000000       -3.28180099053960     
   1.80000000000000       -3.31769227266137     
   1.85000000000000       -3.34051292509570     
   1.90000000000000       -3.37879841075597     
   1.95000000000000       -3.42326395236630     
   2.00000000000000       -3.39119368477868     
   2.05000000000000       -3.51678815121101     
   2.10000000000000       -3.56413810040129     
   2.15000000000000       -3.60115859890241     
   2.20000000000000       -3.64686132258837     
   2.25000000000000       -3.69426040277153     
   2.30000000000000       -3.73546865381784     
   2.35000000000000       -3.78885429980100     
   2.40000000000000       -3.83124125260495     
   2.45000000000000       -3.87964694618015     
   2.50000000000000       -3.92894117944085     
   2.55000000000000       -3.97668253584025     
   2.60000000000000       -4.02244069044484     
   2.65000000000000       -4.07168384001938     
   2.70000000000000       -4.11809652103152     
   2.75000000000000       -4.16763399806623     
   2.80000000000000       -4.21509226535826     
   2.85000000000000       -4.26473954326592     
   2.90000000000000       -4.31441485796366     
   2.95000000000000       -4.36217419235295     
   3.00000000000000       -4.41049601931953     
   3.05000000000000       -4.46091672122348     
   3.10000000000000       -4.50980473552740     
   3.15000000000000       -4.55971356554721     
   3.20000000000000       -4.60941347665492     
   3.25000000000000       -4.65840011911200     
   3.30000000000000       -4.70836024377270     
   3.35000000000000       -4.75745261718455     
   3.40000000000000       -4.80723517083529     
   3.45000000000000       -4.85686652426861     
   3.50000000000000       -4.90668307449795     
   3.55000000000000       -4.95636993989462     
   3.60000000000000       -5.00603695175642     
   3.65000000000000       -5.05604924053373     
   3.70000000000000       -5.10576042480288     
   3.75000000000000       -5.15569659755675     
   3.80000000000000       -5.20532193742840     
   3.85000000000000       -5.25521931407204     
   3.90000000000000       -5.30527755195842     
   3.95000000000000       -5.35514099359573     
   4.00000000000000       -5.40490490447807     
   4.05000000000000       -5.45484854572700     
   4.10000000000000       -5.50481659643047     
   4.15000000000000       -5.55485355885478     
   4.20000000000000       -5.60471759460176     
   4.25000000000000       -5.65471433974234     
   4.30000000000000       -5.70466348426630     
   4.35000000000000       -5.75462365667934     
   4.40000000000000       -5.80455544888027     
   4.45000000000000       -5.85456114097190     
   4.50000000000000       -5.90452136622271     
 zone T = "ep =   0.316227766016838      ",
   1.00000000000000       -4.23262847613374     
   1.05000000000000       -3.82020419227692     
   1.10000000000000       -3.52864809896218     
   1.15000000000000       -3.34005192651585     
   1.20000000000000       -3.21081125987122     
   1.25000000000000       -3.09902699466159     
   1.30000000000000       -3.02307522551280     
   1.35000000000000       -3.08232253881585     
   1.40000000000000       -3.08338889765794     
   1.45000000000000       -3.05436382646579     
   1.50000000000000       -3.07915186111711     
   1.55000000000000       -3.11716613835747     
   1.60000000000000       -3.10022217022517     
   1.65000000000000       -3.17081426106792     
   1.70000000000000       -3.16736261649178     
   1.75000000000000       -3.23229485788173     
   1.80000000000000       -3.26801415238573     
   1.85000000000000       -3.29094271813851     
   1.90000000000000       -3.32912297078570     
   1.95000000000000       -3.37352670222372     
   2.00000000000000       -3.34232720293607     
   2.05000000000000       -3.46709419206422     
   2.10000000000000       -3.51445420081863     
   2.15000000000000       -3.55166789720059     
   2.20000000000000       -3.59742209557512     
   2.25000000000000       -3.64488503613444     
   2.30000000000000       -3.68620970335477     
   2.35000000000000       -3.73961475747736     
   2.40000000000000       -3.78208905441781     
   2.45000000000000       -3.83053493470673     
   2.50000000000000       -3.87985449912880     
   2.55000000000000       -3.92763400779592     
   2.60000000000000       -3.97343014822807     
   2.65000000000000       -4.02269435319994     
   2.70000000000000       -4.06913800086659     
   2.75000000000000       -4.11868877596615     
   2.80000000000000       -4.16616496322152     
   2.85000000000000       -4.21581990972477     
   2.90000000000000       -4.26550365962919     
   2.95000000000000       -4.31327489398743     
   3.00000000000000       -4.36160503458720     
   3.05000000000000       -4.41202836120607     
   3.10000000000000       -4.46092141877907     
   3.15000000000000       -4.51083306937493     
   3.20000000000000       -4.56053534187889     
   3.25000000000000       -4.60952551757913     
   3.30000000000000       -4.65948701305631     
   3.35000000000000       -4.70858209630559     
   3.40000000000000       -4.75836594068639     
   3.45000000000000       -4.80799849268063     
   3.50000000000000       -4.85781594162057     
   3.55000000000000       -4.90750369122908     
   3.60000000000000       -4.95717163754281     
   3.65000000000000       -5.00718412030843     
   3.70000000000000       -5.05689601780279     
   3.75000000000000       -5.10683244892076     
   3.80000000000000       -5.15645851315510     
   3.85000000000000       -5.20635615257632     
   3.90000000000000       -5.25641438461566     
   3.95000000000000       -5.30627810527362     
   4.00000000000000       -5.35604242991786     
   4.05000000000000       -5.40598619763037     
   4.10000000000000       -5.45595432655568     
   4.15000000000000       -5.50599125892068     
   4.20000000000000       -5.55585552023506     
   4.25000000000000       -5.60585228837880     
   4.30000000000000       -5.65580152183037     
   4.35000000000000       -5.70576176239677     
   4.40000000000000       -5.75569366428754     
   4.45000000000000       -5.80569935502367     
   4.50000000000000       -5.85565964425237     
 zone T = "ep =   0.251188643150958      ",
   1.00000000000000       -3.51406252827285     
   1.05000000000000       -3.43368792581879     
   1.10000000000000       -3.31224929928181     
   1.15000000000000       -3.20375241961626     
   1.20000000000000       -3.11620254805518     
   1.25000000000000       -3.04723998885260     
   1.30000000000000       -2.99338852737829     
   1.35000000000000       -3.06261040031496     
   1.40000000000000       -3.06062392176071     
   1.45000000000000       -3.02586457877035     
   1.50000000000000       -3.04687106133971     
   1.55000000000000       -3.08094372326193     
   1.60000000000000       -3.06247235873301     
   1.65000000000000       -3.13063319109695     
   1.70000000000000       -3.12659669090764     
   1.75000000000000       -3.19003743663596     
   1.80000000000000       -3.22532819974039     
   1.85000000000000       -3.24808072663372     
   1.90000000000000       -3.28595795662959     
   1.95000000000000       -3.33016974942131     
   2.00000000000000       -3.29951871786464     
   2.05000000000000       -3.42362569991495     
   2.10000000000000       -3.47093756117235     
   2.15000000000000       -3.50827820239303     
   2.20000000000000       -3.55404540174822     
   2.25000000000000       -3.60155168355403     
   2.30000000000000       -3.64295758333407     
   2.35000000000000       -3.69639135031172     
   2.40000000000000       -3.73892571539054     
   2.45000000000000       -3.78740651801776     
   2.50000000000000       -3.83674913862144     
   2.55000000000000       -3.88456094510777     
   2.60000000000000       -3.93038107844336     
   2.65000000000000       -3.97966571187806     
   2.70000000000000       -4.02612922265831     
   2.75000000000000       -4.07569327255072     
   2.80000000000000       -4.12317913260711     
   2.85000000000000       -4.17284149190007     
   2.90000000000000       -4.22253376491751     
   2.95000000000000       -4.27030919927966     
   3.00000000000000       -4.31864183937056     
   3.05000000000000       -4.36907018021019     
   3.10000000000000       -4.41796438397459     
   3.15000000000000       -4.46787903340884     
   3.20000000000000       -4.51758284037768     
   3.25000000000000       -4.56657281148028     
   3.30000000000000       -4.61653579878575     
   3.35000000000000       -4.66563016252372     
   3.40000000000000       -4.71541461811485     
   3.45000000000000       -4.76504700826492     
   3.50000000000000       -4.81486474416575     
   3.55000000000000       -4.86455219522973     
   3.60000000000000       -4.91421981399467     
   3.65000000000000       -4.96423259224205     
   3.70000000000000       -5.01394408829922     
   3.75000000000000       -5.06388055606554     
   3.80000000000000       -5.11350585665438     
   3.85000000000000       -5.16340336692578     
   3.90000000000000       -5.21346184931249     
   3.95000000000000       -5.26332531087299     
   4.00000000000000       -5.31308910350476     
   4.05000000000000       -5.36303277867534     
   4.10000000000000       -5.41300086341373     
   4.15000000000000       -5.46303792200791     
   4.20000000000000       -5.51290186173208     
   4.25000000000000       -5.56289864392622     
   4.30000000000000       -5.61284776284416     
   4.35000000000000       -5.66280791197125     
   4.40000000000000       -5.71273964844581     
   4.45000000000000       -5.76274536263678     
   4.50000000000000       -5.81270555545990     
 zone T = "ep =   0.199526231496888      ",
   1.00000000000000       -3.24171287405505     
   1.05000000000000       -3.21857312099069     
   1.10000000000000       -3.15758539270797     
   1.15000000000000       -3.09278387170713     
   1.20000000000000       -3.03446640644562     
   1.25000000000000       -2.98463446520001     
   1.30000000000000       -2.94297417886753     
   1.35000000000000       -3.01027481886528     
   1.40000000000000       -3.01939734010704     
   1.45000000000000       -2.99696155555375     
   1.50000000000000       -3.02449771171023     
   1.55000000000000       -3.05394678053070     
   1.60000000000000       -3.03309823536575     
   1.65000000000000       -3.09857510769955     
   1.70000000000000       -3.09329945545810     
   1.75000000000000       -3.15501057234756     
   1.80000000000000       -3.18956303525232     
   1.85000000000000       -3.21179194652403     
   1.90000000000000       -3.24913064168020     
   1.95000000000000       -3.29298893082741     
   2.00000000000000       -3.26247657467288     
   2.05000000000000       -3.38612611255644     
   2.10000000000000       -3.43331436754982     
   2.15000000000000       -3.47069260912402     
   2.20000000000000       -3.51642298203706     
   2.25000000000000       -3.56394292553288     
   2.30000000000000       -3.60538499327652     
   2.35000000000000       -3.65885383837968     
   2.40000000000000       -3.70141541988180     
   2.45000000000000       -3.74992363251965     
   2.50000000000000       -3.79928603689510     
   2.55000000000000       -3.84712292586008     
   2.60000000000000       -3.89295175104294     
   2.65000000000000       -3.94225594243436     
   2.70000000000000       -3.98872733892524     
   2.75000000000000       -4.03830474067270     
   2.80000000000000       -4.08579170316112     
   2.85000000000000       -4.13546144603668     
   2.90000000000000       -4.18516246199720     
   2.95000000000000       -4.23293414268399     
   3.00000000000000       -4.28126334596697     
   3.05000000000000       -4.33169934152514     
   3.10000000000000       -4.38059074864576     
   3.15000000000000       -4.43050867498672     
   3.20000000000000       -4.48021324826354     
   3.25000000000000       -4.52919918620774     
   3.30000000000000       -4.57916385158214     
   3.35000000000000       -4.62825396885036     
   3.40000000000000       -4.67803836552463     
   3.45000000000000       -4.72766921509631     
   3.50000000000000       -4.77748662630441     
   3.55000000000000       -4.82717257275386     
   3.60000000000000       -4.87683856658283     
   3.65000000000000       -4.92685176349682     
   3.70000000000000       -4.97656170878261     
   3.75000000000000       -5.02649799298649     
   3.80000000000000       -5.07612098977418     
   3.85000000000000       -5.12601796983135     
   3.90000000000000       -5.17607697429911     
   3.95000000000000       -5.22593962119335     
   4.00000000000000       -5.27570190159610     
   4.05000000000000       -5.32564525924250     
   4.10000000000000       -5.37561317482616     
   4.15000000000000       -5.42565052392845     
   4.20000000000000       -5.47551357453571     
   4.25000000000000       -5.52551036251961     
   4.30000000000000       -5.57545915626741     
   4.35000000000000       -5.62541904881934     
   4.40000000000000       -5.67535033444639     
   4.45000000000000       -5.72535609830854     
   4.50000000000000       -5.77531602837251     
 zone T = "ep =   0.158489319246111      ",
   1.00000000000000       -3.07302398277951     
   1.05000000000000       -3.07211285745895     
   1.10000000000000       -3.04055638519317     
   1.15000000000000       -3.00204927075522     
   1.20000000000000       -2.96447919418724     
   1.25000000000000       -2.93007722622502     
   1.30000000000000       -2.89935867450652     
   1.35000000000000       -2.96509518050319     
   1.40000000000000       -2.97632191024538     
   1.45000000000000       -2.95842353504465     
   1.50000000000000       -2.98801617165531     
   1.55000000000000       -3.02459405547563     
   1.60000000000000       -3.00948041166668     
   1.65000000000000       -3.07435160752715     
   1.70000000000000       -3.06716209805615     
   1.75000000000000       -3.12694920541743     
   1.80000000000000       -3.16043228504819     
   1.85000000000000       -3.18175836001762     
   1.90000000000000       -3.21830213617348     
   1.95000000000000       -3.26162206563763     
   2.00000000000000       -3.23079079804158     
   2.05000000000000       -3.35418510555913     
   2.10000000000000       -3.40115689780387     
   2.15000000000000       -3.43846439490524     
   2.20000000000000       -3.48409665422229     
   2.25000000000000       -3.53159028621808     
   2.30000000000000       -3.57301602732985     
   2.35000000000000       -3.62651957715316     
   2.40000000000000       -3.66907260484031     
   2.45000000000000       -3.71759815828573     
   2.50000000000000       -3.76697561533396     
   2.55000000000000       -3.81482957712309     
   2.60000000000000       -3.86065241597034     
   2.65000000000000       -3.90997513405560     
   2.70000000000000       -3.95644334860358     
   2.75000000000000       -4.00603439986753     
   2.80000000000000       -4.05351493365316     
   2.85000000000000       -4.10319242599975     
   2.90000000000000       -4.15290269508053     
   2.95000000000000       -4.20066368778636     
   3.00000000000000       -4.24898436375760     
   3.05000000000000       -4.29943068061631     
   3.10000000000000       -4.34831595800769     
   3.15000000000000       -4.39823760738965     
   3.20000000000000       -4.44794242825075     
   3.25000000000000       -4.49692100888489     
   3.30000000000000       -4.54688764094969     
   3.35000000000000       -4.59597041785620     
   3.40000000000000       -4.64575422934754     
   3.45000000000000       -4.69538236185723     
   3.50000000000000       -4.74519894896788     
   3.55000000000000       -4.79488234718846     
   3.60000000000000       -4.84454557831954     
   3.65000000000000       -4.89455933680637     
   3.70000000000000       -4.94426671546017     
   3.75000000000000       -4.99420263698189     
   3.80000000000000       -5.04382195369546     
   3.85000000000000       -5.09371805389249     
   3.90000000000000       -5.14377783621240     
   3.95000000000000       -5.19363917456755     
   4.00000000000000       -5.24339906365853     
   4.05000000000000       -5.29334190581182     
   4.10000000000000       -5.34330954364783     
   4.15000000000000       -5.39334733505109     
   4.20000000000000       -5.44320898654029     
   4.25000000000000       -5.49320577495306     
   4.30000000000000       -5.54315405498103     
   4.35000000000000       -5.59311354320230     
   4.40000000000000       -5.64304412125294     
   4.45000000000000       -5.69304995931513     
   4.50000000000000       -5.74300947705792     
 zone T = "ep =   0.125892541179417      ",
   1.00000000000000       -2.95492689383467     
   1.05000000000000       -2.96497463357082     
   1.10000000000000       -2.94971655386093     
   1.15000000000000       -2.92779920533467     
   1.20000000000000       -2.90489371817783     
   1.25000000000000       -2.88252222079173     
   1.30000000000000       -2.86113871340400     
   1.35000000000000       -2.92583533482151     
   1.40000000000000       -2.93908551574248     
   1.45000000000000       -2.92528699740508     
   1.50000000000000       -2.95667187993928     
   1.55000000000000       -2.99313639121314     
   1.60000000000000       -2.98029825379349     
   1.65000000000000       -3.04786668933248     
   1.70000000000000       -3.04486097881219     
   1.75000000000000       -3.10537895294604     
   1.80000000000000       -3.13748763934201     
   1.85000000000000       -3.15754445600996     
   1.90000000000000       -3.19304045629392     
   1.95000000000000       -3.23562861516801     
   2.00000000000000       -3.20401818276097     
   2.05000000000000       -3.32732781987485     
   2.10000000000000       -3.37397439977423     
   2.15000000000000       -3.41108900334198     
   2.20000000000000       -3.45655010603590     
   2.25000000000000       -3.50396590040263     
   2.30000000000000       -3.54531694655811     
   2.35000000000000       -3.59884424038520     
   2.40000000000000       -3.64135146262455     
   2.45000000000000       -3.68988074301972     
   2.50000000000000       -3.73926597733648     
   2.55000000000000       -3.78712816027515     
   2.60000000000000       -3.83293205537809     
   2.65000000000000       -3.88227183623484     
   2.70000000000000       -3.92872789462147     
   2.75000000000000       -3.97833300345064     
   2.80000000000000       -4.02580154189336     
   2.85000000000000       -4.07548755338309     
   2.90000000000000       -4.12520792972659     
   2.95000000000000       -4.17295326710305     
   3.00000000000000       -4.22126188763877     
   3.05000000000000       -4.27172101775495     
   3.10000000000000       -4.32059793293124     
   3.15000000000000       -4.37052396477435     
   3.20000000000000       -4.42022890462879     
   3.25000000000000       -4.46919776642655     
   3.30000000000000       -4.51916678429639     
   3.35000000000000       -4.56823997070171     
   3.40000000000000       -4.61802292004029     
   3.45000000000000       -4.66764753181698     
   3.50000000000000       -4.71746299598213     
   3.55000000000000       -4.76714310877837     
   3.60000000000000       -4.81680275093332     
   3.65000000000000       -4.86681723276184     
   3.70000000000000       -4.91652129309028     
   3.75000000000000       -4.96645674509485     
   3.80000000000000       -5.01607133621931     
   3.85000000000000       -5.06596630545959     
   3.90000000000000       -5.11602708172174     
   3.95000000000000       -5.16588674062232     
   4.00000000000000       -5.21564356497348     
   4.05000000000000       -5.26558574629214     
   4.10000000000000       -5.31555302890382     
   4.15000000000000       -5.36559138636606     
   4.20000000000000       -5.41545124623714     
   4.25000000000000       -5.46544803444750     
   4.30000000000000       -5.51539565685180     
   4.35000000000000       -5.56535462804030     
   4.40000000000000       -5.61528430051483     
   4.45000000000000       -5.66529023329685     
   4.50000000000000       -5.71524922346919     
 zone T = "ep =   0.100000000000000      ",
   1.00000000000000       -2.86788138470074     
   1.05000000000000       -2.88396572763703     
   1.10000000000000       -2.87828182853073     
   1.15000000000000       -2.86702885529164     
   1.20000000000000       -2.85431559328704     
   1.25000000000000       -2.84093631112282     
   1.30000000000000       -2.82706286137920     
   1.35000000000000       -2.89125397858932     
   1.40000000000000       -2.90661862575951     
   1.45000000000000       -2.89660386167939     
   1.50000000000000       -2.92968118879836     
   1.55000000000000       -2.96616011068478     
   1.60000000000000       -2.95539091468303     
   1.65000000000000       -3.02254081421103     
   1.70000000000000       -3.02059354371607     
   1.75000000000000       -3.08211288988905     
   1.80000000000000       -3.11735513255842     
   1.85000000000000       -3.13864687807494     
   1.90000000000000       -3.17287601247197     
   1.95000000000000       -3.21455190571245     
   2.00000000000000       -3.18173737630526     
   2.05000000000000       -3.30508880395260     
   2.10000000000000       -3.35129049219718     
   2.15000000000000       -3.38808176680406     
   2.20000000000000       -3.43328732281950     
   2.25000000000000       -3.48056145252999     
   2.30000000000000       -3.52177349535776     
   2.35000000000000       -3.57530013031525     
   2.40000000000000       -3.61772213936843     
   2.45000000000000       -3.66623627076928     
   2.50000000000000       -3.71561778125367     
   2.55000000000000       -3.76347750094412     
   2.60000000000000       -3.80925086157270     
   2.65000000000000       -3.85860504100776     
   2.70000000000000       -3.90504208397361     
   2.75000000000000       -3.95466132939561     
   2.80000000000000       -4.00211437755697     
   2.85000000000000       -4.05180986380449     
   2.90000000000000       -4.10154142100285     
   2.95000000000000       -4.14926840450086     
   3.00000000000000       -4.19756323549197     
   3.05000000000000       -4.24803736285663     
   3.10000000000000       -4.29690495979652     
   3.15000000000000       -4.34683624909826     
   3.20000000000000       -4.39654161815004     
   3.25000000000000       -4.44549955096115     
   3.30000000000000       -4.49547151551427     
   3.35000000000000       -4.54453387900287     
   3.40000000000000       -4.59431598572868     
   3.45000000000000       -4.64393671992302     
   3.50000000000000       -4.69375100335571     
   3.55000000000000       -4.74342746294735     
   3.60000000000000       -4.79308306790286     
   3.65000000000000       -4.84309845569987     
   3.70000000000000       -4.89279876714030     
   3.75000000000000       -4.94273372999272     
   3.80000000000000       -4.99234295193046     
   3.85000000000000       -5.04223665867583     
   3.90000000000000       -5.09229859660769     
   3.95000000000000       -5.14215635455822     
   4.00000000000000       -5.19190969064565     
   4.05000000000000       -5.24185112971175     
   4.10000000000000       -5.29181801738531     
   4.15000000000000       -5.34185703060702     
   4.20000000000000       -5.39171484912417     
   4.25000000000000       -5.44171164228469     
   4.30000000000000       -5.49165851740678     
   4.35000000000000       -5.54161690142361     
   4.40000000000000       -5.59154554166542     
   4.45000000000000       -5.64155158483566     
   4.50000000000000       -5.69150997386592     
 zone T = "ep =   7.943282347242814E-002 ",
   1.00000000000000       -2.80205951672221     
   1.05000000000000       -2.82160956588049     
   1.10000000000000       -2.82165450233127     
   1.15000000000000       -2.81726519608483     
   1.20000000000000       -2.81146335008019     
   1.25000000000000       -2.80450426243283     
   1.30000000000000       -2.79631533082297     
   1.35000000000000       -2.86041087331465     
   1.40000000000000       -2.87798238370332     
   1.45000000000000       -2.87148058917766     
   1.50000000000000       -2.90616610759859     
   1.55000000000000       -2.94286895095869     
   1.60000000000000       -2.93403532945366     
   1.65000000000000       -3.00090000021760     
   1.70000000000000       -2.99993261789657     
   1.75000000000000       -3.06122474968788     
   1.80000000000000       -3.09686006205465     
   1.85000000000000       -3.11874307892278     
   1.90000000000000       -3.15497895895514     
   1.95000000000000       -3.19793562006582     
   2.00000000000000       -3.16355590088182     
   2.05000000000000       -3.28704054043470     
   2.10000000000000       -3.33267710539408     
   2.15000000000000       -3.36901353929920     
   2.20000000000000       -3.41387087407514     
   2.25000000000000       -3.46092843080735     
   2.30000000000000       -3.50193065683246     
   2.35000000000000       -3.55541780041481     
   2.40000000000000       -3.59771092030893     
   2.45000000000000       -3.64618378621692     
   2.50000000000000       -3.69554391240419     
   2.55000000000000       -3.74338688821743     
   2.60000000000000       -3.78911783102071     
   2.65000000000000       -3.83848132179640     
   2.70000000000000       -3.88489349961382     
   2.75000000000000       -3.93452585940754     
   2.80000000000000       -3.98196130808969     
   2.85000000000000       -4.03166696019428     
   2.90000000000000       -4.08141066736790     
   2.95000000000000       -4.12911854767803     
   3.00000000000000       -4.17739941838303     
   3.05000000000000       -4.22789033051683     
   3.10000000000000       -4.27674880906160     
   3.15000000000000       -4.32668639866189     
   3.20000000000000       -4.37639290539257     
   3.25000000000000       -4.42533979115039     
   3.30000000000000       -4.47531539724826     
   3.35000000000000       -4.52436668163454     
   3.40000000000000       -4.57414825450107     
   3.45000000000000       -4.62376518798632     
   3.50000000000000       -4.67357847056559     
   3.55000000000000       -4.72325126905313     
   3.60000000000000       -4.77290275640525     
   3.65000000000000       -4.82291925842376     
   3.70000000000000       -4.87261570240975     
   3.75000000000000       -4.92255024416706     
   3.80000000000000       -4.97215384102581     
   3.85000000000000       -5.02204627110085     
   3.90000000000000       -5.07210949488114     
   3.95000000000000       -5.12196527530686     
   4.00000000000000       -5.17171494009940     
   4.05000000000000       -5.22165561803110     
   4.10000000000000       -5.27162210832547     
   4.15000000000000       -5.32166183546925     
   4.20000000000000       -5.37151750003895     
   4.25000000000000       -5.42151430948074     
   4.30000000000000       -5.47146039998653     
   4.35000000000000       -5.52141816775899     
   4.40000000000000       -5.57134571757700     
   4.45000000000000       -5.62135188244788     
   4.50000000000000       -5.67130963678200     
 zone T = "ep =   6.309573444801933E-002 ",
   1.00000000000000       -2.75158265916202     
   1.05000000000000       -2.77305237953830     
   1.10000000000000       -2.77649058260014     
   1.15000000000000       -2.77649025966061     
   1.20000000000000       -2.77525559965335     
   1.25000000000000       -2.77268746224797     
   1.30000000000000       -2.76856640463616     
   1.35000000000000       -2.83278886017281     
   1.40000000000000       -2.85251396619621     
   1.45000000000000       -2.84919048817300     
   1.50000000000000       -2.88538802492047     
   1.55000000000000       -2.92255834311417     
   1.60000000000000       -2.91556640775783     
   1.65000000000000       -2.98230736149213     
   1.70000000000000       -2.98229845009897     
   1.75000000000000       -3.04345115386716     
   1.80000000000000       -3.07947478727854     
   1.85000000000000       -3.10153898058307     
   1.90000000000000       -3.13776407319648     
   1.95000000000000       -3.18077425373211     
   2.00000000000000       -3.14743998463797     
   2.05000000000000       -3.27262656608942     
   2.10000000000000       -3.31774539022246     
   2.15000000000000       -3.35350563628738     
   2.20000000000000       -3.39792135540467     
   2.25000000000000       -3.44468119910427     
   2.30000000000000       -3.48539761262879     
   2.35000000000000       -3.53879357845729     
   2.40000000000000       -3.58090816819026     
   2.45000000000000       -3.62930506098248     
   2.50000000000000       -3.67861838697134     
   2.55000000000000       -3.72642480343462     
   2.60000000000000       -3.77209889120925     
   2.65000000000000       -3.82146270920690     
   2.70000000000000       -3.86784341502767     
   2.75000000000000       -3.91748573056377     
   2.80000000000000       -3.96490166170288     
   2.85000000000000       -4.01461724657816     
   2.90000000000000       -4.06437345888659     
   2.95000000000000       -4.11206272733601     
   3.00000000000000       -4.16033050773989     
   3.05000000000000       -4.21083948593475     
   3.10000000000000       -4.25968989674804     
   3.15000000000000       -4.30963489786189     
   3.20000000000000       -4.35934354441094     
   3.25000000000000       -4.40828015825662     
   3.30000000000000       -4.45826020721406     
   3.35000000000000       -4.50730097510505     
   3.40000000000000       -4.55708257223686     
   3.45000000000000       -4.60669615549914     
   3.50000000000000       -4.65650882698701     
   3.55000000000000       -4.70617826905327     
   3.60000000000000       -4.75582587642583     
   3.65000000000000       -4.80584373235747     
   3.70000000000000       -4.85553645968138     
   3.75000000000000       -4.90547072930178     
   3.80000000000000       -4.95506877583003     
   3.85000000000000       -5.00496001867160     
   3.90000000000000       -5.05502462064022     
   3.95000000000000       -5.10487847196235     
   4.00000000000000       -5.15462448669873     
   4.05000000000000       -5.20456443951096     
   4.10000000000000       -5.25453056329560     
   4.15000000000000       -5.30457103788645     
   4.20000000000000       -5.35442455201722     
   4.25000000000000       -5.40442139537336     
   4.30000000000000       -5.45436670861391     
   4.35000000000000       -5.50432386616643     
   4.40000000000000       -5.55425032522855     
   4.45000000000000       -5.60425661994863     
   4.50000000000000       -5.65421373988680     
 zone T = "ep =   5.011872336272723E-002 ",
   1.00000000000000       -2.71254811435546     
   1.05000000000000       -2.73489317369131     
   1.10000000000000       -2.74028970994225     
   1.15000000000000       -2.74308740717438     
   1.20000000000000       -2.74481219941132     
   1.25000000000000       -2.74514850232289     
   1.30000000000000       -2.74381192068262     
   1.35000000000000       -2.80820770250519     
   1.40000000000000       -2.82983428087527     
   1.45000000000000       -2.82923143270697     
   1.50000000000000       -2.86679828415747     
   1.55000000000000       -2.90464938860979     
   1.60000000000000       -2.89939769807446     
   1.65000000000000       -2.96619533844444     
   1.70000000000000       -2.96715404007350     
   1.75000000000000       -3.02828360032765     
   1.80000000000000       -3.06471212957892     
   1.85000000000000       -3.08698185878229     
   1.90000000000000       -3.12321970686441     
   1.95000000000000       -3.16627470231496     
   2.00000000000000       -3.13266350343753     
   2.05000000000000       -3.25827289989541     
   2.10000000000000       -3.30448315386769     
   2.15000000000000       -3.34099446981561     
   2.20000000000000       -3.38509560316484     
   2.25000000000000       -3.43147965796227     
   2.30000000000000       -3.47183428093531     
   2.35000000000000       -3.52507928639176     
   2.40000000000000       -3.56696036100688     
   2.45000000000000       -3.61523830742454     
   2.50000000000000       -3.66447116500517     
   2.55000000000000       -3.71221433963349     
   2.60000000000000       -3.75781252608241     
   2.65000000000000       -3.80716239091568     
   2.70000000000000       -3.85350234814848     
   2.75000000000000       -3.90314815062867     
   2.80000000000000       -3.95054141207731     
   2.85000000000000       -4.00026493683742     
   2.90000000000000       -4.05003272230466     
   2.95000000000000       -4.09770420608520     
   3.00000000000000       -4.14596012591691     
   3.05000000000000       -4.19648775352633     
   3.10000000000000       -4.24533159109338     
   3.15000000000000       -4.29528502486134     
   3.20000000000000       -4.34499695192576     
   3.25000000000000       -4.39392470600758     
   3.30000000000000       -4.44391005380968     
   3.35000000000000       -4.49294148988751     
   3.40000000000000       -4.54272386177045     
   3.45000000000000       -4.59233484156193     
   3.50000000000000       -4.64214746377068     
   3.55000000000000       -4.69181410804890     
   3.60000000000000       -4.74145833079081     
   3.65000000000000       -4.79147781648340     
   3.70000000000000       -4.84116719677313     
   3.75000000000000       -4.89110141537897     
   3.80000000000000       -4.94069425060086     
   3.85000000000000       -4.99058448302943     
   3.90000000000000       -5.04065053694515     
   3.95000000000000       -5.09050260948553     
   4.00000000000000       -5.14024515787027     
   4.05000000000000       -5.19018446764375     
   4.10000000000000       -5.24015028453110     
   4.15000000000000       -5.29019152341557     
   4.20000000000000       -5.34004298249702     
   4.25000000000000       -5.39003988386786     
   4.30000000000000       -5.43998446310281     
   4.35000000000000       -5.48994104470284     
   4.40000000000000       -5.53986645834130     
   4.45000000000000       -5.58987288928562     
   4.50000000000000       -5.63982940190140     
 zone T = "ep =   3.981071705534973E-002 ",
   1.00000000000000       -2.68219750438971     
   1.05000000000000       -2.70466013259466     
   1.10000000000000       -2.71117155144628     
   1.15000000000000       -2.71577278823455     
   1.20000000000000       -2.71940093486393     
   1.25000000000000       -2.72162328292845     
   1.30000000000000       -2.72214111992722     
   1.35000000000000       -2.78663379245878     
   1.40000000000000       -2.80976122645218     
   1.45000000000000       -2.81132907574060     
   1.50000000000000       -2.85006610412983     
   1.55000000000000       -2.88871445167645     
   1.60000000000000       -2.88505280090939     
   1.65000000000000       -2.95208081111694     
   1.70000000000000       -2.95401202857607     
   1.75000000000000       -3.01525641172924     
   1.80000000000000       -3.05212031884136     
   1.85000000000000       -3.07464705623005     
   1.90000000000000       -3.11094604850772     
   1.95000000000000       -3.15406900271050     
   2.00000000000000       -3.12022112718966     
   2.05000000000000       -3.24622256064115     
   2.10000000000000       -3.29243516527812     
   2.15000000000000       -3.32894407099791     
   2.20000000000000       -3.37376804346898     
   2.25000000000000       -3.42078838427665     
   2.30000000000000       -3.46093158538758     
   2.35000000000000       -3.51396589408226     
   2.40000000000000       -3.55555722469077     
   2.45000000000000       -3.60366790275261     
   2.50000000000000       -3.65277980465037     
   2.55000000000000       -3.70042628115963     
   2.60000000000000       -3.74592381760347     
   2.65000000000000       -3.79523928431160     
   2.70000000000000       -3.84152494341094     
   2.75000000000000       -3.89116335418989     
   2.80000000000000       -3.93852812144898     
   2.85000000000000       -3.98825489387171     
   2.90000000000000       -4.03803123661306     
   2.95000000000000       -4.08568508628297     
   3.00000000000000       -4.13392994735140     
   3.05000000000000       -4.18447580423303     
   3.10000000000000       -4.23331451966696     
   3.15000000000000       -4.28327708602092     
   3.20000000000000       -4.33299336203763     
   3.25000000000000       -4.38191401529708     
   3.30000000000000       -4.43190548717643     
   3.35000000000000       -4.48092918622877     
   3.40000000000000       -4.53071320279184     
   3.45000000000000       -4.58032253539459     
   3.50000000000000       -4.63013579714609     
   3.55000000000000       -4.67980039444324     
   3.60000000000000       -4.72944192469900     
   3.65000000000000       -4.77946335375313     
   3.70000000000000       -4.82914992633283     
   3.75000000000000       -4.87908437802775     
   3.80000000000000       -4.92867254232662     
   3.85000000000000       -4.97856201311803     
   3.90000000000000       -5.02862958668056     
   3.95000000000000       -5.07848011107282     
   4.00000000000000       -5.12821950012055     
   4.05000000000000       -5.17815828691089     
   4.10000000000000       -5.22812388117272     
