 zone T = "ep =    1.00000000000000      ",
   1.00000000000000       -4.10050380411708     
   1.05000000000000       -4.29955551280065     
   1.10000000000000       -4.50630333377510     
   1.15000000000000       -4.71269801762394     
   1.20000000000000       -4.89923303369407     
   1.25000000000000       -5.02925416719706     
   1.30000000000000       -5.06835116017891     
   1.35000000000000       -5.29800053821661     
   1.40000000000000       -5.52465991708598     
   1.45000000000000       -5.68652107066381     
   1.50000000000000       -5.81866014208497     
   1.55000000000000       -6.05245150618701     
   1.60000000000000       -6.17705885423492     
   1.65000000000000       -6.40904214321542     
   1.70000000000000       -6.55094539104590     
   1.75000000000000       -6.78883182227919     
   1.80000000000000       -6.95871843142395     
   1.85000000000000       -7.13391871521172     
   1.90000000000000       -7.33457943406539     
   1.95000000000000       -7.53286500124470     
   2.00000000000000       -7.71348938017641     
   2.05000000000000       -7.91899198655375     
   2.10000000000000       -8.12602747845408     
   2.15000000000000       -8.30713908867275     
   2.20000000000000       -8.51241858524162     
   2.25000000000000       -8.71081020766752     
   2.30000000000000       -8.89937364139041     
   2.35000000000000       -9.10152832115665     
   2.40000000000000       -9.29390506458245     
   2.45000000000000       -9.49319149986993     
   2.50000000000000       -9.69670537412008     
   2.55000000000000       -9.89359444561449     
   2.60000000000000       -10.0918759441099     
   2.65000000000000       -10.2911215985642     
   2.70000000000000       -10.4856799939462     
   2.75000000000000       -10.6857918988098     
   2.80000000000000       -10.8839683083965     
   2.85000000000000       -11.0859923486287     
   2.90000000000000       -11.2850683451112     
   2.95000000000000       -11.4832100353878     
   3.00000000000000       -11.6826320576568     
   3.05000000000000       -11.8845519035832     
   3.10000000000000       -12.0860041036322     
   3.15000000000000       -12.2883526742952     
   3.20000000000000       -12.4912941602290     
   3.25000000000000       -12.6978720242135     
   3.30000000000000       -12.9179608748288     
   3.35000000000000       -13.1350458346491     
   3.40000000000000       -13.3713909962224     
   3.45000000000000       -13.6201360190401     
   3.50000000000000       -13.9417525454858     
   3.55000000000000       -14.6993172650877     
   3.60000000000000       -14.8754085241434     
   3.65000000000000       -14.2470195940931     
   3.70000000000000       -14.4774685154713     
   3.75000000000000       -13.9908019428454     
   3.80000000000000       -13.9459895984291     
   3.85000000000000       -14.1350458346491     
   3.90000000000000       -14.0407759178073     
   3.95000000000000       -14.0680990450185     
   4.00000000000000       -14.1033314214719     
   4.05000000000000       -14.1911617766281     
   4.10000000000000       -14.1157406794537     
   4.15000000000000       -13.9334004711211     
   4.20000000000000       -14.1416764135481     
   4.25000000000000       -13.7727461822462     
   4.30000000000000       -14.1416764135481     
   4.35000000000000       -14.1911617766281     
   4.40000000000000       -13.7241408488127     
   4.45000000000000       -13.7843280547960     
   4.50000000000000       -15.0514997831991     
 zone T = "ep =   0.794328234724281      ",
   1.00000000000000       -3.82539087223178     
   1.05000000000000       -4.02557399777134     
   1.10000000000000       -4.23415637248313     
   1.15000000000000       -4.44148814776410     
   1.20000000000000       -4.62544109193931     
   1.25000000000000       -4.74715336047029     
   1.30000000000000       -4.77541035014433     
   1.35000000000000       -5.01175359864549     
   1.40000000000000       -5.24258369170625     
   1.45000000000000       -5.39802522347531     
   1.50000000000000       -5.52459822680082     
   1.55000000000000       -5.76415929123560     
   1.60000000000000       -5.87770122027730     
   1.65000000000000       -6.11624571941992     
   1.70000000000000       -6.24927516897940     
   1.75000000000000       -6.49402008933642     
   1.80000000000000       -6.65979754080215     
   1.85000000000000       -6.83119718068431     
   1.90000000000000       -7.03218270966325     
   1.95000000000000       -7.23061241755215     
   2.00000000000000       -7.40842594460586     
   2.05000000000000       -7.61529960034027     
   2.10000000000000       -7.82385729654601     
   2.15000000000000       -8.00187784612612     
   2.20000000000000       -8.20826600815647     
   2.25000000000000       -8.40661528608657     
   2.30000000000000       -8.59330515952033     
   2.35000000000000       -8.79607138229680     
   2.40000000000000       -8.98719405772441     
   2.45000000000000       -9.18648469101181     
   2.50000000000000       -9.39075617128949     
   2.55000000000000       -9.58717849412590     
   2.60000000000000       -9.78521045103361     
   2.65000000000000       -9.98437869033780     
   2.70000000000000       -10.1779837347136     
   2.75000000000000       -10.3781620304716     
   2.80000000000000       -10.5759448096149     
   2.85000000000000       -10.7782814181631     
   2.90000000000000       -10.9769667500083     
   2.95000000000000       -11.1743588934142     
   3.00000000000000       -11.3735052405538     
   3.05000000000000       -11.5744871156738     
   3.10000000000000       -11.7754690405817     
   3.15000000000000       -11.9753601771688     
   3.20000000000000       -12.1769454924945     
   3.25000000000000       -12.3795174444772     
   3.30000000000000       -12.5864889184817     
   3.35000000000000       -12.7935213847198     
   3.40000000000000       -13.0056880092208     
   3.45000000000000       -13.2303139005902     
   3.50000000000000       -13.4576601221178     
   3.55000000000000       -13.7215936597988     
   3.60000000000000       -14.0101070980408     
   3.65000000000000       -14.4632280763567     
   3.70000000000000       -14.9131970850328     
   3.75000000000000       -14.2643936901625     
   3.80000000000000       -14.0200913189474     
   3.85000000000000       -14.3525297788630     
   3.90000000000000       -14.0101070980408     
   3.95000000000000       -14.1285149674902     
   4.00000000000000       -14.0853580504600     
   4.05000000000000       -14.5396164222202     
   4.10000000000000       -14.1094917301767     
   4.15000000000000       -13.8682299395163     
   4.20000000000000       -14.4921917722920     
   4.25000000000000       -13.7642580720207     
   4.30000000000000       -14.3982872694237     
   4.35000000000000       -14.7784985111353     
   4.40000000000000       -13.6141456553509     
   4.45000000000000       -13.7090771023769     
   4.50000000000000       -14.2303139005902     
 zone T = "ep =   0.630957344480193      ",
   1.00000000000000       -3.57366971045270     
   1.05000000000000       -3.77499923580888     
   1.10000000000000       -3.98583078511112     
   1.15000000000000       -4.19423680354412     
   1.20000000000000       -4.37467851156625     
   1.25000000000000       -4.48605550475509     
   1.30000000000000       -4.50199821936426     
   1.35000000000000       -4.74666485199838     
   1.40000000000000       -4.98248889032990     
   1.45000000000000       -5.12916481891765     
   1.50000000000000       -5.24911093434898     
   1.55000000000000       -5.49586300311837     
   1.60000000000000       -5.59504768877717     
   1.65000000000000       -5.84200823741157     
   1.70000000000000       -5.96349089444648     
   1.75000000000000       -6.21694813626443     
   1.80000000000000       -6.37739031306586     
   1.85000000000000       -6.54379280663120     
   1.90000000000000       -6.74506750701226     
   1.95000000000000       -6.94362156913415     
   2.00000000000000       -7.11780399547639     
   2.05000000000000       -7.32640470698164     
   2.10000000000000       -7.53688381215172     
   2.15000000000000       -7.71086726954734     
   2.20000000000000       -7.91863477339487     
   2.25000000000000       -8.11690632149378     
   2.30000000000000       -8.30114588735328     
   2.35000000000000       -8.50469074880637     
   2.40000000000000       -8.69416803359406     
   2.45000000000000       -8.89344494991213     
   2.50000000000000       -9.09868276956245     
   2.55000000000000       -9.29449143271299     
   2.60000000000000       -9.49219267083328     
   2.65000000000000       -9.69128730158997     
   2.70000000000000       -9.88365467308850     
   2.75000000000000       -10.0839020859163     
   2.80000000000000       -10.2812702154257     
   2.85000000000000       -10.4840822574337     
   2.90000000000000       -10.6824486734231     
   2.95000000000000       -10.8793056547321     
   3.00000000000000       -11.0779563146666     
   3.05000000000000       -11.2790405472149     
   3.10000000000000       -11.4794563359246     
   3.15000000000000       -11.6791171691216     
   3.20000000000000       -11.8799927256010     
   3.25000000000000       -12.0822586489608     
   3.30000000000000       -12.2843439171169     
   3.35000000000000       -12.4872777072105     
   3.40000000000000       -12.6897719471815     
   3.45000000000000       -12.9049841575960     
   3.50000000000000       -13.1285149674902     
   3.55000000000000       -13.3547066981173     
   3.60000000000000       -13.5985639129979     
   3.65000000000000       -13.8611680850288     
   3.70000000000000       -14.2385864265562     
   3.75000000000000       -14.8084617345128     
   3.80000000000000       -15.0003472607517     
   3.85000000000000       -14.5074317388488     
   3.90000000000000       -14.0407759178073     
   3.95000000000000       -14.2221960103680     
   4.00000000000000       -14.1350458346491     
   4.05000000000000       -15.1094917301767     
   4.10000000000000       -14.1484097962071     
   4.15000000000000       -13.8507860492350     
   4.20000000000000       -14.3635251631645     
   4.25000000000000       -13.7670690493545     
   4.30000000000000       -14.6121670893688     
   4.35000000000000       -14.3635251631645     
   4.40000000000000       -13.6004813310436     
   4.45000000000000       -13.6874180417880     
   4.50000000000000       -14.5743785284794     
 zone T = "ep =   0.501187233627272      ",
   1.00000000000000       -3.35110057605316     
   1.05000000000000       -3.55373142511886     
   1.10000000000000       -3.76755565543242     
   1.15000000000000       -3.97724902699825     
   1.20000000000000       -4.15262740623567     
   1.25000000000000       -4.25053497003149     
   1.30000000000000       -4.25204032620805     
   1.35000000000000       -4.50755292573988     
   1.40000000000000       -4.74957361342806     
   1.45000000000000       -4.88374606594925     
   1.50000000000000       -4.99569199672746     
   1.55000000000000       -5.25175521104653     
   1.60000000000000       -5.33165984380497     
   1.65000000000000       -5.58985146226724     
   1.70000000000000       -5.69582677729040     
   1.75000000000000       -5.96073556794753     
   1.80000000000000       -6.11406909740467     
   1.85000000000000       -6.27372382510443     
   1.90000000000000       -6.47522002250651     
   1.95000000000000       -6.67388129212270     
   2.00000000000000       -6.84327772155019     
   2.05000000000000       -7.05413718515895     
   2.10000000000000       -7.26712623809444     
   2.15000000000000       -7.43570652911091     
   2.20000000000000       -7.64524326839280     
   2.25000000000000       -7.84339655085358     
   2.30000000000000       -8.02435813094440     
   2.35000000000000       -8.22893384280894     
   2.40000000000000       -8.41620253653652     
   2.45000000000000       -8.61544556423076     
   2.50000000000000       -8.82195257512305     
   2.55000000000000       -9.01693539274262     
   2.60000000000000       -9.21418554833773     
   2.65000000000000       -9.41316717505989     
   2.70000000000000       -9.60389624694900     
   2.75000000000000       -9.80426077589233     
   2.80000000000000       -10.0010702386834     
   2.85000000000000       -10.2045405971146     
   2.90000000000000       -10.4025594742035     
   2.95000000000000       -10.5986825470759     
   3.00000000000000       -10.7970060869339     
   3.05000000000000       -10.9981283858516     
   3.10000000000000       -11.1985777905427     
   3.15000000000000       -11.3978290892454     
   3.20000000000000       -11.5992148857594     
   3.25000000000000       -11.7997399286703     
   3.30000000000000       -12.0007334719660     
   3.35000000000000       -12.2034646986554     
   3.40000000000000       -12.4050960569760     
   3.45000000000000       -12.6161332765864     
   3.50000000000000       -12.8255447103030     
   3.55000000000000       -13.0493337214426     
   3.60000000000000       -13.2573604274313     
   3.65000000000000       -13.5184271231502     
   3.70000000000000       -13.7559326832366     
   3.75000000000000       -14.3863880461240     
   3.80000000000000       -14.3418059134713     
   3.85000000000000       -14.1552492207374     
   3.90000000000000       -14.0461047513124     
   3.95000000000000       -14.2385864265562     
   4.00000000000000       -13.8646846587516     
   4.05000000000000       -15.1764385198074     
   4.10000000000000       -14.3313404797931     
   4.15000000000000       -13.9589545755935     
   4.20000000000000       -14.1484097962071     
   4.25000000000000       -13.7531926458706     
   4.30000000000000       -14.1350458346491     
   4.35000000000000       -14.6121670893688     
   4.40000000000000       -13.5396164222202     
   4.45000000000000       -13.5232260060320     
   4.50000000000000       -14.8084617345128     
 zone T = "ep =   0.398107170553497      ",
   1.00000000000000       -3.16331571462816     
   1.05000000000000       -3.36745190112142     
   1.10000000000000       -3.58542737760121     
   1.15000000000000       -3.79658774533610     
   1.20000000000000       -3.96417794690756     
   1.25000000000000       -4.04387519160238     
   1.30000000000000       -4.02824907175287     
   1.35000000000000       -4.29837512345401     
   1.40000000000000       -4.54821265517578     
   1.45000000000000       -4.66396892850439     
   1.50000000000000       -4.76641534061585     
   1.55000000000000       -5.03480611402137     
   1.60000000000000       -5.08833834183185     
   1.65000000000000       -5.36188432488137     
   1.70000000000000       -5.44671446322695     
   1.75000000000000       -5.72693748500496     
   1.80000000000000       -5.87072480172855     
   1.85000000000000       -6.02117983171180     
   1.90000000000000       -6.22276294482593     
   1.95000000000000       -6.42152475175605     
   2.00000000000000       -6.58460959809019     
   2.05000000000000       -6.79848733626694     
   2.10000000000000       -7.01481405356495     
   2.15000000000000       -7.17611347578762     
   2.20000000000000       -7.38794838070726     
   2.25000000000000       -7.58594689115965     
   2.30000000000000       -7.76250183017679     
   2.35000000000000       -7.96847685417927     
   2.40000000000000       -8.15276856978365     
   2.45000000000000       -8.35195622674616     
   2.50000000000000       -8.56015187142852     
   2.55000000000000       -8.75402261311945     
   2.60000000000000       -8.95065134633297     
   2.65000000000000       -9.14948199384391     
   2.70000000000000       -9.33801375527915     
   2.75000000000000       -9.53852620927448     
   2.80000000000000       -9.73458320381055     
   2.85000000000000       -9.93892494205075     
   2.90000000000000       -10.1364734540532     
   2.95000000000000       -10.3316352796528     
   3.00000000000000       -10.5294698267947     
   3.05000000000000       -10.7307487113637     
   3.10000000000000       -10.9311027314050     
   3.15000000000000       -11.1298328123966     
   3.20000000000000       -11.3308031144493     
   3.25000000000000       -11.5302799499452     
   3.30000000000000       -11.7310419142824     
   3.35000000000000       -11.9313373105573     
   3.40000000000000       -12.1320294332483     
   3.45000000000000       -12.3342454704365     
   3.50000000000000       -12.5411223572052     
   3.55000000000000       -12.7480337260920     
   3.60000000000000       -12.9524237084345     
   3.65000000000000       -13.2142270806968     
   3.70000000000000       -13.3794019252633     
   3.75000000000000       -13.7215936597988     
   3.80000000000000       -14.0853580504600     
   3.85000000000000       -15.9545897701910     
   3.90000000000000       -14.3748061735742     
   3.95000000000000       -14.4921917722920     
   4.00000000000000       -14.4231108531487     
   4.05000000000000       -14.3982872694237     
   4.10000000000000       -14.2643936901625     
   4.15000000000000       -13.8473798005431     
   4.20000000000000       -15.6535597745270     
   4.25000000000000       -13.6161332765864     
   4.30000000000000       -14.2556197658550     
   4.35000000000000       -14.6535597745270     
   4.40000000000000       -13.5379492628527     
   4.45000000000000       -13.4906967812051     
   4.50000000000000       -14.3418059134713     
 zone T = "ep =   0.316227766016838      ",
   1.00000000000000       -3.01639493059921     
   1.05000000000000       -3.22184859896276     
   1.10000000000000       -3.44548819845556     
   1.15000000000000       -3.65780712848050     
   1.20000000000000       -3.81257422191218     
   1.25000000000000       -3.86715591703459     
   1.30000000000000       -3.83160537770181     
   1.35000000000000       -4.12167283462197     
   1.40000000000000       -4.38116608401560     
   1.45000000000000       -4.46940564950732     
   1.50000000000000       -4.56133180686722     
   1.55000000000000       -4.84598174841704     
   1.60000000000000       -4.86357819722940     
   1.65000000000000       -5.15814666659643     
   1.70000000000000       -5.21433299068115     
   1.75000000000000       -5.51489356396625     
   1.80000000000000       -5.64606739203150     
   1.85000000000000       -5.78412339289450     
   1.90000000000000       -5.98552552959922     
   1.95000000000000       -6.18439923291923     
   2.00000000000000       -6.33935635339454     
   2.05000000000000       -6.55726071824548     
   2.10000000000000       -6.77800019116997     
   2.15000000000000       -6.92963235663619     
   2.20000000000000       -7.14441370944208     
   2.25000000000000       -7.34224343230946     
   2.30000000000000       -7.51297238100648     
   2.35000000000000       -7.72085285478797     
   2.40000000000000       -7.90119772561096     
   2.45000000000000       -8.10031403895063     
   2.50000000000000       -8.31074075387862     
   2.55000000000000       -8.50314671648273     
   2.60000000000000       -8.69893990653652     
   2.65000000000000       -8.89758698506297     
   2.70000000000000       -9.08322147991772     
   2.75000000000000       -9.28393440722658     
   2.80000000000000       -9.47902346430136     
   2.85000000000000       -9.68452496897470     
   2.90000000000000       -9.88148866638416     
   2.95000000000000       -10.0754233307412     
   3.00000000000000       -10.2726966757617     
   3.05000000000000       -10.4743096815205     
   3.10000000000000       -10.6746583155341     
   3.15000000000000       -10.8730840422196     
   3.20000000000000       -11.0741763703131     
   3.25000000000000       -11.2734842710512     
   3.30000000000000       -11.4736921432566     
   3.35000000000000       -11.6727613036305     
   3.40000000000000       -11.8724868858639     
   3.45000000000000       -12.0771032421214     
   3.50000000000000       -12.2767091886794     
   3.55000000000000       -12.4849149976392     
   3.60000000000000       -12.6885933996959     
   3.65000000000000       -12.9256120649822     
   3.70000000000000       -13.0818509427183     
   3.75000000000000       -13.4031397722181     
   3.80000000000000       -13.6323704754571     
   3.85000000000000       -14.1911617766281     
   3.90000000000000       -15.4774685154713     
   3.95000000000000       -14.2918319385094     
   4.00000000000000       -14.1094917301767     
   4.05000000000000       -15.1094917301767     
   4.10000000000000       -13.8646846587516     
   4.15000000000000       -13.8406464178842     
   4.20000000000000       -14.6535597745270     
   4.25000000000000       -13.5966549231905     
   4.30000000000000       -14.0303104841291     
   4.35000000000000       -14.4774685154713     
   4.40000000000000       -13.4892069187426     
   4.45000000000000       -13.4055865081652     
   4.50000000000000       -14.4360758303131     
 zone T = "ep =   0.251188643150958      ",
   1.00000000000000       -2.91794574001381     
   1.05000000000000       -3.12286492195159     
   1.10000000000000       -3.35363520989046     
   1.15000000000000       -3.56507064286336     
   1.20000000000000       -3.69760342199727     
   1.25000000000000       -3.71796344914479     
   1.30000000000000       -3.66085256575577     
   1.35000000000000       -3.97782486373465     
   1.40000000000000       -4.24825673458643     
   1.45000000000000       -4.29595640431273     
   1.50000000000000       -4.37813785692275     
   1.55000000000000       -4.68342498838891     
   1.60000000000000       -4.65358250284857     
   1.65000000000000       -4.97623705584041     
   1.70000000000000       -4.99481660232749     
   1.75000000000000       -5.32147501827927     
   1.80000000000000       -5.43671834343503     
   1.85000000000000       -5.55861180216875     
   1.90000000000000       -5.75933684791560     
   1.95000000000000       -5.95835738295722     
   2.00000000000000       -6.10334711630174     
   2.05000000000000       -6.32649549739667     
   2.10000000000000       -6.55289861011498     
   2.15000000000000       -6.69214290713946     
   2.20000000000000       -6.91055532699825     
   2.25000000000000       -7.10825309977974     
   2.30000000000000       -7.27155525549165     
   2.35000000000000       -7.48198458551439     
   2.40000000000000       -7.65727561274443     
   2.45000000000000       -7.85631638723650     
   2.50000000000000       -8.06960621688481     
   2.55000000000000       -8.26015607686183     
   2.60000000000000       -8.45486191253339     
   2.65000000000000       -8.65329968831219     
   2.70000000000000       -8.83524290640831     
   2.75000000000000       -9.03621926441646     
   2.80000000000000       -9.23007338444800     
   2.85000000000000       -9.43706570131479     
   2.90000000000000       -9.63330355578060     
   2.95000000000000       -9.82566249557992     
   3.00000000000000       -10.0222372798995     
   3.05000000000000       -10.2242395821648     
   3.10000000000000       -10.4246976459965     
   3.15000000000000       -10.6226727765961     
   3.20000000000000       -10.8239344211690     
   3.25000000000000       -11.0227659038497     
   3.30000000000000       -11.2227271393798     
   3.35000000000000       -11.4213262534123     
   3.40000000000000       -11.6195934899478     
   3.45000000000000       -11.8239022762090     
   3.50000000000000       -12.0227252566990     
   3.55000000000000       -12.2283517233884     
   3.60000000000000       -12.4269598693197     
   3.65000000000000       -12.6529088208974     
   3.70000000000000       -12.8559460443739     
   3.75000000000000       -13.0900786891326     
   3.80000000000000       -13.3922969057345     
   3.85000000000000       -13.7090771023769     
   3.90000000000000       -14.2303139005902     
   3.95000000000000       -14.0795285067993     
   4.00000000000000       -14.4632280763567     
   4.05000000000000       -14.3211213146114     
   4.10000000000000       -13.9678180359248     
   4.15000000000000       -13.6407225498219     
   4.20000000000000       -14.6323704754571     
   4.25000000000000       -13.6024072520796     
   4.30000000000000       -14.4231108531487     
   4.35000000000000       -14.1621980806928     
   4.40000000000000       -13.3449953609658     
   4.45000000000000       -13.4967078734570     
   4.50000000000000       -14.0200913189474     
 zone T = "ep =   0.199526231496888      ",
   1.00000000000000       -2.87991814921369     
   1.05000000000000       -3.07718098682799     
   1.10000000000000       -3.31524060840599     
   1.15000000000000       -3.51898929322491     
   1.20000000000000       -3.61269051419825     
   1.25000000000000       -3.58961566049842     
   1.30000000000000       -3.51269599508370     
   1.35000000000000       -3.86469287548673     
   1.40000000000000       -4.14492371030156     
   1.45000000000000       -4.13609436830291     
   1.50000000000000       -4.21303380626579     
   1.55000000000000       -4.54251083240964     
   1.60000000000000       -4.45369426630394     
   1.65000000000000       -4.81218111793523     
   1.70000000000000       -4.78384986443916     
   1.75000000000000       -5.14216998712078     
   1.80000000000000       -5.23869985036302     
   1.85000000000000       -5.34048727801259     
   1.90000000000000       -5.53971038040206     
   1.95000000000000       -5.73893291829752     
   2.00000000000000       -5.87246549505981     
   2.05000000000000       -6.10220686643480     
   2.10000000000000       -6.33557008074999     
   2.15000000000000       -6.45964914106470     
   2.20000000000000       -6.68229099264354     
   2.25000000000000       -6.87997577988817     
   2.30000000000000       -7.03422693130246     
   2.35000000000000       -7.24797516680665     
   2.40000000000000       -7.41705516444424     
   2.45000000000000       -7.61603404167470     
   2.50000000000000       -7.83286206735658     
   2.55000000000000       -8.02116352069745     
   2.60000000000000       -8.21450439122581     
   2.65000000000000       -8.41273236735982     
   2.70000000000000       -8.59015369516795     
   2.75000000000000       -8.79147137937051     
   2.80000000000000       -8.98381267200530     
   2.85000000000000       -9.19263796358417     
   2.90000000000000       -9.38799402800115     
   2.95000000000000       -9.57842978996660     
   3.00000000000000       -9.77414560556470     
   3.05000000000000       -9.97669430972473     
   3.10000000000000       -10.1772311062071     
   3.15000000000000       -10.3747113248744     
   3.20000000000000       -10.5762009549965     
   3.25000000000000       -10.7746331709080     
   3.30000000000000       -10.9741182496408     
   3.35000000000000       -11.1719093650447     
   3.40000000000000       -11.3697837958155     
   3.45000000000000       -11.5717086030096     
   3.50000000000000       -11.7718613520667     
   3.55000000000000       -11.9747683401608     
   3.60000000000000       -12.1751375867869     
   3.65000000000000       -12.3805585024633     
   3.70000000000000       -12.5734746894812     
   3.75000000000000       -12.8242560016960     
   3.80000000000000       -13.0246602101064     
   3.85000000000000       -13.2697444085466     
   3.90000000000000       -13.5514692490152     
   3.95000000000000       -13.6386194247341     
   4.00000000000000       -14.0972572737597     
   4.05000000000000       -14.1552492207374     
   4.10000000000000       -14.0912669100705     
   4.15000000000000       -13.9678180359248     
   4.20000000000000       -14.3013772564157     
   4.25000000000000       -13.5028033346667     
   4.30000000000000       -14.9131970850328     
   4.35000000000000       -14.2556197658550     
   4.40000000000000       -13.3221324780063     
   4.45000000000000       -13.4256730699133     
   4.50000000000000       -14.6993172650877     
 zone T = "ep =   0.158489319246111      ",
   1.00000000000000       -2.92810284764278     
   1.05000000000000       -3.09345823849924     
   1.10000000000000       -3.33408667386382     
   1.15000000000000       -3.51207741553594     
   1.20000000000000       -3.54264412008326     
   1.25000000000000       -3.47300610659939     
   1.30000000000000       -3.38357448659230     
   1.35000000000000       -3.77879352194509     
   1.40000000000000       -4.06203036385857     
   1.45000000000000       -3.98200737494769     
   1.50000000000000       -4.06329433755805     
   1.55000000000000       -4.41780658046184     
   1.60000000000000       -4.26110263474093     
   1.65000000000000       -4.66302312696046     
   1.70000000000000       -4.57921169266564     
   1.75000000000000       -4.97370132386557     
   1.80000000000000       -5.05007533523907     
   1.85000000000000       -5.12782457897687     
   1.90000000000000       -5.32430215052308     
   1.95000000000000       -5.52377877820659     
   2.00000000000000       -5.64490435214240     
   2.05000000000000       -5.88271853157089     
   2.10000000000000       -6.12432149984723     
   2.15000000000000       -6.23048301877767     
   2.20000000000000       -6.45779054345805     
   2.25000000000000       -6.65568487855711     
   2.30000000000000       -6.79926810720007     
   2.35000000000000       -7.01726135614647     
   2.40000000000000       -7.17891470339084     
   2.45000000000000       -7.37786291344413     
   2.50000000000000       -7.59894665869402     
   2.55000000000000       -7.78460854406454     
   2.60000000000000       -7.97626719688963     
   2.65000000000000       -8.17431333263076     
   2.70000000000000       -8.34634088565263     
   2.75000000000000       -8.54809031316065     
   2.80000000000000       -8.73862894555399     
   2.85000000000000       -8.94965982174181     
   2.90000000000000       -9.14399799861267     
   2.95000000000000       -9.33213120153486     
   3.00000000000000       -9.52685104530075     
   3.05000000000000       -9.73007587186682     
   3.10000000000000       -9.93075603328512     
   3.15000000000000       -10.1276705352320     
   3.20000000000000       -10.3295810198768     
   3.25000000000000       -10.5275826877828     
   3.30000000000000       -10.7269421218137     
   3.35000000000000       -10.9244192930415     
   3.40000000000000       -11.1218254652505     
   3.45000000000000       -11.3243246589576     
   3.50000000000000       -11.5225349020347     
   3.55000000000000       -11.7257020021716     
   3.60000000000000       -11.9250436697673     
   3.65000000000000       -12.1326833928387     
   3.70000000000000       -12.3317542906695     
   3.75000000000000       -12.5478793115812     
   3.80000000000000       -12.7980406188592     
   3.85000000000000       -13.0418364665197     
   3.90000000000000       -13.2556197658550     
   3.95000000000000       -13.4921917722920     
   4.00000000000000       -14.1764385198074     
   4.05000000000000       -13.7017367392111     
   4.10000000000000       -14.5232260060320     
   4.15000000000000       -13.7872724354428     
   4.20000000000000       -14.2303139005902     
   4.25000000000000       -13.2908888448014     
   4.30000000000000       -14.3211213146114     
   4.35000000000000       -14.5928619341734     
   4.40000000000000       -13.3471347469763     
   4.45000000000000       -13.4007067435471     
   4.50000000000000       -13.9252059925058     
 zone T = "ep =   0.125892541179417      ",
   1.00000000000000       -3.15213136796155     
   1.05000000000000       -3.18592550251201     
   1.10000000000000       -3.40931712536757     
   1.15000000000000       -3.52213017720277     
   1.20000000000000       -3.46796385640884     
   1.25000000000000       -3.36232064718924     
   1.30000000000000       -3.27275482401620     
   1.35000000000000       -3.71855444309759     
   1.40000000000000       -3.98845954261686     
   1.45000000000000       -3.83042460255747     
   1.50000000000000       -3.93000671365428     
   1.55000000000000       -4.30595261407054     
   1.60000000000000       -4.07663169439149     
   1.65000000000000       -4.52937244232110     
   1.70000000000000       -4.38206999843273     
   1.75000000000000       -4.81608696731645     
   1.80000000000000       -4.87256286186238     
   1.85000000000000       -4.92194789452688     
   1.90000000000000       -5.11390169258316     
   1.95000000000000       -5.31363033928362     
   2.00000000000000       -5.42179594155219     
   2.05000000000000       -5.66945514681689     
   2.10000000000000       -5.92065580634024     
   2.15000000000000       -6.00586941477978     
   2.20000000000000       -6.23812228307597     
   2.25000000000000       -6.43656839786191     
   2.30000000000000       -6.56768973817089     
   2.35000000000000       -6.79112203873883     
   2.40000000000000       -6.94391447646791     
   2.45000000000000       -7.14287638985180     
   2.50000000000000       -7.36905325332018     
   2.55000000000000       -7.55163267232930     
   2.60000000000000       -7.74119976237170     
   2.65000000000000       -7.93912259467988     
   2.70000000000000       -8.10472581606544     
   2.75000000000000       -8.30701506813489     
   2.80000000000000       -8.49539898968616     
   2.85000000000000       -8.70906303738559     
   2.90000000000000       -8.90221653214112     
   2.95000000000000       -9.08758528543522     
   3.00000000000000       -9.28109370433326     
   3.05000000000000       -9.48512387443841     
   3.10000000000000       -9.68594277530625     
   3.15000000000000       -9.88212553624468     
   3.20000000000000       -10.0844827147264     
   3.25000000000000       -10.2818492625267     
   3.30000000000000       -10.4808065590684     
   3.35000000000000       -10.6772923514234     
   3.40000000000000       -10.8736279527380     
   3.45000000000000       -11.0752988748737     
   3.50000000000000       -11.2719032919412     
   3.55000000000000       -11.4733478521781     
   3.60000000000000       -11.6693025728216     
   3.65000000000000       -11.8710513189609     
   3.70000000000000       -12.0631080663515     
   3.75000000000000       -12.2751618735789     
   3.80000000000000       -12.4647718618896     
   3.85000000000000       -12.6688074964116     
   3.90000000000000       -12.8573324604976     
   3.95000000000000       -13.0444992245969     
   4.00000000000000       -13.2410992270971     
   4.05000000000000       -13.2975339173339     
   4.10000000000000       -13.4347617764153     
   4.15000000000000       -14.1552492207374     
   4.20000000000000       -13.4906967812051     
   4.25000000000000       -14.4105217258407     
   4.30000000000000       -13.7932217679560     
   4.35000000000000       -13.5297081335599     
   4.40000000000000       -13.4308433033794     
   4.45000000000000       -13.7992537327259     
   4.50000000000000       -13.7241408488127     
 zone T = "ep =   0.100000000000000      ",
   1.00000000000000       -3.85442379010484     
   1.05000000000000       -3.38675331006491     
   1.10000000000000       -3.52691741513352     
   1.15000000000000       -3.51318649463857     
   1.20000000000000       -3.37913139742304     
   1.25000000000000       -3.26047589321531     
   1.30000000000000       -3.18446397417357     
   1.35000000000000       -3.68745564333097     
   1.40000000000000       -3.91481723397329     
   1.45000000000000       -3.68418705456243     
   1.50000000000000       -3.81816244782171     
   1.55000000000000       -4.20578321067495     
   1.60000000000000       -3.90371921323699     
   1.65000000000000       -4.41492596409328     
   1.70000000000000       -4.19568400014829     
   1.75000000000000       -4.67157394354561     
   1.80000000000000       -4.71043607210820     
   1.85000000000000       -4.72599780978957     
   1.90000000000000       -4.91092674957079     
   1.95000000000000       -5.11077226620508     
   2.00000000000000       -5.20564177063017     
   2.05000000000000       -5.46544650757271     
   2.10000000000000       -5.72780504659804     
   2.15000000000000       -5.78836327906611     
   2.20000000000000       -6.02566129712588     
   2.25000000000000       -6.22515477896867     
   2.30000000000000       -6.34162842954271     
   2.35000000000000       -6.57212739348984     
   2.40000000000000       -6.71420758943707     
   2.45000000000000       -6.91324170437098     
   2.50000000000000       -7.14556744048813     
   2.55000000000000       -7.32451419490540     
   2.60000000000000       -7.51142097146434     
   2.65000000000000       -7.70932216541277     
   2.70000000000000       -7.86718535158432     
   2.75000000000000       -8.07015634073947     
   2.80000000000000       -8.25593261396589     
   2.85000000000000       -8.47277942274806     
   2.90000000000000       -8.66455560425895     
   2.95000000000000       -8.84657584496021     
   3.00000000000000       -9.03863309703988     
   3.05000000000000       -9.24368132166578     
   3.10000000000000       -9.44471333721271     
   3.15000000000000       -9.64010380492756     
   3.20000000000000       -9.84306077829948     
   3.25000000000000       -10.0398801829549     
   3.30000000000000       -10.2386908368180     
   3.35000000000000       -10.4344273279072     
   3.40000000000000       -10.6300048548904     
   3.45000000000000       -10.8322002088597     
   3.50000000000000       -11.0286076698639     
   3.55000000000000       -11.2296997673530     
   3.60000000000000       -11.4255702904828     
   3.65000000000000       -11.6298341711531     
   3.70000000000000       -11.8219139210980     
   3.75000000000000       -12.0277844600794     
   3.80000000000000       -12.2307238057475     
   3.85000000000000       -12.4298043208698     
   3.90000000000000       -12.6409334235730     
   3.95000000000000       -12.8204126626142     
   4.00000000000000       -13.0542226415345     
   4.05000000000000       -13.1706861909183     
   4.10000000000000       -13.3817181679905     
   4.15000000000000       -14.1484097962071     
   4.20000000000000       -13.3635251631645     
   4.25000000000000       -14.0624951675005     
   4.30000000000000       -13.8576797571829     
   4.35000000000000       -13.6623336988345     
   4.40000000000000       -13.5184271231502     
   4.45000000000000       -13.5966549231905     
   4.50000000000000       -14.4360758303131     
 zone T = "ep =   7.943282347242814E-002 ",
   1.00000000000000       -2.87883404605169     
   1.05000000000000       -3.81723537585693     
   1.10000000000000       -3.64314904321688     
   1.15000000000000       -3.46171822924555     
   1.20000000000000       -3.28591170217626     
   1.25000000000000       -3.17792574459365     
   1.30000000000000       -3.12722062070212     
   1.35000000000000       -3.69315282814885     
   1.40000000000000       -3.83400267482862     
   1.45000000000000       -3.54907767601557     
   1.50000000000000       -3.73418527168802     
   1.55000000000000       -4.11453025684761     
   1.60000000000000       -3.74612668711890     
   1.65000000000000       -4.32313647534030     
   1.70000000000000       -4.02333156896710     
   1.75000000000000       -4.54147259949354     
   1.80000000000000       -4.56834364303372     
   1.85000000000000       -4.54300950484424     
   1.90000000000000       -4.71746056494730     
   1.95000000000000       -4.91705069761524     
   2.00000000000000       -4.99859438563088     
   2.05000000000000       -5.27355583000546     
   2.10000000000000       -5.54878947943901     
   2.15000000000000       -5.58020075806274     
   2.20000000000000       -5.82229260945259     
   2.25000000000000       -6.02354086308338     
   2.30000000000000       -6.12275299996335     
   2.35000000000000       -6.36255094096486     
   2.40000000000000       -6.49152963423011     
   2.45000000000000       -6.69071712502265     
   2.50000000000000       -6.93051699257295     
   2.55000000000000       -7.10515824914528     
   2.60000000000000       -7.28860743457195     
   2.65000000000000       -7.48666087426299     
   2.70000000000000       -7.63511020331969     
   2.75000000000000       -7.83894599050408     
   2.80000000000000       -8.02152479349585     
   2.85000000000000       -8.24224202500971     
   2.90000000000000       -8.43240561739142     
   2.95000000000000       -8.61030966115222     
   3.00000000000000       -8.80058794041685     
   3.05000000000000       -9.00690588635666     
   3.10000000000000       -9.20817098180478     
   3.15000000000000       -9.40263257831736     
   3.20000000000000       -9.60634703712029     
   3.25000000000000       -9.80244672467366     
   3.30000000000000       -10.0010571883376     
   3.35000000000000       -10.1959049203086     
   3.40000000000000       -10.3906295640149     
   3.45000000000000       -10.5935497968494     
   3.50000000000000       -10.7891198951217     
   3.55000000000000       -10.9918653770150     
   3.60000000000000       -11.1866921541729     
   3.65000000000000       -11.3927611945027     
   3.70000000000000       -11.5887275547884     
   3.75000000000000       -11.7941212390720     
   3.80000000000000       -11.9989501171678     
   3.85000000000000       -12.2064017431848     
   3.90000000000000       -12.4214534819124     
   3.95000000000000       -12.6400905422179     
   4.00000000000000       -12.8685860645726     
   4.05000000000000       -13.0703610005584     
   4.10000000000000       -13.4269598693197     
   4.15000000000000       -14.1552492207374     
   4.20000000000000       -13.9131970850328     
   4.25000000000000       -13.4092826537252     
   4.30000000000000       -13.8147106837898     
   4.35000000000000       -13.8976849188545     
   4.40000000000000       -13.1518160448990     
   4.45000000000000       -13.1994775037959     
   4.50000000000000       -13.8938919298374     
 zone T = "ep =   6.309573444801933E-002 ",
   1.00000000000000       -2.55854287093647     
   1.05000000000000       -4.28744217142738     
   1.10000000000000       -3.68971657404913     
   1.15000000000000       -3.38279359542664     
   1.20000000000000       -3.20772751822691     
   1.25000000000000       -3.12689932243833     
   1.30000000000000       -3.11224378165185     
   1.35000000000000       -3.74175684159481     
   1.40000000000000       -3.74098419137802     
   1.45000000000000       -3.43073807852175     
   1.50000000000000       -3.68407153575750     
   1.55000000000000       -4.02503194538494     
   1.60000000000000       -3.60695372919974     
   1.65000000000000       -4.25395253144783     
   1.70000000000000       -3.86761558336620     
   1.75000000000000       -4.42405023684128     
   1.80000000000000       -4.45045075589614     
   1.85000000000000       -4.37540324829978     
   1.90000000000000       -4.53477077827576     
   1.95000000000000       -4.73337111159423     
   2.00000000000000       -4.80211783717887     
   2.05000000000000       -5.09610214148530     
   2.10000000000000       -5.38581460462952     
   2.15000000000000       -5.38301040008988     
   2.20000000000000       -5.62897160539545     
   2.25000000000000       -5.83295635972937     
   2.30000000000000       -5.91199959412197     
   2.35000000000000       -6.16412064335220     
   2.40000000000000       -6.27699708966181     
   2.45000000000000       -6.47645628836334     
   2.50000000000000       -6.72533887600961     
   2.55000000000000       -6.89489891899879     
   2.60000000000000       -7.07378306496100     
   2.65000000000000       -7.27228422411772     
   2.70000000000000       -7.40925525691779     
   2.75000000000000       -7.61419314477675     
   2.80000000000000       -7.79282936104829     
   2.85000000000000       -8.01825220906280     
   2.90000000000000       -8.20653885453264     
   2.95000000000000       -8.37935319692216     
   3.00000000000000       -8.56743160561965     
   3.05000000000000       -8.77532125322218     
   3.10000000000000       -8.97683370831687     
   3.15000000000000       -9.17015357831559     
   3.20000000000000       -9.37476800305246     
   3.25000000000000       -9.56989432479474     
   3.30000000000000       -9.76824605805237     
   3.35000000000000       -9.96175491361191     
   3.40000000000000       -10.1551396269116     
   3.45000000000000       -10.3583897682210     
   3.50000000000000       -10.5527620386613     
   3.55000000000000       -10.7550841646197     
   3.60000000000000       -10.9481023346519     
   3.65000000000000       -11.1535155079284     
   3.70000000000000       -11.3465239474267     
   3.75000000000000       -11.5494483948281     
   3.80000000000000       -11.7460946677612     
   3.85000000000000       -11.9464155861846     
   3.90000000000000       -12.1505185213053     
   3.95000000000000       -12.3476712442427     
   4.00000000000000       -12.5561289205828     
   4.05000000000000       -12.7336975209715     
   4.10000000000000       -12.9383924166786     
   4.15000000000000       -13.2470195940931     
   4.20000000000000       -13.2908888448014     
   4.25000000000000       -14.5232260060320     
   4.30000000000000       -13.9633636944985     
   4.35000000000000       -13.7041697678821     
   4.40000000000000       -13.5396164222202     
   4.45000000000000       -13.6557366937813     
   4.50000000000000       -13.7932217679560     
 zone T = "ep =   5.011872336272723E-002 ",
   1.00000000000000       -2.36004875706336     
   1.05000000000000       -3.79757953824662     
   1.10000000000000       -3.65248146178490     
   1.15000000000000       -3.31003561681414     
   1.20000000000000       -3.16063942378459     
   1.25000000000000       -3.11841219711245     
   1.30000000000000       -3.15538616524845     
   1.35000000000000       -3.82878149278432     
   1.40000000000000       -3.63745702711833     
   1.45000000000000       -3.33433465809799     
   1.50000000000000       -3.67351346005327     
   1.55000000000000       -3.92881251162856     
   1.60000000000000       -3.48893725007788     
   1.65000000000000       -4.20153897564264     
   1.70000000000000       -3.73086286868164     
   1.75000000000000       -4.31443757379839     
   1.80000000000000       -4.36077226726327     
   1.85000000000000       -4.22544183203931     
   1.90000000000000       -4.36382573454534     
   1.95000000000000       -4.56020947908649     
   2.00000000000000       -4.61741065809853     
   2.05000000000000       -4.93532540165438     
   2.10000000000000       -5.24048058146708     
   2.15000000000000       -5.19824694116655     
   2.20000000000000       -5.44603837485050     
   2.25000000000000       -5.65404591822420     
   2.30000000000000       -5.70995618056363     
   2.35000000000000       -5.97845616716208     
   2.40000000000000       -6.07151787078362     
   2.45000000000000       -6.27142231347226     
   2.50000000000000       -6.53128246267991     
   2.55000000000000       -6.69492028215340     
   2.60000000000000       -6.86769742239554     
   2.65000000000000       -7.06713732939917     
   2.70000000000000       -7.19013776829492     
   2.75000000000000       -7.39648594968570     
   2.80000000000000       -7.57025144280606     
   2.85000000000000       -7.80137914160801     
   2.90000000000000       -7.98752493911501     
   2.95000000000000       -8.15403827762745     
   3.00000000000000       -8.33939949374178     
   3.05000000000000       -8.54926433111457     
   3.10000000000000       -8.75104550057216     
   3.15000000000000       -8.94303112501693     
   3.20000000000000       -9.14879866381264     
   3.25000000000000       -9.34275498279935     
   3.30000000000000       -9.54082276217373     
   3.35000000000000       -9.73275604742369     
   3.40000000000000       -9.92469163795753     
   3.45000000000000       -10.1287062288115     
   3.50000000000000       -10.3216609829245     
   3.55000000000000       -10.5245969996202     
   3.60000000000000       -10.7159265540239     
   3.65000000000000       -10.9219830956258     
   3.70000000000000       -11.1144899517114     
   3.75000000000000       -11.3158011030336     
   3.80000000000000       -11.5131931673366     
   3.85000000000000       -11.7127196815054     
   3.90000000000000       -11.9109917401609     
   3.95000000000000       -12.1033314214719     
   4.00000000000000       -12.3148045572042     
   4.05000000000000       -12.4747266571679     
   4.10000000000000       -12.6690324611832     
   4.15000000000000       -12.9727711630203     
   4.20000000000000       -13.0185789744758     
   4.25000000000000       -13.6282539092623     
   4.30000000000000       -13.4440447599844     
   4.35000000000000       -13.4440447599844     
   4.40000000000000       -13.7371058259771     
   4.45000000000000       -14.0912669100705     
   4.50000000000000       -13.5947542878511     
 zone T = "ep =   3.981071705534973E-002 ",
   1.00000000000000       -2.22004726580732     
   1.05000000000000       -3.76237953173386     
   1.10000000000000       -3.59475065632012     
   1.15000000000000       -3.26748226673188     
   1.20000000000000       -3.15485511360779     
   1.25000000000000       -3.16513993748041     
   1.30000000000000       -3.29098971699471     
   1.35000000000000       -3.92681702426082     
   1.40000000000000       -3.53481074983340     
   1.45000000000000       -3.26488960319544     
   1.50000000000000       -3.70834048035358     
   1.55000000000000       -3.82320158224865     
   1.60000000000000       -3.39476774444787     
   1.65000000000000       -4.15287616280989     
   1.70000000000000       -3.61549003180688     
   1.75000000000000       -4.20618184208708     
   1.80000000000000       -4.30337685334353     
   1.85000000000000       -4.09563640478262     
   1.90000000000000       -4.20576697173382     
   1.95000000000000       -4.39811972819467     
   2.00000000000000       -4.44571371553296     
   2.05000000000000       -4.79376529721632     
   2.10000000000000       -5.11372503802828     
   2.15000000000000       -5.02750254269245     
   2.20000000000000       -5.27341228592582     
   2.25000000000000       -5.48697662384642     
   2.30000000000000       -5.51710433370163     
   2.35000000000000       -5.80737241247203     
   2.40000000000000       -5.87605291864083     
   2.45000000000000       -6.07665381451960     
   2.50000000000000       -6.34965204817414     
   2.55000000000000       -6.50652896155803     
   2.60000000000000       -6.67103313427987     
   2.65000000000000       -6.87220390011292     
   2.70000000000000       -6.97826849638759     
   2.75000000000000       -7.18642736344983     
   2.80000000000000       -7.35416616450811     
   2.85000000000000       -7.59216694151341     
   2.90000000000000       -7.77593739664558     
   2.95000000000000       -7.93463722329487     
   3.00000000000000       -8.11663422426058     
   3.05000000000000       -8.32898164683408     
   3.10000000000000       -8.53102196575885     
   3.15000000000000       -8.72145777990148     
   3.20000000000000       -8.92867324933183     
   3.25000000000000       -9.12113799375278     
   3.30000000000000       -9.31894671075890     
   3.35000000000000       -9.50895832707838     
   3.40000000000000       -9.69913200562796     
   3.45000000000000       -9.90415780891504     
   3.50000000000000       -10.0955896521804     
   3.55000000000000       -10.2994772785240     
   3.60000000000000       -10.4890195581198     
   3.65000000000000       -10.6970479836320     
   3.70000000000000       -10.8884316304694     
   3.75000000000000       -11.0904585662457     
   3.80000000000000       -11.2881841217009     
   3.85000000000000       -11.4895937915721     
   3.90000000000000       -11.6943990869210     
   3.95000000000000       -11.8982948831148     
   4.00000000000000       -12.0994341930140     
   4.05000000000000       -12.2956249275266     
   4.10000000000000       -12.5235478248551     
