 zone T = "ep =    1.00000000000000      ",
   2.47712125471966       -11.0292755375380     
   2.52712125471966       -11.2378750418963     
   2.57712125471966       -11.4475637309134     
   2.62712125471966       -11.6332254107911     
   2.67712125471966       -11.8407190646225     
   2.72712125471966       -12.0415777721986     
   2.77712125471966       -12.2332253214659     
   2.82712125471966       -12.4371744615499     
   2.87712125471966       -12.6319454710835     
   2.92712125471966       -12.8329448698989     
   2.97712125471966       -13.0377970302925     
   3.02712125471966       -13.2359792425906     
   3.07712125471966       -13.4335246677060     
   3.12712125471966       -13.6283423091558     
   3.17712125471966       -13.8090745367562     
   3.22712125471966       -13.9813432964360     
   3.27712125471966       -14.1133374320265     
   3.32712125471966       -14.1926718441608     
   3.37712125471966       -14.2368865960332     
   3.42712125471966       -14.2552197692631     
   3.47712125471966       -14.2672750173041     
   3.52712125471966       -14.2686519514173     
   3.57712125471966       -14.2697282451865     
   3.62712125471966       -14.2563674953935     
   3.67712125471966       -14.2692472266264     
   3.72712125471966       -14.2529084986578     
   3.77712125471966       -14.2575045364334     
   3.82712125471966       -14.2573570893098     
   3.87712125471966       -14.2705527779509     
   3.92712125471966       -14.2794915124329     
   3.97712125471966       -14.2346823509739     
   4.02712125471966       -14.2547596683717     
   4.07712125471966       -14.2765454555639     
   4.12712125471966       -14.2562633387283     
   4.17712125471966       -14.2703889389375     
   4.22712125471966       -14.2313032771178     
   4.27712125471966       -14.2465335712207     
   4.32712125471966       -14.2532415032685     
   4.37712125471966       -14.2382422622766     
   4.42712125471966       -14.2648318358703     
   4.47712125471966       -14.2525807128013     
   4.52712125471966       -14.2356894032883     
   4.57712125471966       -14.2469752466527     
   4.62712125471966       -14.2069433619246     
   4.67712125471966       -14.1971115843944     
   4.72712125471966       -14.2379280386868     
   4.77712125471966       -14.2706687618070     
   4.82712125471966       -14.2069460936401     
   4.87712125471966       -14.2254579797553     
   4.92712125471966       -14.1970436966498     
   4.97712125471966       -14.2260955630848     
   5.02712125471966       -14.1996321767043     
   5.07712125471966       -14.1799360290708     
   5.12712125471966       -14.2566635467461     
   5.17712125471966       -14.1630905108824     
   5.22712125471966       -14.2620751538496     
   5.27712125471966       -14.1122754236219     
   5.32712125471966       -14.1635243397416     
   5.37712125471966       -14.2057397718361     
   5.42712125471966       -14.1449992628546     
   5.47712125471966       -14.0293469399086     
   5.52712125471966       -14.1565533659435     
   5.57712125471966       -14.1790268534099     
   5.62712125471966       -14.1185787442322     
   5.67712125471966       -14.0273817102000     
   5.72712125471966       -13.9989766229706     
   5.77712125471966       -13.9691094057683     
   5.82712125471966       -13.9847244819092     
   5.87712125471966       -14.0307629606214     
   5.92712125471966       -13.8803595420020     
   5.97712125471966       -13.9062483885600     
 zone T = "ep =   0.794328234724281      ",
   2.47712125471966       -10.6769127621772     
   2.52712125471966       -10.8855070294118     
   2.57712125471966       -11.0951739713666     
   2.62712125471966       -11.2807889339766     
   2.67712125471966       -11.4882228730217     
   2.72712125471966       -11.6889606238936     
   2.77712125471966       -11.8804683465794     
   2.82712125471966       -12.0840782511264     
   2.87712125471966       -12.2784691646886     
   2.92712125471966       -12.4790079022528     
   2.97712125471966       -12.6829218637912     
   3.02712125471966       -12.8802581664111     
   3.07712125471966       -13.0781408253254     
   3.12712125471966       -13.2750366151183     
   3.17712125471966       -13.4650247183218     
   3.22712125471966       -13.6510483208651     
   3.27712125471966       -13.8214180542017     
   3.32712125471966       -13.9737581869268     
   3.37712125471966       -14.0753845959978     
   3.42712125471966       -14.1421056712265     
   3.47712125471966       -14.1801576381825     
   3.52712125471966       -14.2061335907230     
   3.57712125471966       -14.2043562853935     
   3.62712125471966       -14.2153874048773     
   3.67712125471966       -14.2253345830260     
   3.72712125471966       -14.2225243809628     
   3.77712125471966       -14.2058021019476     
   3.82712125471966       -14.2130586889211     
   3.87712125471966       -14.2020911352804     
   3.92712125471966       -14.2067151874023     
   3.97712125471966       -14.2225986717291     
   4.02712125471966       -14.2281493389607     
   4.07712125471966       -14.1994623506450     
   4.12712125471966       -14.2289052636740     
   4.17712125471966       -14.2087163780474     
   4.22712125471966       -14.2120469605211     
   4.27712125471966       -14.2007050404894     
   4.32712125471966       -14.2096407285184     
   4.37712125471966       -14.1906183183206     
   4.42712125471966       -14.2001161751741     
   4.47712125471966       -14.2049342095872     
   4.52712125471966       -14.2396379647354     
   4.57712125471966       -14.1662836902820     
   4.62712125471966       -14.2458889585349     
   4.67712125471966       -14.1316070643018     
   4.72712125471966       -14.1402241296988     
   4.77712125471966       -14.1764590109567     
   4.82712125471966       -14.1662978482531     
   4.87712125471966       -14.2909446341357     
   4.92712125471966       -14.2140818783884     
   4.97712125471966       -14.2230908799963     
   5.02712125471966       -14.1216271318044     
   5.07712125471966       -14.1400275692675     
   5.12712125471966       -14.1840733139805     
   5.17712125471966       -14.1361926850404     
   5.22712125471966       -14.1361658605464     
   5.27712125471966       -14.1855568339006     
   5.32712125471966       -14.1332798499207     
   5.37712125471966       -14.1483104168332     
   5.42712125471966       -14.0877015837063     
   5.47712125471966       -14.1176964194945     
   5.52712125471966       -14.0538838951655     
   5.57712125471966       -13.9818833691112     
   5.62712125471966       -14.0443238201038     
   5.67712125471966       -14.1149883570473     
   5.72712125471966       -14.0245960998306     
   5.77712125471966       -14.0415685744633     
   5.82712125471966       -13.9585931168504     
   5.87712125471966       -14.0936591881910     
   5.92712125471966       -14.0292640205857     
   5.97712125471966       -13.9438034242126     
 zone T = "ep =   0.630957344480193      ",
   2.47712125471966       -10.3393785077305     
   2.52712125471966       -10.5479921534955     
   2.57712125471966       -10.7576844824880     
   2.62712125471966       -10.9433163282341     
   2.67712125471966       -11.1507922410851     
   2.72712125471966       -11.3515851227948     
   2.77712125471966       -11.5431746311967     
   2.82712125471966       -11.7469429660036     
   2.87712125471966       -11.9416226218134     
   2.92712125471966       -12.1424132938323     
   2.97712125471966       -12.3469250168628     
   3.02712125471966       -12.5455131794599     
   3.07712125471966       -12.7449945117025     
   3.12712125471966       -12.9455873548033     
   3.17712125471966       -13.1405382502579     
   3.22712125471966       -13.3397709631562     
   3.27712125471966       -13.5386902643035     
   3.32712125471966       -13.7318886285182     
   3.37712125471966       -13.9150944527406     
   3.42712125471966       -14.0660477722112     
   3.47712125471966       -14.1856492459777     
   3.52712125471966       -14.2563773564079     
   3.57712125471966       -14.2835033870794     
   3.62712125471966       -14.2982490836992     
   3.67712125471966       -14.2970533531908     
   3.72712125471966       -14.3201527598338     
   3.77712125471966       -14.3182710711702     
   3.82712125471966       -14.3171970463075     
   3.87712125471966       -14.2925788313732     
   3.92712125471966       -14.2911355503777     
   3.97712125471966       -14.2929467964325     
   4.02712125471966       -14.3187587982388     
   4.07712125471966       -14.2800071829617     
   4.12712125471966       -14.2902049230471     
   4.17712125471966       -14.3175807740479     
   4.22712125471966       -14.3274214912968     
   4.27712125471966       -14.2973640050282     
   4.32712125471966       -14.3371492994792     
   4.37712125471966       -14.2645859609684     
   4.42712125471966       -14.3067641348310     
   4.47712125471966       -14.3110959128204     
   4.52712125471966       -14.3128384517142     
   4.57712125471966       -14.2490723800591     
   4.62712125471966       -14.2688891443680     
   4.67712125471966       -14.3123091983849     
   4.72712125471966       -14.2725899852825     
   4.77712125471966       -14.2701286869581     
   4.82712125471966       -14.2500573293714     
   4.87712125471966       -14.2864795485777     
   4.92712125471966       -14.2774597484756     
   4.97712125471966       -14.2428714681438     
   5.02712125471966       -14.2737147885761     
   5.07712125471966       -14.2784713694265     
   5.12712125471966       -14.2172625748004     
   5.17712125471966       -14.2263833137179     
   5.22712125471966       -14.2273158948487     
   5.27712125471966       -14.2608493086063     
   5.32712125471966       -14.2603164667197     
   5.37712125471966       -14.1876035050702     
   5.42712125471966       -14.2120941586574     
   5.47712125471966       -14.2814262459277     
   5.52712125471966       -14.1347313833839     
   5.57712125471966       -14.1520119723026     
   5.62712125471966       -14.0924291103797     
   5.67712125471966       -14.1060687992002     
   5.72712125471966       -14.0551730357267     
   5.77712125471966       -14.0758947216588     
   5.82712125471966       -13.9428574368732     
   5.87712125471966       -14.0745998293292     
   5.92712125471966       -14.0804515319824     
   5.97712125471966       -13.9924689102393     
 zone T = "ep =   0.501187233627272      ",
   2.47712125471966       -10.0194974709000     
   2.52712125471966       -10.2281240110052     
   2.57712125471966       -10.4378232494876     
   2.62712125471966       -10.6234462292926     
   2.67712125471966       -10.8309136659102     
   2.72712125471966       -11.0316898265627     
   2.77712125471966       -11.2232290192739     
   2.82712125471966       -11.4269192715773     
   2.87712125471966       -11.6215050066556     
   2.92712125471966       -11.8221582569664     
   2.97712125471966       -12.0264449732283     
   3.02712125471966       -12.2243979480341     
   3.07712125471966       -12.4233203016019     
   3.12712125471966       -12.6226548485389     
   3.17712125471966       -12.8167038380891     
   3.22712125471966       -13.0151973780494     
   3.27712125471966       -13.2101517721644     
   3.32712125471966       -13.4039426491569     
   3.37712125471966       -13.5895662054121     
   3.42712125471966       -13.7661869887112     
   3.47712125471966       -13.9266081020248     
   3.52712125471966       -14.0429260285550     
   3.57712125471966       -14.1388968226091     
   3.62712125471966       -14.1924571431235     
   3.67712125471966       -14.2146590461483     
   3.72712125471966       -14.2281009105660     
   3.77712125471966       -14.2471135362278     
   3.82712125471966       -14.2503588045740     
   3.87712125471966       -14.2536351793640     
   3.92712125471966       -14.2718903875999     
   3.97712125471966       -14.2563674953935     
   4.02712125471966       -14.2432147222494     
   4.07712125471966       -14.2519993276054     
   4.12712125471966       -14.2538201713169     
   4.17712125471966       -14.2477866710591     
   4.22712125471966       -14.2696551195697     
   4.27712125471966       -14.2680870491206     
   4.32712125471966       -14.2200370293274     
   4.37712125471966       -14.2440269854642     
   4.42712125471966       -14.2466289188527     
   4.47712125471966       -14.2578487834468     
   4.52712125471966       -14.2532287509644     
   4.57712125471966       -14.2329099861333     
   4.62712125471966       -14.1858528879359     
   4.67712125471966       -14.2340442784627     
   4.72712125471966       -14.2310277198108     
   4.77712125471966       -14.2131995699537     
   4.82712125471966       -14.2987749142476     
   4.87712125471966       -14.2028641412470     
   4.92712125471966       -14.2002560110545     
   4.97712125471966       -14.1799535181894     
   5.02712125471966       -14.2289406685232     
   5.07712125471966       -14.2534382521021     
   5.12712125471966       -14.2280841723981     
   5.17712125471966       -14.2018303690274     
   5.22712125471966       -14.2291018523992     
   5.27712125471966       -14.1388702639163     
   5.32712125471966       -14.1704421458395     
   5.37712125471966       -14.1524902482503     
   5.42712125471966       -14.1566303501346     
   5.47712125471966       -14.1818767713972     
   5.52712125471966       -14.0441492439304     
   5.57712125471966       -14.2604350743016     
   5.62712125471966       -14.0917704792999     
   5.67712125471966       -14.0779511856880     
   5.72712125471966       -14.1149745088808     
   5.77712125471966       -14.0815903056424     
   5.82712125471966       -14.0445367827740     
   5.87712125471966       -14.0132059146617     
   5.92712125471966       -14.0201461466655     
   5.97712125471966       -14.0311111424128     
 zone T = "ep =   0.398107170553497      ",
   2.47712125471966       -9.72113553828661     
   2.52712125471966       -9.92978791950676     
   2.57712125471966       -10.1395126975671     
   2.62712125471966       -10.3251503082027     
   2.67712125471966       -10.5326479544057     
   2.72712125471966       -10.7334575238525     
   2.77712125471966       -10.9250419310465     
   2.82712125471966       -11.1288058817068     
   2.87712125471966       -11.3234894954595     
   2.92712125471966       -11.5243171655018     
   2.97712125471966       -11.7288898465823     
   3.02712125471966       -11.9272543282251     
   3.07712125471966       -12.1267544353601     
   3.12712125471966       -12.3271982313177     
   3.17712125471966       -12.5232684501411     
   3.22712125471966       -12.7244958498439     
   3.27712125471966       -12.9240757687625     
   3.32712125471966       -13.1276139651123     
   3.37712125471966       -13.3252544828087     
   3.42712125471966       -13.5266159333385     
   3.47712125471966       -13.7205781372303     
   3.52712125471966       -13.9103857744087     
   3.57712125471966       -14.0628726213473     
   3.62712125471966       -14.1864175905256     
   3.67712125471966       -14.2549530626207     
   3.72712125471966       -14.2733198185465     
   3.77712125471966       -14.2631578981130     
   3.82712125471966       -14.3003901097216     
   3.87712125471966       -14.2873008569214     
   3.92712125471966       -14.2734700582927     
   3.97712125471966       -14.2834177604342     
   4.02712125471966       -14.2908089380588     
   4.07712125471966       -14.2789562702768     
   4.12712125471966       -14.2966308245585     
   4.17712125471966       -14.2441543977693     
   4.22712125471966       -14.2779939289067     
   4.27712125471966       -14.2850419209882     
   4.32712125471966       -14.2499911971166     
   4.37712125471966       -14.3061552398606     
   4.42712125471966       -14.2729792184324     
   4.47712125471966       -14.2610743112383     
   4.52712125471966       -14.2564846462286     
   4.57712125471966       -14.3250332320338     
   4.62712125471966       -14.2483174991370     
   4.67712125471966       -14.2354440899601     
   4.72712125471966       -14.2175659083607     
   4.77712125471966       -14.2604260550752     
   4.82712125471966       -14.2948667539801     
   4.87712125471966       -14.2797586599932     
   4.92712125471966       -14.3047782462299     
   4.97712125471966       -14.2655640578304     
   5.02712125471966       -14.2492090594925     
   5.07712125471966       -14.3213443823462     
   5.12712125471966       -14.2096599476396     
   5.17712125471966       -14.1582082878962     
   5.22712125471966       -14.1972686885590     
   5.27712125471966       -14.2422912207296     
   5.32712125471966       -14.2485669774823     
   5.37712125471966       -14.2349730776004     
   5.42712125471966       -14.1725324148460     
   5.47712125471966       -14.1121783059416     
   5.52712125471966       -14.1039032702720     
   5.57712125471966       -14.1585222186339     
   5.62712125471966       -14.2739922864730     
   5.67712125471966       -14.1264721473929     
   5.72712125471966       -14.1197610238914     
   5.77712125471966       -14.0816448127270     
   5.82712125471966       -14.0590159397567     
   5.87712125471966       -14.0380951975714     
   5.92712125471966       -14.0280923591098     
   5.97712125471966       -14.0376926079555     
 zone T = "ep =   0.316227766016838      ",
   2.47712125471966       -9.44917580524039     
   2.52712125471966       -9.65785873744017     
   2.57712125471966       -9.86760903110166     
   2.62712125471966       -10.0532597182910     
   2.67712125471966       -10.2607711511483     
   2.72712125471966       -10.4615888316869     
   2.77712125471966       -10.6531765363823     
   2.82712125471966       -10.8569412935427     
   2.87712125471966       -11.0516183267455     
   2.92712125471966       -11.2524298118660     
   2.97712125471966       -11.4569651824508     
   3.02712125471966       -11.6552994637034     
   3.07712125471966       -11.8548081784294     
   3.12712125471966       -12.0551043215668     
   3.17712125471966       -12.2510374406028     
   3.22712125471966       -12.4519681024805     
   3.27712125471966       -12.6512473857405     
   3.32712125471966       -12.8541242979772     
   3.37712125471966       -13.0543074966869     
   3.42712125471966       -13.2508709339230     
   3.47712125471966       -13.4523829141855     
   3.52712125471966       -13.6499708298496     
   3.57712125471966       -13.8432633818398     
   3.62712125471966       -14.0155763019823     
   3.67712125471966       -14.1541179836174     
   3.72712125471966       -14.2523780536662     
   3.77712125471966       -14.2918800476990     
   3.82712125471966       -14.3210947086580     
   3.87712125471966       -14.3091014460613     
   3.92712125471966       -14.3246123243676     
   3.97712125471966       -14.3065225006096     
   4.02712125471966       -14.2985813002006     
   4.07712125471966       -14.3141032874818     
   4.12712125471966       -14.3259549043033     
   4.17712125471966       -14.3141374741639     
   4.22712125471966       -14.3069832398582     
   4.27712125471966       -14.3168828001028     
   4.32712125471966       -14.2998129434213     
   4.37712125471966       -14.3352472734326     
   4.42712125471966       -14.2834061918552     
   4.47712125471966       -14.2998736693656     
   4.52712125471966       -14.2661530799576     
   4.57712125471966       -14.2693491280541     
   4.62712125471966       -14.2940925200066     
   4.67712125471966       -14.2843297587007     
   4.72712125471966       -14.3220499754643     
   4.77712125471966       -14.2994946181614     
   4.82712125471966       -14.2711110216753     
   4.87712125471966       -14.2790745639345     
   4.92712125471966       -14.3032843728441     
   4.97712125471966       -14.2711354501611     
   5.02712125471966       -14.2256937502257     
   5.07712125471966       -14.2923685432868     
   5.12712125471966       -14.2045498286782     
   5.17712125471966       -14.2223537292997     
   5.22712125471966       -14.1896666453062     
   5.27712125471966       -14.3273733264926     
   5.32712125471966       -14.1686173532236     
   5.37712125471966       -14.2506560807255     
   5.42712125471966       -14.3467658258361     
   5.47712125471966       -14.2379255367383     
   5.52712125471966       -14.1526329419139     
   5.57712125471966       -14.1613791988950     
   5.62712125471966       -14.1544716187333     
   5.67712125471966       -14.0653024730913     
   5.72712125471966       -14.2420695524472     
   5.77712125471966       -14.0206602272006     
   5.82712125471966       -14.0712201524760     
   5.87712125471966       -14.0225400073619     
   5.92712125471966       -14.0772400535716     
   5.97712125471966       -13.9903351322844     
 zone T = "ep =   0.251188643150958      ",
   2.47712125471966       -9.20976165443684     
   2.52712125471966       -9.41849115708951     
   2.57712125471966       -9.62827950921646     
   2.62712125471966       -9.81395528296769     
   2.67712125471966       -10.0214928722844     
   2.72712125471966       -10.2223306270223     
   2.77712125471966       -10.4139333127242     
   2.82712125471966       -10.6177137464955     
   2.87712125471966       -10.8124009635242     
   2.92712125471966       -11.0132317488790     
   2.97712125471966       -11.2177854789537     
   3.02712125471966       -11.4161399143052     
   3.07712125471966       -11.6157027043917     
   3.12712125471966       -11.8160759450751     
   3.17712125471966       -12.0120800628957     
   3.22712125471966       -12.2132761191291     
   3.27712125471966       -12.4127167794662     
   3.32712125471966       -12.6159979950900     
   3.37712125471966       -12.8165665309415     
   3.42712125471966       -13.0174941194313     
   3.47712125471966       -13.2199695637909     
   3.52712125471966       -13.4244991905167     
   3.57712125471966       -13.6329419075319     
   3.62712125471966       -13.8313028800461     
   3.67712125471966       -14.0190583776347     
   3.72712125471966       -14.1890774570725     
   3.77712125471966       -14.2928839486221     
   3.82712125471966       -14.3136391903444     
   3.87712125471966       -14.3080609097807     
   3.92712125471966       -14.3349850135514     
   3.97712125471966       -14.3105918612576     
   4.02712125471966       -14.3020947246935     
   4.07712125471966       -14.3178513072598     
   4.12712125471966       -14.2937072444418     
   4.17712125471966       -14.3032577679446     
   4.22712125471966       -14.2910836109306     
   4.27712125471966       -14.2685273307178     
   4.32712125471966       -14.2903434270728     
   4.37712125471966       -14.2420851844416     
   4.42712125471966       -14.2804457070304     
   4.47712125471966       -14.3144144236680     
   4.52712125471966       -14.2149573657292     
   4.57712125471966       -14.2798918091129     
   4.62712125471966       -14.3292054274154     
   4.67712125471966       -14.2963572351356     
   4.72712125471966       -14.3055997051576     
   4.77712125471966       -14.2694539702001     
   4.82712125471966       -14.2834239305950     
   4.87712125471966       -14.3057163518788     
   4.92712125471966       -14.2511780216488     
   4.97712125471966       -14.3676632922389     
   5.02712125471966       -14.1947008885556     
   5.07712125471966       -14.2440443554679     
   5.12712125471966       -14.2237883412653     
   5.17712125471966       -14.2168480870089     
   5.22712125471966       -14.2723289292749     
   5.27712125471966       -14.1623305193148     
   5.32712125471966       -14.2513845420718     
   5.37712125471966       -14.2219872526694     
   5.42712125471966       -14.2090978052925     
   5.47712125471966       -14.1675207608575     
   5.52712125471966       -14.1488666979494     
   5.57712125471966       -14.0381198701799     
   5.62712125471966       -14.1848600952664     
   5.67712125471966       -14.2214543486705     
   5.72712125471966       -14.1586847742932     
   5.77712125471966       -14.1387240510879     
   5.82712125471966       -14.1324574317765     
   5.87712125471966       -14.0921594724803     
   5.92712125471966       -14.0818233506889     
   5.97712125471966       -14.0009890943227     
 zone T = "ep =   0.199526231496888      ",
   2.47712125471966       -9.01038758396713     
   2.52712125471966       -9.21918498948465     
   2.57712125471966       -9.42902754770466     
   2.62712125471966       -9.61474093334302     
   2.67712125471966       -9.82230998930564     
   2.72712125471966       -10.0231670579521     
   2.77712125471966       -10.2147787876482     
   2.82712125471966       -10.4185586494688     
   2.87712125471966       -10.6132309263813     
   2.92712125471966       -10.8140259488962     
   2.97712125471966       -11.0185162325192     
   3.02712125471966       -11.2167540623477     
   3.07712125471966       -11.4161433836152     
   3.12712125471966       -11.6161781061884     
   3.17712125471966       -11.8117720370250     
   3.22712125471966       -12.0121971670698     
   3.27712125471966       -12.2106495538474     
   3.32712125471966       -12.4118989634905     
   3.37712125471966       -12.6099719408225     
   3.42712125471966       -12.8060510515859     
   3.47712125471966       -13.0019654405079     
   3.52712125471966       -13.1968754990567     
   3.57712125471966       -13.3867750206785     
   3.62712125471966       -13.5725082154740     
   3.67712125471966       -13.7443171180007     
   3.72712125471966       -13.8998561299184     
   3.77712125471966       -14.0387818425607     
   3.82712125471966       -14.1234739654250     
   3.87712125471966       -14.1899954444615     
   3.92712125471966       -14.2257919156518     
   3.97712125471966       -14.2305320318571     
   4.02712125471966       -14.2534909824986     
   4.07712125471966       -14.2558900108294     
   4.12712125471966       -14.2791100981985     
   4.17712125471966       -14.2837658771989     
   4.22712125471966       -14.2815080610293     
   4.27712125471966       -14.2783846894666     
   4.32712125471966       -14.2529212321679     
   4.37712125471966       -14.2907427172392     
   4.42712125471966       -14.2516425805091     
   4.47712125471966       -14.2876469877041     
   4.52712125471966       -14.3154371971112     
   4.57712125471966       -14.2697246245270     
   4.62712125471966       -14.2351480894463     
   4.67712125471966       -14.2744891251487     
   4.72712125471966       -14.2345037232496     
   4.77712125471966       -14.2510803113211     
   4.82712125471966       -14.2889140880538     
   4.87712125471966       -14.1258325313667     
   4.92712125471966       -14.2408384743882     
   4.97712125471966       -14.2267540349388     
   5.02712125471966       -14.3639292993854     
   5.07712125471966       -14.3094815543936     
   5.12712125471966       -14.1991913661649     
   5.17712125471966       -14.2419232992976     
   5.22712125471966       -14.2649192773753     
   5.27712125471966       -14.1344144671666     
   5.32712125471966       -14.1868957286728     
   5.37712125471966       -14.1727306002082     
   5.42712125471966       -14.2138919725394     
   5.47712125471966       -14.1239023407800     
   5.52712125471966       -14.2312059354362     
   5.57712125471966       -14.2364006464094     
   5.62712125471966       -14.1137381313772     
   5.67712125471966       -14.0634186949421     
   5.72712125471966       -14.0962357159273     
   5.77712125471966       -14.0666853122816     
   5.82712125471966       -14.0492685093134     
   5.87712125471966       -14.1104620841777     
   5.92712125471966       -13.9933095491455     
   5.97712125471966       -14.0866481633830     
 zone T = "ep =   0.158489319246111      ",
   2.47712125471966       -8.85999956178334     
   2.52712125471966       -9.06890057654326     
   2.57712125471966       -9.27882735004149     
   2.62712125471966       -9.46460430393142     
   2.67712125471966       -9.67222890920440     
   2.72712125471966       -9.87312908918129     
   2.77712125471966       -10.0647759895369     
   2.82712125471966       -10.2685885387567     
   2.87712125471966       -10.4632902476495     
   2.92712125471966       -10.6641126568615     
   2.97712125471966       -10.8686380593513     
   3.02712125471966       -11.0669323513767     
   3.07712125471966       -11.2663715285054     
   3.12712125471966       -11.4665225147437     
   3.17712125471966       -11.6622672441205     
   3.22712125471966       -11.8629565051604     
   3.27712125471966       -12.0615897752668     
   3.32712125471966       -12.2635328405593     
   3.37712125471966       -12.4622839665736     
   3.42712125471966       -12.6599872027531     
   3.47712125471966       -12.8582907486742     
   3.52712125471966       -13.0573907608910     
   3.57712125471966       -13.2534107099657     
   3.62712125471966       -13.4454701282141     
   3.67712125471966       -13.6319042374940     
   3.72712125471966       -13.8043596255734     
   3.77712125471966       -13.9688911368898     
   3.82712125471966       -14.0973253523831     
   3.87712125471966       -14.1790793176831     
   3.92712125471966       -14.2315931792972     
   3.97712125471966       -14.2687495955548     
   4.02712125471966       -14.3080147096113     
   4.07712125471966       -14.3171718177917     
   4.12712125471966       -14.2689540751350     
   4.17712125471966       -14.2646566915869     
   4.22712125471966       -14.2841803306279     
   4.27712125471966       -14.3048871994866     
   4.32712125471966       -14.2909717835297     
   4.37712125471966       -14.3315006463214     
   4.42712125471966       -14.2639571057157     
   4.47712125471966       -14.2761948991869     
   4.52712125471966       -14.3054460019224     
   4.57712125471966       -14.3008429892767     
   4.62712125471966       -14.2904151017659     
   4.67712125471966       -14.2326168071710     
   4.72712125471966       -14.2425383392569     
   4.77712125471966       -14.3639460616011     
   4.82712125471966       -14.2343467753618     
   4.87712125471966       -14.3044661595462     
   4.92712125471966       -14.2052842871234     
   4.97712125471966       -14.3544574332302     
   5.02712125471966       -14.3203958654796     
   5.07712125471966       -14.2317533050995     
   5.12712125471966       -14.3083864453902     
   5.17712125471966       -14.2798887737867     
   5.22712125471966       -14.2154079957036     
   5.27712125471966       -14.1834820507974     
   5.32712125471966       -14.2598011724909     
   5.37712125471966       -14.1453912402366     
   5.42712125471966       -14.1781330952176     
   5.47712125471966       -14.1456748951956     
   5.52712125471966       -14.1273375572097     
   5.57712125471966       -14.0839859547655     
   5.62712125471966       -14.0571859623768     
   5.67712125471966       -14.1448437804458     
   5.72712125471966       -14.1353806338363     
   5.77712125471966       -14.1158279966060     
   5.82712125471966       -14.0240247409420     
   5.87712125471966       -14.1125396491824     
   5.92712125471966       -13.9554928063397     
   5.97712125471966       -14.1775333644453     
 zone T = "ep =   0.125892541179417      ",
   2.47712125471966       -8.76889624464038     
   2.52712125471966       -8.97794931406462     
   2.57712125471966       -9.18799893558042     
   2.62712125471966       -9.37387088231088     
   2.67712125471966       -9.58157471220331     
   2.72712125471966       -9.78253538277399     
   2.77712125471966       -9.97423020230651     
   2.82712125471966       -10.1780800130439     
   2.87712125471966       -10.3728130349443     
   2.92712125471966       -10.5736577091676     
   2.97712125471966       -10.7782020454890     
   3.02712125471966       -10.9765087036457     
   3.07712125471966       -11.1759607783091     
   3.12712125471966       -11.3761181172686     
   3.17712125471966       -11.5718256656724     
   3.22712125471966       -11.7725411858555     
   3.27712125471966       -11.9711493307486     
   3.32712125471966       -12.1731481171656     
   3.37712125471966       -12.3718685996424     
   3.42712125471966       -12.5694732750333     
   3.47712125471966       -12.7675140503782     
   3.52712125471966       -12.9656787114247     
   3.57712125471966       -13.1614769455256     
   3.62712125471966       -13.3564241034618     
   3.67712125471966       -13.5443055612219     
   3.72712125471966       -13.7254389047700     
   3.77712125471966       -13.8904417024892     
   3.82712125471966       -14.0227941708009     
   3.87712125471966       -14.1520639926163     
   3.92712125471966       -14.2334301303139     
   3.97712125471966       -14.2426616844225     
   4.02712125471966       -14.3139203698077     
   4.07712125471966       -14.3342059758900     
   4.12712125471966       -14.3004363839380     
   4.17712125471966       -14.3230876661982     
   4.22712125471966       -14.3289436662806     
   4.27712125471966       -14.2957988402075     
   4.32712125471966       -14.3171123621707     
   4.37712125471966       -14.3049808748878     
   4.42712125471966       -14.3008868835067     
   4.47712125471966       -14.3321652710718     
   4.52712125471966       -14.2971272776139     
   4.57712125471966       -14.3234050184272     
   4.62712125471966       -14.2923062792397     
   4.67712125471966       -14.3115660141044     
   4.72712125471966       -14.2939597008043     
   4.77712125471966       -14.2902502853265     
   4.82712125471966       -14.2778998921718     
   4.87712125471966       -14.2583732044132     
   4.92712125471966       -14.2579633066171     
   4.97712125471966       -14.3322705222807     
   5.02712125471966       -14.3123365115613     
   5.07712125471966       -14.3074962080218     
   5.12712125471966       -14.1918901965845     
   5.17712125471966       -14.2205771555524     
   5.22712125471966       -14.2854264978653     
   5.27712125471966       -14.2327031814196     
   5.32712125471966       -14.2644664785665     
   5.37712125471966       -14.2678966809241     
   5.42712125471966       -14.1739116393801     
   5.47712125471966       -14.1394235136831     
   5.52712125471966       -14.1622497221476     
   5.57712125471966       -14.1649427575979     
   5.62712125471966       -14.0520462541426     
   5.67712125471966       -14.2114520339226     
   5.72712125471966       -14.1122691114060     
   5.77712125471966       -14.0679443040144     
   5.82712125471966       -14.0082288498083     
   5.87712125471966       -14.0148245588667     
   5.92712125471966       -14.0892618589074     
   5.97712125471966       -13.9821840551229     
 zone T = "ep =   0.100000000000000      ",
   2.47712125471966       -8.74833841631939     
   2.52712125471966       -8.95761022546441     
   2.57712125471966       -9.16783619906950     
   2.62712125471966       -9.35384746396765     
   2.67712125471966       -9.56166534153998     
   2.72712125471966       -9.76271407430215     
   2.77712125471966       -9.95448087583124     
   2.82712125471966       -10.1583869481271     
   2.87712125471966       -10.3531683490366     
   2.92712125471966       -10.5540569220867     
   2.97712125471966       -10.7586351268760     
   3.02712125471966       -10.9569718810227     
   3.07712125471966       -11.1564613431878     
   3.12712125471966       -11.3566612289191     
   3.17712125471966       -11.5524328486275     
   3.22712125471966       -11.7531752955358     
   3.27712125471966       -11.9519530131562     
   3.32712125471966       -12.1540887939689     
   3.37712125471966       -12.3532325152513     
   3.42712125471966       -12.5511851588722     
   3.47712125471966       -12.7499416144448     
   3.52712125471966       -12.9494482627535     
   3.57712125471966       -13.1476566954187     
   3.62712125471966       -13.3440862305072     
   3.67712125471966       -13.5378353086664     
   3.72712125471966       -13.7255314606820     
   3.77712125471966       -13.9017182161267     
   3.82712125471966       -14.0575367169165     
   3.87712125471966       -14.1624241580072     
   3.92712125471966       -14.2696724937234     
   3.97712125471966       -14.3061663733108     
   4.02712125471966       -14.3635865166406     
   4.07712125471966       -14.3376902924366     
   4.12712125471966       -14.3748402464840     
   4.17712125471966       -14.3487313105646     
   4.22712125471966       -14.3555136954264     
   4.27712125471966       -14.3644764151950     
   4.32712125471966       -14.3348168642298     
   4.37712125471966       -14.3855346781482     
   4.42712125471966       -14.3441094552604     
   4.47712125471966       -14.3393004544330     
   4.52712125471966       -14.2824089864959     
   4.57712125471966       -14.3464908155956     
   4.62712125471966       -14.2564369609360     
   4.67712125471966       -14.3614477151515     
   4.72712125471966       -14.3611259423444     
   4.77712125471966       -14.3573087525196     
   4.82712125471966       -14.3302574106377     
   4.87712125471966       -14.2952093031453     
   4.92712125471966       -14.3598851918736     
   4.97712125471966       -14.3671262414370     
   5.02712125471966       -14.3449172542993     
   5.07712125471966       -14.3976742150593     
   5.12712125471966       -14.3266954317311     
   5.17712125471966       -14.3166957290217     
   5.22712125471966       -14.2453439621668     
   5.27712125471966       -14.3036849360492     
   5.32712125471966       -14.2626056897129     
   5.37712125471966       -14.3336658071349     
   5.42712125471966       -14.2156861628618     
   5.47712125471966       -14.1872966342757     
   5.52712125471966       -14.1774985648310     
   5.57712125471966       -14.2167995710830     
   5.62712125471966       -14.0614947666811     
   5.67712125471966       -14.1268847281180     
   5.72712125471966       -14.1362890194885     
   5.77712125471966       -14.0409395911150     
   5.82712125471966       -14.0668462703714     
   5.87712125471966       -13.9489135986971     
   5.92712125471966       -13.9932653517986     
   5.97712125471966       -14.0775473571057     
 zone T = "ep =   7.943282347242814E-002 ",
   2.47712125471966       -8.80969357595245     
   2.52712125471966       -9.01926731000477     
   2.57712125471966       -9.22973558546791     
   2.62712125471966       -9.41594391282493     
   2.67712125471966       -9.62391713125987     
   2.72712125471966       -9.82508667735928     
   2.77712125471966       -10.0169530802300     
   2.82712125471966       -10.2209338926749     
   2.87712125471966       -10.4157792295803     
   2.92712125471966       -10.6167137668583     
   2.97712125471966       -10.8213273410885     
   3.02712125471966       -11.0196944595007     
   3.07712125471966       -11.2191949745696     
   3.12712125471966       -11.4193965035464     
   3.17712125471966       -11.6151909090582     
   3.22712125471966       -11.8158982422614     
   3.27712125471966       -12.0146269819694     
   3.32712125471966       -12.2166642485907     
   3.37712125471966       -12.4155608291893     
   3.42712125471966       -12.6130176908539     
   3.47712125471966       -12.8117695053532     
   3.52712125471966       -13.0107114004419     
   3.57712125471966       -13.2078226089440     
   3.62712125471966       -13.4027691547557     
   3.67712125471966       -13.5914442053327     
   3.72712125471966       -13.7711651891095     
   3.77712125471966       -13.9232810063365     
   3.82712125471966       -14.0665045899542     
   3.87712125471966       -14.1581961560393     
   3.92712125471966       -14.2337127540184     
   3.97712125471966       -14.2435007545701     
   4.02712125471966       -14.2735636424262     
   4.07712125471966       -14.2634545790897     
   4.12712125471966       -14.2729042551752     
   4.17712125471966       -14.2549300626731     
   4.22712125471966       -14.3074479580573     
   4.27712125471966       -14.2861653272230     
   4.32712125471966       -14.2858562396662     
   4.37712125471966       -14.2524388984215     
   4.42712125471966       -14.3389884232602     
   4.47712125471966       -14.3071913794864     
   4.52712125471966       -14.2877520157835     
   4.57712125471966       -14.2612678427733     
   4.62712125471966       -14.3166957290217     
   4.67712125471966       -14.2550308746212     
   4.72712125471966       -14.2543902640160     
   4.77712125471966       -14.3019250035722     
   4.82712125471966       -14.2977863160570     
   4.87712125471966       -14.3311069090475     
   4.92712125471966       -14.2236998643535     
   4.97712125471966       -14.2765439611042     
   5.02712125471966       -14.2301177092826     
   5.07712125471966       -14.2724271550998     
   5.12712125471966       -14.2764255440082     
   5.17712125471966       -14.1714354854364     
   5.22712125471966       -14.2252035876565     
   5.27712125471966       -14.2199947065426     
   5.32712125471966       -14.1830171911410     
   5.37712125471966       -14.2453523762053     
   5.42712125471966       -14.1483271762313     
   5.47712125471966       -14.1994382503012     
   5.52712125471966       -14.0979715243998     
   5.57712125471966       -14.0658146267212     
   5.62712125471966       -14.1785233644947     
   5.67712125471966       -14.1254633023858     
   5.72712125471966       -14.0332495665814     
   5.77712125471966       -14.0939163611732     
   5.82712125471966       -13.9740212904428     
   5.87712125471966       -14.0692451523285     
   5.92712125471966       -13.9564471751670     
   5.97712125471966       -13.9846250041903     
 zone T = "ep =   6.309573444801933E-002 ",
   2.47712125471966       -8.96347810963695     
   2.52712125471966       -9.17344770687459     
   2.57712125471966       -9.38423056519326     
   2.62712125471966       -9.57071355612329     
   2.67712125471966       -9.77888640242013     
   2.72712125471966       -9.98021428143246     
   2.77712125471966       -10.1722186612300     
   2.82712125471966       -10.3762900599344     
   2.87712125471966       -10.5712156682163     
   2.92712125471966       -10.7722011501058     
   2.97712125471966       -10.9768333101729     
   3.02712125471966       -11.1752082981802     
   3.07712125471966       -11.3746886924282     
   3.12712125471966       -11.5748196977867     
   3.17712125471966       -11.7704720343786     
   3.22712125471966       -11.9710028734783     
   3.27712125471966       -12.1693370099855     
   3.32712125471966       -12.3708462275991     
   3.37712125471966       -12.5687401458118     
   3.42712125471966       -12.7647917548588     
   3.47712125471966       -12.9605073066427     
   3.52712125471966       -13.1555300687789     
   3.57712125471966       -13.3439165220339     
   3.62712125471966       -13.5284909926284     
   3.67712125471966       -13.6971313846655     
   3.72712125471966       -13.8542519257985     
   3.77712125471966       -13.9807984384932     
   3.82712125471966       -14.0531972972680     
   3.87712125471966       -14.1315781172958     
   3.92712125471966       -14.1623488381584     
   3.97712125471966       -14.1762072643122     
   4.02712125471966       -14.2063541435782     
   4.07712125471966       -14.1887310930456     
   4.12712125471966       -14.2082084847075     
   4.17712125471966       -14.2403341230217     
   4.22712125471966       -14.1950651298006     
   4.27712125471966       -14.1960758871642     
   4.32712125471966       -14.2191033030977     
   4.37712125471966       -14.1911506823270     
   4.42712125471966       -14.1933752952967     
   4.47712125471966       -14.1882036259437     
   4.52712125471966       -14.2137749746483     
   4.57712125471966       -14.1978818493345     
   4.62712125471966       -14.2006046686723     
   4.67712125471966       -14.1707866809800     
   4.72712125471966       -14.1901530033441     
   4.77712125471966       -14.2076430095494     
   4.82712125471966       -14.1740791633305     
   4.87712125471966       -14.1758709471611     
   4.92712125471966       -14.1630625945436     
   4.97712125471966       -14.2122169218443     
   5.02712125471966       -14.1338012074512     
   5.07712125471966       -14.1559654882585     
   5.12712125471966       -14.1377190792113     
   5.17712125471966       -14.1445823681832     
   5.22712125471966       -14.1207153984985     
   5.27712125471966       -14.0608064038916     
   5.32712125471966       -14.0935348262580     
   5.37712125471966       -14.1536344317235     
   5.42712125471966       -14.1419303286907     
   5.47712125471966       -14.0485160469703     
   5.52712125471966       -14.0195438018163     
   5.57712125471966       -14.1384861209655     
   5.62712125471966       -14.0500707197671     
   5.67712125471966       -14.0317794098846     
   5.72712125471966       -14.0306377131932     
   5.77712125471966       -14.0473447559074     
   5.82712125471966       -14.0307974073910     
   5.87712125471966       -14.0450209588827     
   5.92712125471966       -13.9666515546490     
   5.97712125471966       -13.9720854354882     
 zone T = "ep =   5.011872336272723E-002 ",
   2.47712125471966       -9.21986353580545     
   2.52712125471966       -9.43032291833031     
   2.57712125471966       -9.64148635326224     
   2.62712125471966       -9.82838031279478     
   2.67712125471966       -10.0367921382653     
   2.72712125471966       -10.2383276429684     
   2.77712125471966       -10.4305484652786     
   2.82712125471966       -10.6347354917412     
   2.87712125471966       -10.8298053151733     
   2.92712125471966       -11.0308790825056     
   2.97712125471966       -11.2355746376062     
   3.02712125471966       -11.4340377524329     
   3.07712125471966       -11.6335775367003     
   3.12712125471966       -11.8338179036623     
   3.17712125471966       -12.0296107293496     
   3.22712125471966       -12.2302006882249     
   3.27712125471966       -12.4288937424721     
   3.32712125471966       -12.6305727991626     
   3.37712125471966       -12.8287103436474     
   3.42712125471966       -13.0260731001849     
   3.47712125471966       -13.2216641439768     
   3.52712125471966       -13.4182155227418     
   3.57712125471966       -13.6065721335212     
   3.62712125471966       -13.7849939046424     
   3.67712125471966       -13.9452456958103     
   3.72712125471966       -14.0631055689506     
   3.77712125471966       -14.1490361035481     
   3.82712125471966       -14.2057400715139     
   3.87712125471966       -14.2309077794117     
   3.92712125471966       -14.2202557503760     
   3.97712125471966       -14.2395191484386     
   4.02712125471966       -14.2503147755718     
   4.07712125471966       -14.2693783930419     
   4.12712125471966       -14.2900545790463     
   4.17712125471966       -14.2818871903725     
   4.22712125471966       -14.2545786019757     
   4.27712125471966       -14.2699684162438     
   4.32712125471966       -14.2369034041312     
   4.37712125471966       -14.2500864339453     
   4.42712125471966       -14.2569036923749     
   4.47712125471966       -14.2390464651260     
   4.52712125471966       -14.2370329323730     
   4.57712125471966       -14.2694930278010     
   4.62712125471966       -14.2426664671818     
   4.67712125471966       -14.2353819405421     
   4.72712125471966       -14.2427678301221     
   4.77712125471966       -14.2545907584229     
   4.82712125471966       -14.2295894672098     
   4.87712125471966       -14.2075924173942     
   4.92712125471966       -14.2646340552823     
   4.97712125471966       -14.2195120552886     
   5.02712125471966       -14.2253280904034     
   5.07712125471966       -14.1779249287437     
   5.12712125471966       -14.2727375180054     
   5.17712125471966       -14.2209464639907     
   5.22712125471966       -14.1868494897397     
   5.27712125471966       -14.1994827856406     
   5.32712125471966       -14.1814727171376     
   5.37712125471966       -14.1920825594084     
   5.42712125471966       -14.0767038375949     
   5.47712125471966       -14.1279047363213     
   5.52712125471966       -14.2354261577816     
   5.57712125471966       -14.1130282423682     
   5.62712125471966       -14.1919906501981     
   5.67712125471966       -14.0854942443544     
   5.72712125471966       -13.9861417383512     
   5.77712125471966       -14.0573201516596     
   5.82712125471966       -14.0600567899983     
   5.87712125471966       -13.9496535256692     
   5.92712125471966       -13.9651806112003     
   5.97712125471966       -14.0035700426032     
 zone T = "ep =   3.981071705534973E-002 ",
   2.47712125471966       -9.59214404440189     
   2.52712125471966       -9.80310785666157     
   2.57712125471966       -10.0146245883306     
   2.62712125471966       -10.2022978650654     
   2.67712125471966       -10.4109080187783     
   2.72712125471966       -10.6126931120942     
   2.77712125471966       -10.8053359693325     
   2.82712125471966       -11.0095823653854     
   2.87712125471966       -11.2049136605636     
   2.92712125471966       -11.4060402688183     
   2.97712125471966       -11.6106435296420     
   3.02712125471966       -11.8091316728156     
   3.07712125471966       -12.0086321942030     
   3.12712125471966       -12.2085947228623     
   3.17712125471966       -12.4041223372426     
   3.22712125471966       -12.6040424515217     
   3.27712125471966       -12.8015889373746     
   3.32712125471966       -13.0012215091098     
   3.37712125471966       -13.1974729071458     
   3.42712125471966       -13.3874166339390     
   3.47712125471966       -13.5759424183211     
   3.52712125471966       -13.7453192397246     
   3.57712125471966       -13.9016906260496     
   3.62712125471966       -14.0381440470711     
   3.67712125471966       -14.1178374083201     
   3.72712125471966       -14.1863889751556     
   3.77712125471966       -14.2204755470215     
   3.82712125471966       -14.2338594218510     
   3.87712125471966       -14.2511564029052     
   3.92712125471966       -14.2153352683511     
   3.97712125471966       -14.2460560890619     
   4.02712125471966       -14.2259499013866     
   4.07712125471966       -14.2500288900336     
   4.12712125471966       -14.2648909744077     
   4.17712125471966       -14.2436252898996     
   4.22712125471966       -14.2390499347825     
   4.27712125471966       -14.2252271845901     
   4.32712125471966       -14.2692338467241     
   4.37712125471966       -14.2593547427059     
   4.42712125471966       -14.2537858518127     
   4.47712125471966       -14.2471588787913     
   4.52712125471966       -14.2130667668904     
   4.57712125471966       -14.2228229068654     
   4.62712125471966       -14.2169909020055     
   4.67712125471966       -14.2233688244778     
   4.72712125471966       -14.1797926573803     
   4.77712125471966       -14.2509587333381     
   4.82712125471966       -14.1962105636442     
   4.87712125471966       -14.1655577246885     
   4.92712125471966       -14.1235792253005     
   4.97712125471966       -14.2392852074783     
   5.02712125471966       -14.2238885805211     
   5.07712125471966       -14.1652428623768     
   5.12712125471966       -14.1876675117841     
   5.17712125471966       -14.2350283208553     
   5.22712125471966       -14.2208493079394     
   5.27712125471966       -14.1187941883593     
   5.32712125471966       -14.1082323897458     
   5.37712125471966       -14.1245173653338     
   5.42712125471966       -14.1050990001260     
   5.47712125471966       -14.0994180195560     
   5.52712125471966       -14.0761493437813     
   5.57712125471966       -14.1660409827714     
   5.62712125471966       -14.0789090137036     
   5.67712125471966       -14.1076916137328     
   5.72712125471966       -14.0744181402126     
   5.77712125471966       -14.0422673249458     
   5.82712125471966       -14.0636251740648     
   5.87712125471966       -14.0493708548183     
   5.92712125471966       -13.9720519649935     
   5.97712125471966       -14.0936812435141     
 zone T = "ep =   3.162277660168379E-002 ",
   2.47712125471966       -10.0948476142743     
   2.52712125471966       -10.3053821695236     
   2.57712125471966       -10.5163153467806     
   2.62712125471966       -10.7064291487857     
   2.67712125471966       -10.9145217208825     
   2.72712125471966       -11.1164569218969     
   2.77712125471966       -11.3105476270321     
   2.82712125471966       -11.5143254736483     
   2.87712125471966       -11.7105887959693     
   2.92712125471966       -11.9116089653264     
   2.97712125471966       -12.1154364819882     
   3.02712125471966       -12.3140199556776     
   3.07712125471966       -12.5131327921355     
   3.12712125471966       -12.7123168295211     
   3.17712125471966       -12.9071256776434     
   3.22712125471966       -13.1045892993681     
   3.27712125471966       -13.2987280256052     
   3.32712125471966       -13.4917845393564     
   3.37712125471966       -13.6739996065693     
   3.42712125471966       -13.8389443961791     
   3.47712125471966       -13.9829203934596     
   3.52712125471966       -14.1004862468424     
   3.57712125471966       -14.1884639618409     
   3.62712125471966       -14.2330695684839     
   3.67712125471966       -14.2667115386648     
   3.72712125471966       -14.2490700877827     
   3.77712125471966       -14.2820289173854     
   3.82712125471966       -14.2566189024975     
   3.87712125471966       -14.2821956750077     
   3.92712125471966       -14.2903338722343     
   3.97712125471966       -14.2979990172019     
   4.02712125471966       -14.2965238718592     
   4.07712125471966       -14.2768176186589     
   4.12712125471966       -14.2851274132529     
   4.17712125471966       -14.2697057980709     
   4.22712125471966       -14.2902192469537     
   4.27712125471966       -14.2976471014133     
   4.32712125471966       -14.3122642712783     
   4.37712125471966       -14.2757764223061     
   4.42712125471966       -14.2727867178628     
   4.47712125471966       -14.2858476601778     
   4.52712125471966       -14.2585175737198     
   4.57712125471966       -14.2735278851707     
   4.62712125471966       -14.2619039513962     
   4.67712125471966       -14.2703744125323     
   4.72712125471966       -14.3024455097206     
   4.77712125471966       -14.2788312726837     
   4.82712125471966       -14.2832358195186     
   4.87712125471966       -14.2458351108587     
   4.92712125471966       -14.2054420332619     
   4.97712125471966       -14.2221296978738     
   5.02712125471966       -14.2890517709223     
   5.07712125471966       -14.2586964497569     
   5.12712125471966       -14.2468650694298     
   5.17712125471966       -14.1784153879538     
   5.22712125471966       -14.2405679545733     
   5.27712125471966       -14.1165589157814     
   5.32712125471966       -14.1766870052335     
   5.37712125471966       -14.1635016953312     
   5.42712125471966       -14.1631419217848     
   5.47712125471966       -14.1460859116992     
   5.52712125471966       -14.1086023915278     
   5.57712125471966       -14.1096155315802     
   5.62712125471966       -14.0477646197547     
   5.67712125471966       -14.0626095116711     
   5.72712125471966       -14.0930053310151     
   5.77712125471966       -14.0581009310387     
   5.82712125471966       -14.0695813805302     
   5.87712125471966       -13.9761146321600     
   5.92712125471966       -13.9207034130191     
   5.97712125471966       -13.9785795199958     
 zone T = "ep =   2.511886431509579E-002 ",
   2.47712125471966       -10.6534797589937     
   2.52712125471966       -10.8525956892723     
   2.57712125471966       -11.0535417459399     
   2.62712125471966       -11.2559928436872     
   2.67712125471966       -11.4568266571836     
   2.72712125471966       -11.6568720067999     
   2.77712125471966       -11.8592583683830     
   2.82712125471966       -12.0580059002523     
   2.87712125471966       -12.2604040008983     
   2.92712125471966       -12.4609700783768     
   2.97712125471966       -12.6608316917504     
   3.02712125471966       -12.8624180817917     
   3.07712125471966       -13.0647129294346     
   3.12712125471966       -13.2664589773845     
   3.17712125471966       -13.4714396705398     
   3.22712125471966       -13.6693767722437     
   3.27712125471966       -13.8639367863485     
   3.32712125471966       -14.0414923679237     
   3.37712125471966       -14.1724195115675     
   3.42712125471966       -14.2696511247579     
   3.47712125471966       -14.2834146754195     
   3.52712125471966       -14.2984878339176     
   3.57712125471966       -14.3061672297537     
   3.62712125471966       -14.3022187229661     
   3.67712125471966       -14.2923995034202     
   3.72712125471966       -14.2846010048524     
   3.77712125471966       -14.2966627931153     
   3.82712125471966       -14.2793658138985     
   3.87712125471966       -14.3250598751740     
   3.92712125471966       -14.2697930517654     
   3.97712125471966       -14.2880551483971     
   4.02712125471966       -14.3219127250173     
   4.07712125471966       -14.3246836798851     
   4.12712125471966       -14.2773412199573     
   4.17712125471966       -14.2890671916534     
   4.22712125471966       -14.3132742890114     
   4.27712125471966       -14.2542857023568     
   4.32712125471966       -14.3053901138432     
   4.37712125471966       -14.2794172960665     
   4.42712125471966       -14.2800800822522     
   4.47712125471966       -14.3262210168428     
   4.52712125471966       -14.2671068217562     
   4.57712125471966       -14.2590222448960     
   4.62712125471966       -14.2553803573293     
   4.67712125471966       -14.2618578546208     
   4.72712125471966       -14.2720813628333     
   4.77712125471966       -14.2633940851429     
   4.82712125471966       -14.2721457908303     
   4.87712125471966       -14.2179537913518     
   4.92712125471966       -14.2017514588718     
   4.97712125471966       -14.1778668219568     
   5.02712125471966       -14.2756335079172     
   5.07712125471966       -14.2276136408455     
   5.12712125471966       -14.2093356469735     
   5.17712125471966       -14.2596870590040     
   5.22712125471966       -14.2527393602948     
   5.27712125471966       -14.2717415883367     
   5.32712125471966       -14.2722776349393     
   5.37712125471966       -14.2035902406719     
   5.42712125471966       -14.1122477213721     
   5.47712125471966       -14.0909398973200     
   5.52712125471966       -14.1377466804521     
   5.57712125471966       -14.1744890516568     
   5.62712125471966       -13.9917156310028     
   5.67712125471966       -14.1318721107575     
   5.72712125471966       -14.0280973568516     
   5.77712125471966       -14.0915714617748     
   5.82712125471966       -14.0208440569758     
   5.87712125471966       -13.9767686284503     
   5.92712125471966       -13.9615268207648     
   5.97712125471966       -14.0645056812586     
 zone T = "ep =   1.995262314968880E-002 ",
   2.47712125471966       -10.8238936982795     
   2.52712125471966       -11.0005742209449     
   2.57712125471966       -11.1856126120024     
   2.62712125471966       -11.3995750430607     
   2.67712125471966       -11.5893356251461     
   2.72712125471966       -11.7844697920518     
   2.77712125471966       -11.9952423237687     
   2.82712125471966       -12.1848850086847     
   2.87712125471966       -12.3935867022578     
   2.92712125471966       -12.5912199614231     
   2.97712125471966       -12.7826126396546     
   3.02712125471966       -12.9841195636308     
   3.07712125471966       -13.1848362102905     
   3.12712125471966       -13.3798594135974     
   3.17712125471966       -13.5803849090222     
   3.22712125471966       -13.7655250166032     
   3.27712125471966       -13.9340697771103     
   3.32712125471966       -14.0673566644719     
   3.37712125471966       -14.1661510664502     
   3.42712125471966       -14.2397041705660     
   3.47712125471966       -14.2536425760171     
   3.52712125471966       -14.2772433562574     
   3.57712125471966       -14.2651652151219     
   3.62712125471966       -14.2614915238195     
   3.67712125471966       -14.2880937592854     
   3.72712125471966       -14.2704906509921     
   3.77712125471966       -14.2895327630206     
   3.82712125471966       -14.2757406848900     
   3.87712125471966       -14.2707211323642     
   3.92712125471966       -14.2729975957292     
   3.97712125471966       -14.2837450207931     
   4.02712125471966       -14.2661302871329     
   4.07712125471966       -14.2582790723352     
   4.12712125471966       -14.2840511156920     
   4.17712125471966       -14.2701682423836     
   4.22712125471966       -14.2507290504355     
   4.27712125471966       -14.2486471339822     
   4.32712125471966       -14.2873110644377     
   4.37712125471966       -14.2246439128070     
   4.42712125471966       -14.2739324763651     
   4.47712125471966       -14.2443102255141     
   4.52712125471966       -14.2466455336602     
   4.57712125471966       -14.2446257528426     
   4.62712125471966       -14.2518748873042     
   4.67712125471966       -14.2800269241031     
   4.72712125471966       -14.2176701525730     
   4.77712125471966       -14.1801552412948     
   4.82712125471966       -14.1950594819642     
   4.87712125471966       -14.2153922078518     
   4.92712125471966       -14.1928964160103     
   4.97712125471966       -14.1861912375023     
   5.02712125471966       -14.2383064657876     
   5.07712125471966       -14.1848356029135     
   5.12712125471966       -14.1951760625417     
   5.17712125471966       -14.2171960460622     
   5.22712125471966       -14.1728724044522     
   5.27712125471966       -14.1438032581416     
   5.32712125471966       -14.2311495452883     
   5.37712125471966       -14.1393249844776     
   5.42712125471966       -14.1324401146884     
   5.47712125471966       -14.1517710321373     
   5.52712125471966       -14.1272798615567     
   5.57712125471966       -14.1051495592607     
   5.62712125471966       -14.0780652911025     
   5.67712125471966       -14.0841342286061     
   5.72712125471966       -14.0373483725678     
   5.77712125471966       -14.0416347974943     
   5.82712125471966       -14.0315870571401     
   5.87712125471966       -14.0015725835060     
   5.92712125471966       -14.0156095535692     
   5.97712125471966       -14.0882455993070     
 zone T = "ep =   1.584893192461113E-002 ",
   2.47712125471966       -10.7631323019937     
   2.52712125471966       -10.9300133763887     
   2.57712125471966       -11.1101115013529     
   2.62712125471966       -11.3234365084502     
   2.67712125471966       -11.5102091814854     
   2.72712125471966       -11.7024349845863     
   2.77712125471966       -11.9138476844480     
   2.82712125471966       -12.0993897200265     
   2.87712125471966       -12.3089800340898     
   2.92712125471966       -12.5047590978774     
   2.97712125471966       -12.6939413866995     
   3.02712125471966       -12.8941492287778     
   3.07712125471966       -13.0931211345142     
   3.12712125471966       -13.2846140487040     
   3.17712125471966       -13.4799799879578     
   3.22712125471966       -13.6534064260363     
   3.27712125471966       -13.8075041358271     
   3.32712125471966       -13.9152690524268     
   3.37712125471966       -13.9947094514304     
   3.42712125471966       -14.0326299791442     
   3.47712125471966       -14.0542634447585     
   3.52712125471966       -14.0626826289029     
   3.57712125471966       -14.0710013976297     
   3.62712125471966       -14.0780979464674     
   3.67712125471966       -14.0840712454838     
   3.72712125471966       -14.0703828826994     
   3.77712125471966       -14.0731948256977     
   3.82712125471966       -14.0613802988768     
   3.87712125471966       -14.0697426211602     
   3.92712125471966       -14.0556564169255     
   3.97712125471966       -14.0913361553356     
   4.02712125471966       -14.0763293618603     
   4.07712125471966       -14.0797445551085     
   4.12712125471966       -14.0758775202095     
   4.17712125471966       -14.0584804075402     
   4.22712125471966       -14.0831404047141     
   4.27712125471966       -14.0609312223941     
   4.32712125471966       -14.0635228905294     
   4.37712125471966       -14.0779490898239     
   4.42712125471966       -14.0823687082049     
   4.47712125471966       -14.1202263156413     
   4.52712125471966       -14.0595830576794     
   4.57712125471966       -14.0475919425996     
   4.62712125471966       -14.0592501359823     
   4.67712125471966       -14.0887189186025     
   4.72712125471966       -14.0515522738613     
   4.77712125471966       -14.0259814921923     
   4.82712125471966       -14.0760849181327     
   4.87712125471966       -14.0350482249999     
   4.92712125471966       -14.0039521568950     
   4.97712125471966       -14.0529564592318     
   5.02712125471966       -14.0837229038895     
   5.07712125471966       -14.1029770050842     
   5.12712125471966       -14.0416425279675     
   5.17712125471966       -14.0063649779523     
   5.22712125471966       -14.0496319229984     
   5.27712125471966       -14.0359396009187     
   5.32712125471966       -14.0235112642293     
   5.37712125471966       -13.9806152384096     
   5.42712125471966       -13.9485758858682     
   5.47712125471966       -13.9649799565294     
   5.52712125471966       -13.9900777855407     
   5.57712125471966       -14.0752840158359     
   5.62712125471966       -14.0360647354281     
   5.67712125471966       -13.9387902414401     
   5.72712125471966       -13.9047317844861     
   5.77712125471966       -13.9347030683217     
   5.82712125471966       -13.7965968119032     
   5.87712125471966       -13.8349139252474     
   5.92712125471966       -13.8449790452712     
   5.97712125471966       -13.9524613352849     
 zone T = "ep =   1.258925411794167E-002 ",
   2.47712125471966       -10.6965533584870     
   2.52712125471966       -10.8523806808136     
   2.57712125471966       -11.0275742823401     
   2.62712125471966       -11.2384260181261     
   2.67712125471966       -11.4223764982783     
   2.72712125471966       -11.6112062800308     
   2.77712125471966       -11.8227073235745     
   2.82712125471966       -12.0041355176930     
   2.87712125471966       -12.2154071563812     
   2.92712125471966       -12.4113311934147     
   2.97712125471966       -12.6007197212792     
   3.02712125471966       -12.8049487831060     
   3.07712125471966       -13.0108702443608     
   3.12712125471966       -13.2136236426790     
   3.17712125471966       -13.4333935622804     
   3.22712125471966       -13.6400640890208     
   3.27712125471966       -13.8466052258734     
   3.32712125471966       -14.0311386542411     
   3.37712125471966       -14.1707205759430     
   3.42712125471966       -14.2280665278484     
   3.47712125471966       -14.2442068525148     
   3.52712125471966       -14.2321415272034     
   3.57712125471966       -14.2210656551763     
   3.62712125471966       -14.2206094955128     
   3.67712125471966       -14.1988616880419     
   3.72712125471966       -14.2077540271930     
   3.77712125471966       -14.1950261113842     
   3.82712125471966       -14.1874284513053     
   3.87712125471966       -14.1988287728936     
   3.92712125471966       -14.1845971917761     
   3.97712125471966       -14.1840132856154     
   4.02712125471966       -14.1907114004370     
   4.07712125471966       -14.1797864359929     
   4.12712125471966       -14.2021988191847     
   4.17712125471966       -14.1772288113799     
   4.22712125471966       -14.1912016199273     
   4.27712125471966       -14.1718664864754     
   4.32712125471966       -14.1998296781248     
   4.37712125471966       -14.1890439943664     
   4.42712125471966       -14.2088027834805     
   4.47712125471966       -14.1951873644274     
   4.52712125471966       -14.1579904509645     
   4.57712125471966       -14.1880410122232     
   4.62712125471966       -14.1748230084894     
   4.67712125471966       -14.1876794220918     
   4.72712125471966       -14.1605003281961     
   4.77712125471966       -14.1921159871693     
   4.82712125471966       -14.1429400834134     
   4.87712125471966       -14.1225824069561     
   4.92712125471966       -14.1247831796368     
   4.97712125471966       -14.1698488645086     
   5.02712125471966       -14.2235358965467     
   5.07712125471966       -14.2626596557932     
   5.12712125471966       -14.1522675296508     
   5.17712125471966       -14.2280596652656     
   5.22712125471966       -14.1047235620426     
   5.27712125471966       -14.1489248124287     
   5.32712125471966       -14.0916530879258     
   5.37712125471966       -14.1625847988597     
   5.42712125471966       -14.0989241202166     
   5.47712125471966       -14.1563775658776     
   5.52712125471966       -14.0444006374293     
   5.57712125471966       -14.1722229963308     
   5.62712125471966       -14.1181913625006     
   5.67712125471966       -14.0842080268827     
   5.72712125471966       -13.9720922391733     
   5.77712125471966       -14.0511970167128     
   5.82712125471966       -13.9150747943096     
   5.87712125471966       -14.0555937406838     
   5.92712125471966       -13.9699815860329     
   5.97712125471966       -14.0746785619042     
 zone T = "ep =   1.000000000000000E-002 ",
   2.47712125471966       -10.6447362084900     
   2.52712125471966       -10.7862357419754     
   2.57712125471966       -10.9552883551994     
   2.62712125471966       -11.1613172432109     
   2.67712125471966       -11.3414228894646     
   2.72712125471966       -11.5250539396354     
   2.77712125471966       -11.7348908275108     
   2.82712125471966       -11.9097650668664     
   2.87712125471966       -12.1205785391720     
   2.92712125471966       -12.3135346965661     
   2.97712125471966       -12.4993377565426     
   3.02712125471966       -12.7010475561747     
   3.07712125471966       -12.9050122623228     
   3.12712125471966       -13.1037371947356     
   3.17712125471966       -13.3211256085673     
   3.22712125471966       -13.5182123973246     
   3.27712125471966       -13.7262925393544     
   3.32712125471966       -13.9117251808006     
   3.37712125471966       -14.0703237532067     
   3.42712125471966       -14.1874983567052     
   3.47712125471966       -14.2374020131324     
   3.52712125471966       -14.2645226634789     
   3.57712125471966       -14.2619657653800     
   3.62712125471966       -14.2661466692338     
   3.67712125471966       -14.2699144284288     
   3.72712125471966       -14.2469921777579     
   3.77712125471966       -14.2463218346176     
   3.82712125471966       -14.2561711244815     
   3.87712125471966       -14.2345942506628     
   3.92712125471966       -14.2459097226518     
   3.97712125471966       -14.2366461221883     
   4.02712125471966       -14.2729509068006     
   4.07712125471966       -14.2548631061078     
   4.12712125471966       -14.2383550429312     
   4.17712125471966       -14.2133824361783     
   4.22712125471966       -14.2902733680185     
   4.27712125471966       -14.2623885592640     
   4.32712125471966       -14.2152811614741     
   4.37712125471966       -14.2611529561292     
   4.42712125471966       -14.1900596584842     
   4.47712125471966       -14.2320310253442     
   4.52712125471966       -14.2043102035606     
   4.57712125471966       -14.1936771089496     
   4.62712125471966       -14.2353247760783     
   4.67712125471966       -14.2470659077053     
   4.72712125471966       -14.1939548215635     
   4.77712125471966       -14.2704100039512     
   4.82712125471966       -14.1767245061670     
   4.87712125471966       -14.1424426779529     
   4.92712125471966       -14.1829671662229     
   4.97712125471966       -14.2538894998002     
   5.02712125471966       -14.2524846979835     
   5.07712125471966       -14.1854251654902     
   5.12712125471966       -14.2549638869685     
   5.17712125471966       -14.1211648532116     
   5.22712125471966       -14.2786946353806     
   5.27712125471966       -14.1678027135825     
   5.32712125471966       -14.1610240111625     
   5.37712125471966       -14.1185783832200     
   5.42712125471966       -14.1276399687396     
   5.47712125471966       -14.1259579882796     
   5.52712125471966       -14.1623521586325     
   5.57712125471966       -14.1302257097946     
   5.62712125471966       -13.9653682583763     
   5.67712125471966       -14.0910782132387     
   5.72712125471966       -14.0777183690912     
   5.77712125471966       -14.0617612422318     
   5.82712125471966       -13.9957775345393     
   5.87712125471966       -13.9577223830863     
   5.92712125471966       -13.9017525978259     
   5.97712125471966       -13.9836520612667     
 zone T = "ep =   7.943282347242814E-003 ",
   2.47712125471966       -10.6125919248037     
   2.52712125471966       -10.7361565629140     
   2.57712125471966       -10.8979620718843     
   2.62712125471966       -11.0965494659746     
   2.67712125471966       -11.2719089585551     
   2.72712125471966       -11.4485074505169     
   2.77712125471966       -11.6552766020315     
   2.82712125471966       -11.8215480890417     
   2.87712125471966       -12.0309653398973     
   2.92712125471966       -12.2201570869211     
   2.97712125471966       -12.4019792806744     
   3.02712125471966       -12.6011930305362     
   3.07712125471966       -12.8033674716343     
   3.12712125471966       -12.9976373587335     
   3.17712125471966       -13.2131438154485     
   3.22712125471966       -13.4072513162565     
   3.27712125471966       -13.6110626105010     
   3.32712125471966       -13.7922096415920     
   3.37712125471966       -13.9744218416281     
   3.42712125471966       -14.1265777473653     
   3.47712125471966       -14.2301020216329     
   3.52712125471966       -14.2849665602716     
   3.57712125471966       -14.2980353126206     
   3.62712125471966       -14.3291663864565     
   3.67712125471966       -14.3357707822649     
   3.72712125471966       -14.3391927380532     
   3.77712125471966       -14.3503355012468     
   3.82712125471966       -14.3459830240504     
   3.87712125471966       -14.3104494338081     
   3.92712125471966       -14.2888895675068     
   3.97712125471966       -14.3263558664640     
   4.02712125471966       -14.3150228705381     
   4.07712125471966       -14.2842167103774     
   4.12712125471966       -14.3304201495005     
   4.17712125471966       -14.3024227798555     
   4.22712125471966       -14.3125044145400     
   4.27712125471966       -14.3271392654920     
   4.32712125471966       -14.3262665953674     
   4.37712125471966       -14.2907443126841     
   4.42712125471966       -14.2941544880673     
   4.47712125471966       -14.3180773723355     
   4.52712125471966       -14.2625650487923     
   4.57712125471966       -14.3141254967168     
   4.62712125471966       -14.2639669779835     
   4.67712125471966       -14.3640220665453     
   4.72712125471966       -14.3263243650312     
   4.77712125471966       -14.3204489096392     
   4.82712125471966       -14.2581767414140     
   4.87712125471966       -14.2339681058463     
   4.92712125471966       -14.2737350585990     
   4.97712125471966       -14.2670041658743     
   5.02712125471966       -14.2419927549118     
   5.07712125471966       -14.1782979590246     
   5.12712125471966       -14.2750534986746     
   5.17712125471966       -14.2293701867835     
   5.22712125471966       -14.2266833463769     
   5.27712125471966       -14.3443845279204     
   5.32712125471966       -14.1800914937915     
   5.37712125471966       -14.2108037874097     
   5.42712125471966       -14.0920479409551     
   5.47712125471966       -14.1531276068447     
   5.52712125471966       -14.0834294630806     
   5.57712125471966       -14.1055116214229     
   5.62712125471966       -14.0805502926977     
   5.67712125471966       -14.1550838689668     
   5.72712125471966       -14.0046491813335     
   5.77712125471966       -13.9973115948014     
   5.82712125471966       -14.0124964260765     
   5.87712125471966       -13.9703167403502     
   5.92712125471966       -14.0844809227742     
   5.97712125471966       -14.0757076549403     
 zone T = "ep =   6.309573444801929E-003 ",
   2.47712125471966       -10.6036983572503     
   2.52712125471966       -10.7056843704565     
   2.57712125471966       -10.8595665045523     
   2.62712125471966       -11.0479772344921     
   2.67712125471966       -11.2178793047959     
   2.72712125471966       -11.3854167387873     
   2.77712125471966       -11.5873147160595     
   2.82712125471966       -11.7425724613041     
   2.87712125471966       -11.9492279149697     
   2.92712125471966       -12.1336349084088     
   2.97712125471966       -12.3114340124261     
   3.02712125471966       -12.5072714528555     
   3.07712125471966       -12.7095649893454     
   3.12712125471966       -12.9015110423918     
   3.17712125471966       -13.1171619328301     
   3.22712125471966       -13.3112625156964     
   3.27712125471966       -13.5168743931373     
   3.32712125471966       -13.7031402740188     
   3.37712125471966       -13.9021649074298     
   3.42712125471966       -14.0857509217868     
   3.47712125471966       -14.2439697386220     
   3.52712125471966       -14.3503512462521     
   3.57712125471966       -14.3699730445405     
   3.62712125471966       -14.3917957720347     
   3.67712125471966       -14.3913655172367     
   3.72712125471966       -14.4090339469591     
   3.77712125471966       -14.3929715242675     
   3.82712125471966       -14.3618585350760     
   3.87712125471966       -14.3926550211393     
   3.92712125471966       -14.3928962214318     
   3.97712125471966       -14.3899084912199     
   4.02712125471966       -14.4192541274794     
   4.07712125471966       -14.3988141256869     
   4.12712125471966       -14.3649642745766     
   4.17712125471966       -14.3834316619300     
   4.22712125471966       -14.3548878965169     
   4.27712125471966       -14.3698742550938     
   4.32712125471966       -14.4015301933522     
   4.37712125471966       -14.3465697365099     
   4.42712125471966       -14.3699402798835     
   4.47712125471966       -14.3386126688004     
   4.52712125471966       -14.3446205658833     
   4.57712125471966       -14.3902141000334     
   4.62712125471966       -14.3910499845667     
   4.67712125471966       -14.3794784502634     
   4.72712125471966       -14.3500638173736     
   4.77712125471966       -14.3612528364411     
   4.82712125471966       -14.3692114616678     
   4.87712125471966       -14.3030398554579     
   4.92712125471966       -14.2865914335659     
   4.97712125471966       -14.2338686302497     
   5.02712125471966       -14.2515746316471     
   5.07712125471966       -14.2473355054424     
   5.12712125471966       -14.2689443208951     
   5.17712125471966       -14.2843715860083     
   5.22712125471966       -14.1701837593574     
   5.27712125471966       -14.2510710078683     
   5.32712125471966       -14.2984812512072     
   5.37712125471966       -14.2295157548471     
   5.42712125471966       -14.1982116242182     
   5.47712125471966       -14.2147250934959     
   5.52712125471966       -14.1885653340506     
   5.57712125471966       -14.2199405777995     
   5.62712125471966       -14.0701667024713     
   5.67712125471966       -14.0670887858340     
   5.72712125471966       -14.0587274543110     
   5.77712125471966       -14.1644909235844     
   5.82712125471966       -14.0490760205506     
   5.87712125471966       -13.9547411474262     
   5.92712125471966       -13.9440429500179     
   5.97712125471966       -14.0926418844209     
 zone T = "ep =   5.011872336272725E-003 ",
   2.47712125471966       -10.6202379129497     
   2.52712125471966       -10.6971744373370     
   2.57712125471966       -10.8432190393835     
   2.62712125471966       -11.0189287393471     
   2.67712125471966       -11.1831975787293     
   2.72712125471966       -11.3395929582000     
   2.77712125471966       -11.5347922305732     
   2.82712125471966       -11.6760470185193     
   2.87712125471966       -11.8780147161035     
   2.92712125471966       -12.0556055736805     
   2.97712125471966       -12.2283165804844     
   3.02712125471966       -12.4192612022082     
   3.07712125471966       -12.6195787792343     
   3.12712125471966       -12.8073339618627     
   3.17712125471966       -13.0213870579217     
   3.22712125471966       -13.2123719303198     
   3.27712125471966       -13.4182913515948     
   3.32712125471966       -13.6047130350911     
   3.37712125471966       -13.7980997519338     
   3.42712125471966       -13.9826719668509     
   3.47712125471966       -14.1413919154688     
   3.52712125471966       -14.2403847257159     
   3.57712125471966       -14.3145140814758     
   3.62712125471966       -14.3589991064148     
   3.67712125471966       -14.3567853064983     
   3.72712125471966       -14.3609903028522     
   3.77712125471966       -14.3387116592246     
   3.82712125471966       -14.3463248544817     
   3.87712125471966       -14.3818986658347     
   3.92712125471966       -14.3552488594723     
   3.97712125471966       -14.3578741909857     
   4.02712125471966       -14.3531062805295     
   4.07712125471966       -14.3288685731704     
   4.12712125471966       -14.3687779574148     
   4.17712125471966       -14.3438581991285     
   4.22712125471966       -14.3476353744086     
   4.27712125471966       -14.3786409958834     
   4.32712125471966       -14.3240076085240     
   4.37712125471966       -14.3198241436624     
   4.42712125471966       -14.2871289716210     
   4.47712125471966       -14.3796820337332     
   4.52712125471966       -14.3496495840798     
   4.57712125471966       -14.3497422224526     
   4.62712125471966       -14.2636213764204     
   4.67712125471966       -14.2687384355503     
   4.72712125471966       -14.3239174386248     
   4.77712125471966       -14.3144255274179     
   4.82712125471966       -14.3871776101235     
   4.87712125471966       -14.2627525378998     
   4.92712125471966       -14.2613914879244     
   4.97712125471966       -14.2911607106735     
   5.02712125471966       -14.2946546607968     
   5.07712125471966       -14.2946221743934     
   5.12712125471966       -14.1883018904367     
   5.17712125471966       -14.2156861628618     
   5.22712125471966       -14.2817807644174     
   5.27712125471966       -14.1930260824177     
