 zone T = "ep =    1.0000000000000000      ",
   1.0000000000000000       0.77972138874528840     
   1.0500000000000000        1.2839872573115734     
   1.1000000000000001        3.1540992335604403     
   1.1499999999999999       0.93248616600944556     
   1.2000000000000000       0.31171121418753273     
   1.2500000000000000      -0.17485188931336018     
   1.3000000000000000      -0.23519267183028003     
   1.3499999999999999      -0.10953848515571299     
   1.3999999999999999      -0.68904222306957164     
   1.4500000000000000      -0.40362724048635940     
   1.5000000000000000      -0.56365832689185780     
   1.5500000000000000      -0.89973677424501042     
   1.6000000000000001      -0.81678013961180829     
   1.6499999999999999      -0.89838773926283699     
   1.7000000000000000       -1.2698413349996345     
   1.7500000000000000       -1.1992959410964481     
   1.8000000000000000       -1.4807708688891839     
   1.8499999999999999       -1.5591796826363045     
   1.9000000000000001       -1.7134717448825683     
   1.9500000000000000       -1.9292800189455264     
   2.0000000000000000       -2.0775639024711610     
   2.0499999999999998       -2.2094946433735427     
   2.1000000000000001       -2.3647826283107918     
   2.1499999999999999       -2.5001733592840263     
   2.2000000000000002       -2.6418547533272170     
   2.2500000000000000       -2.8068727134211908     
   2.2999999999999998       -2.9501563436993932     
   2.3500000000000001       -3.1009331151695143     
   2.3999999999999999       -3.2542095585625872     
   2.4500000000000002       -3.4045423947775411     
   2.5000000000000000       -3.5572682662391828     
   2.5499999999999998       -3.7070534748703348     
   2.6000000000000001       -3.8560040325222746     
   2.6499999999999999       -4.0065205222368068     
   2.7000000000000002       -4.1568328893589266     
   2.7500000000000000       -4.3069380495938079     
   2.7999999999999998       -4.4573890669927598     
   2.8500000000000001       -4.6072289467006700     
   2.8999999999999999       -4.7572696797295171     
   2.9500000000000002       -4.9072067149623759     
   3.0000000000000000       -5.0570275790863128     
   3.0499999999999998       -5.2070210622585913     
   3.1000000000000001       -5.3569673340452129     
   3.1499999999999999       -5.5068823958322204     
   3.2000000000000002       -5.6568001454346692     
   3.2500000000000000       -5.8067681712088151     
   3.2999999999999998       -5.9566822040656255     
   3.3500000000000001       -6.1066200885916473     
   3.3999999999999999       -6.2565552533367708     
   3.4500000000000002       -6.4065223681286225     
   3.5000000000000000       -6.5564497361866048     
   3.5499999999999998       -6.7064041394691953     
   3.6000000000000001       -6.8563638285933521     
   3.6499999999999999       -7.0063208034488254     
   3.7000000000000002       -7.1562805112571315     
   3.7500000000000000       -7.3062493071465600     
   3.7999999999999998       -7.4562165283649655     
   3.8500000000000001       -7.6061901765845024     
   3.8999999999999999       -7.7561683214777961     
   3.9500000000000002       -7.9061442833952649     
   4.0000000000000000       -8.0561207611384944     
   4.0499999999999998       -8.2061045867606648     
   4.0999999999999996       -8.3560896096742656     
   4.1500000000000004       -8.5060739816537101     
   4.2000000000000002       -8.6560633366576969     
   4.2500000000000000       -8.8060522816566351     
   4.2999999999999998       -8.9560420561344483     
   4.3499999999999996       -9.1060334382813437     
   4.4000000000000004       -9.2560258791685186     
   4.4500000000000002       -9.4060198528046683     
   4.5000000000000000       -9.5560152103673488     
 zone T = "ep =   0.79432823472428149      ",
   1.0000000000000000        3.0366373129164472     
   1.0500000000000000        4.3305852818837813     
   1.1000000000000001        3.3970832837555283     
   1.1499999999999999       0.51859571193663001     
   1.2000000000000000        3.3986842794271306     
   1.2500000000000000       0.19680266392694853     
   1.3000000000000000       0.17935601543815222     
   1.3499999999999999      -0.12237307538248304     
   1.3999999999999999      -0.21080062210727576     
   1.4500000000000000      -0.61367499946553195     
   1.5000000000000000      -0.44776624948615601     
   1.5500000000000000      -0.58501041874158299     
   1.6000000000000001       -1.2331704674526143     
   1.6499999999999999      -0.82172093949007263     
   1.7000000000000000      -0.99262305436683984     
   1.7500000000000000       -1.1810533370962253     
   1.8000000000000000       -1.2785558036435443     
   1.8499999999999999       -1.4655855713691897     
   1.9000000000000001       -1.6329606816878914     
   1.9500000000000000       -1.7533383251997681     
   2.0000000000000000       -1.9279351477066362     
   2.0499999999999998       -2.0955068601680988     
   2.1000000000000001       -2.2442461667482929     
   2.1499999999999999       -2.3863391650668859     
   2.2000000000000002       -2.5327090705375852     
   2.2500000000000000       -2.6984817404602546     
   2.2999999999999998       -2.8377906767293588     
   2.3500000000000001       -2.9899564284948559     
   2.3999999999999999       -3.1402556979387617     
   2.4500000000000002       -3.2906775661447809     
   2.5000000000000000       -3.4408758903625496     
   2.5499999999999998       -3.5906515428657508     
   2.6000000000000001       -3.7398930142495943     
   2.6499999999999999       -3.8894996871958862     
   2.7000000000000002       -4.0386630147254481     
   2.7500000000000000       -4.1882496749664240     
   2.7999999999999998       -4.3373395588559225     
   2.8500000000000001       -4.4868145615321682     
   2.8999999999999999       -4.6361620611131427     
   2.9500000000000002       -4.7856522844846703     
   3.0000000000000000       -4.9350435419273877     
   3.0499999999999998       -5.0846413907300825     
   3.1000000000000001       -5.2342989388888252     
   3.1499999999999999       -5.3838824622150296     
   3.2000000000000002       -5.5335231893337289     
   3.2500000000000000       -5.6833021002651840     
   3.2999999999999998       -5.8329804807827559     
   3.3500000000000001       -5.9827896770758269     
   3.3999999999999999       -6.1325657593454110     
   3.4500000000000002       -6.2823864082344878     
   3.5000000000000000       -6.4322190962912895     
   3.5499999999999998       -6.5820743325904312     
   3.6000000000000001       -6.7319386353233961     
   3.6499999999999999       -6.8818241118457317     
   3.7000000000000002       -7.0317209965926164     
   3.7500000000000000       -7.1816319062151051     
   3.7999999999999998       -7.3315392300199163     
   3.8500000000000001       -7.4814667299798634     
   3.8999999999999999       -7.6314054541043168     
   3.9500000000000002       -7.7813461156969739     
   4.0000000000000000       -7.9312869411393097     
   4.0499999999999998       -8.0812412056893752     
   4.0999999999999996       -8.2312039693681278     
   4.1500000000000004       -8.3811639009326235     
   4.2000000000000002       -8.5311343537029050     
   4.2500000000000000       -8.6811057516820629     
   4.2999999999999998       -8.8310797114677193     
   4.3499999999999996       -8.9810564739050971     
   4.4000000000000004       -9.1310365134978131     
   4.4500000000000002       -9.2810190526812679     
   4.5000000000000000       -9.4310040499885481     
 zone T = "ep =   0.63095734448019325      ",
   1.0000000000000000       0.79172068365304615     
   1.0500000000000000        1.5166626638382670     
   1.1000000000000001       0.95219506852229718     
   1.1499999999999999       0.29899473823781408     
   1.2000000000000000       0.98615013173779487     
   1.2500000000000000       0.21360127625774769     
   1.3000000000000000      -3.90021997912017443E-002
   1.3499999999999999       0.36411777536294621     
   1.3999999999999999      -0.15190530270864311     
   1.4500000000000000      -0.42071251673866261     
   1.5000000000000000      -0.49817552989040442     
   1.5500000000000000      -0.52523895241388163     
   1.6000000000000001      -0.65448745400186703     
   1.6499999999999999       -1.0969252322854468     
   1.7000000000000000      -0.87984418894472061     
   1.7500000000000000       -1.1738000060271734     
   1.8000000000000000       -1.1778810745408277     
   1.8499999999999999       -1.4293661821959451     
   1.9000000000000001       -1.5164790601945015     
   1.9500000000000000       -1.6984049525825178     
   2.0000000000000000       -1.8334987415745598     
   2.0499999999999998       -1.9720868970142651     
   2.1000000000000001       -2.1263977854962079     
   2.1499999999999999       -2.2796356861488452     
   2.2000000000000002       -2.4284466634367932     
   2.2500000000000000       -2.5934032800139630     
   2.2999999999999998       -2.7342338513736202     
   2.3500000000000001       -2.8858515731973520     
   2.3999999999999999       -3.0344639619631768     
   2.4500000000000002       -3.1825773072061767     
   2.5000000000000000       -3.3301952176793717     
   2.5499999999999998       -3.4779084969173240     
   2.6000000000000001       -3.6262893992028911     
   2.6499999999999999       -3.7749385378426341     
   2.7000000000000002       -3.9233069523421569     
   2.7500000000000000       -4.0725549279180928     
   2.7999999999999998       -4.2211403584986069     
   2.8500000000000001       -4.3703591635994083     
   2.8999999999999999       -4.5194299993325471     
   2.9500000000000002       -4.6688758447341776     
   3.0000000000000000       -4.8179595116566736     
   3.0499999999999998       -4.9675326172259826     
   3.1000000000000001       -5.1170416434572434     
   3.1499999999999999       -5.2665568534410321     
   3.2000000000000002       -5.4161276216416443     
   3.2500000000000000       -5.5658542709222019     
   3.2999999999999998       -5.7154801243150759     
   3.3500000000000001       -5.8652507638566327     
   3.3999999999999999       -6.0150087557539127     
   3.4500000000000002       -6.1648162588813866     
   3.5000000000000000       -6.3146115932960685     
   3.5499999999999998       -6.4644431282455992     
   3.6000000000000001       -6.6142780127647836     
   3.6499999999999999       -6.7641530893208719     
   3.7000000000000002       -6.9140409530025346     
   3.7500000000000000       -7.0639339479863272     
   3.7999999999999998       -7.2138324886169691     
   3.8500000000000001       -7.3637489836803125     
   3.8999999999999999       -7.5136760606075068     
   3.9500000000000002       -7.6636084922323082     
   4.0000000000000000       -7.8135400543236173     
   4.0499999999999998       -7.9634889340155279     
   4.0999999999999996       -8.1134475468434335     
   4.1500000000000004       -8.2634027846970994     
   4.2000000000000002       -8.4133697482929399     
   4.2500000000000000       -8.5633369061935518     
   4.2999999999999998       -8.7133072640902629     
   4.3499999999999996       -8.8632808970214398     
   4.4000000000000004       -9.0132580156006483     
   4.4500000000000002       -9.1632377527169950     
   4.5000000000000000       -9.3132205303124760     
 zone T = "ep =   0.50118723362727235      ",
   1.0000000000000000       0.57393230163796738     
   1.0500000000000000      -0.22268101926670661     
   1.1000000000000001        1.0968534935801593     
   1.1499999999999999        3.0214081034927784     
   1.2000000000000000        1.9955365670602552     
   1.2500000000000000        1.6662165380536653     
   1.3000000000000000       0.20293716712992166     
   1.3499999999999999      -0.41954583444898808     
   1.3999999999999999      -8.68638155116146782E-002
   1.4500000000000000      -0.20276934715934133     
   1.5000000000000000      -0.53482380918140637     
   1.5500000000000000      -0.46703097142722616     
   1.6000000000000001      -0.63490832896861837     
   1.6499999999999999      -0.80915080972496911     
   1.7000000000000000      -0.92161346082275497     
   1.7500000000000000      -0.98521627696469505     
   1.8000000000000000       -1.4357458191568577     
   1.8499999999999999       -1.2491621121834036     
   1.9000000000000001       -1.5609417550101128     
   1.9500000000000000       -1.5641848543522749     
   2.0000000000000000       -1.7240124692198022     
   2.0499999999999998       -1.8992384319879199     
   2.1000000000000001       -2.0450766688707125     
   2.1499999999999999       -2.1920053351777553     
   2.2000000000000002       -2.3428533590458285     
   2.2500000000000000       -2.4876210001455377     
   2.2999999999999998       -2.6384223755074565     
   2.3500000000000001       -2.7827908530024472     
   2.3999999999999999       -2.9324929631739911     
   2.4500000000000002       -3.0793011237345236     
   2.5000000000000000       -3.2255157462777646     
   2.5499999999999998       -3.3729265254848548     
   2.6000000000000001       -3.5210532672596524     
   2.6499999999999999       -3.6694428976396929     
   2.7000000000000002       -3.8185167952641854     
   2.7500000000000000       -3.9673993114580433     
   2.7999999999999998       -4.1156135720644409     
   2.8500000000000001       -4.2647617222658143     
   2.8999999999999999       -4.4141552947818159     
   2.9500000000000002       -4.5631287833477421     
   3.0000000000000000       -4.7124119577596808     
   3.0499999999999998       -4.8619412178896759     
   3.1000000000000001       -5.0114728859821858     
   3.1499999999999999       -5.1610319289932027     
   3.2000000000000002       -5.3105201768587920     
   3.2500000000000000       -5.4603218508321634     
   3.2999999999999998       -5.6099444202915736     
   3.3500000000000001       -5.7596496683837097     
   3.3999999999999999       -5.9093599336212232     
   3.4500000000000002       -6.0591488661935911     
   3.5000000000000000       -6.2089530834043751     
   3.5499999999999998       -6.3587813971378200     
   3.6000000000000001       -6.5086119862905258     
   3.6499999999999999       -6.6584726318649921     
   3.7000000000000002       -6.8083493520293459     
   3.7500000000000000       -6.9582430100932671     
   3.7999999999999998       -7.1081390992377358     
   3.8500000000000001       -7.2580515224866531     
   3.8999999999999999       -7.4079805972409689     
   3.9500000000000002       -7.5579081635667889     
   4.0000000000000000       -7.7078362944072918     
   4.0499999999999998       -7.8577821070023406     
   4.0999999999999996       -8.0077406237390445     
   4.1500000000000004       -8.1576923979086668     
   4.2000000000000002       -8.3076585767314679     
   4.2500000000000000       -8.4576260922021920     
   4.2999999999999998       -8.6075942253266700     
   4.3499999999999996       -8.7575662837344819     
   4.4000000000000004       -8.9075425605897447     
   4.4500000000000002       -9.0575210979506231     
   4.5000000000000000       -9.2075028420693723     
 zone T = "ep =   0.39810717055349726      ",
   1.0000000000000000        4.7353713698970665     
   1.0500000000000000       0.99013987723956598     
   1.1000000000000001       0.54179455466886040     
   1.1499999999999999        1.3416213781459505     
   1.2000000000000000      -1.06816039016266236E-002
   1.2500000000000000       0.41529171199694737     
   1.3000000000000000       0.25750552440128760     
   1.3499999999999999       9.99099703659432348E-002
   1.3999999999999999       0.16132328541127516     
   1.4500000000000000      -0.11663223377955918     
   1.5000000000000000      -0.32090500685854451     
   1.5500000000000000      -0.59700183263187379     
   1.6000000000000001      -0.50364951607174291     
   1.6499999999999999      -0.72924090096198346     
   1.7000000000000000       -1.0621111645520629     
   1.7500000000000000      -0.88478697566401387     
   1.8000000000000000       -1.0575524307190218     
   1.8499999999999999       -1.2824443267779733     
   1.9000000000000001       -1.3308007591853477     
   1.9500000000000000       -1.5043377500630375     
   2.0000000000000000       -1.6910648849615801     
   2.0499999999999998       -1.7961570021250590     
   2.1000000000000001       -1.9476681742115169     
   2.1499999999999999       -2.1008120945560864     
   2.2000000000000002       -2.2499393833487362     
   2.2500000000000000       -2.3987459620149703     
   2.2999999999999998       -2.5481933605401963     
   2.3500000000000001       -2.6943300849636196     
   2.3999999999999999       -2.8402557805619106     
   2.4500000000000002       -2.9862672330407576     
   2.5000000000000000       -3.1336442537805844     
   2.5499999999999998       -3.2826278076505009     
   2.6000000000000001       -3.4293357477071202     
   2.6499999999999999       -3.5776140379190506     
   2.7000000000000002       -3.7261972268764452     
   2.7500000000000000       -3.8749341542834670     
   2.7999999999999998       -4.0235775391665749     
   2.8500000000000001       -4.1733676208237833     
   2.8999999999999999       -4.3219155000685472     
   2.9500000000000002       -4.4714216283080859     
   3.0000000000000000       -4.6201983702567873     
   3.0499999999999998       -4.7698947116201778     
   3.1000000000000001       -4.9193304838404224     
   3.1499999999999999       -5.0686894203559625     
   3.2000000000000002       -5.2181992214587058     
   3.2500000000000000       -5.3679008181841237     
   3.2999999999999998       -5.5175117863724417     
   3.3500000000000001       -5.6672831269706387     
   3.3999999999999999       -5.8169797533895649     
   3.4500000000000002       -5.9667382680436143     
   3.5000000000000000       -6.1165358224900288     
   3.5499999999999998       -6.2663440368226011     
   3.6000000000000001       -6.4161670641548660     
   3.6499999999999999       -6.5660264960581660     
   3.7000000000000002       -6.7159063890232993     
   3.7500000000000000       -6.8657959393803702     
   3.7999999999999998       -7.0156888470246201     
   3.8500000000000001       -7.1655906753418215     
   3.8999999999999999       -7.3155199269311897     
   3.9500000000000002       -7.4654418913374077     
   4.0000000000000000       -7.6153646512243789     
   4.0499999999999998       -7.7653084304334694     
   4.0999999999999996       -7.9152632577218949     
   4.1500000000000004       -8.0652147168706971     
   4.2000000000000002       -8.2151795710590161     
   4.2500000000000000       -8.3651441050907707     
   4.2999999999999998       -8.5151112022392752     
   4.3499999999999996       -8.6650821989797979     
   4.4000000000000004       -8.8150574267249624     
   4.4500000000000002       -8.9650351090785581     
   4.5000000000000000       -9.1150154656022799     
 zone T = "ep =   0.31622776601683794      ",
   1.0000000000000000      -2.93568310549280551E-002
   1.0500000000000000       0.55165069527368926     
   1.1000000000000001        1.9614610004003947     
   1.1499999999999999        2.9731314278030760     
   1.2000000000000000       0.38989200796638107     
   1.2500000000000000       0.85450330547113396     
   1.3000000000000000        2.4159570569983777     
   1.3499999999999999       0.13675170545663273     
   1.3999999999999999      -0.14846864170045082     
   1.4500000000000000       0.21204808055217436     
   1.5000000000000000      -0.22489926864092191     
   1.5500000000000000      -0.49121930313693968     
   1.6000000000000001      -0.59373327869128234     
   1.6499999999999999      -0.60154336842526734     
   1.7000000000000000      -0.79678869576121247     
   1.7500000000000000       -1.1167488716940699     
   1.8000000000000000      -0.94861018062233415     
   1.8499999999999999       -1.2603129738932888     
   1.9000000000000001       -1.2563248855886291     
   1.9500000000000000       -1.4997581276473126     
   2.0000000000000000       -1.5585564457635879     
   2.0499999999999998       -1.7724244610316544     
   2.1000000000000001       -1.9020704431906408     
   2.1499999999999999       -2.0287833530936754     
   2.2000000000000002       -2.1769857548443423     
   2.2500000000000000       -2.3262632697958749     
   2.2999999999999998       -2.4720478642903938     
   2.3500000000000001       -2.6185958937946068     
   2.3999999999999999       -2.7616999588265618     
   2.4500000000000002       -2.9093103249681951     
   2.5000000000000000       -3.0573168113919733     
   2.5499999999999998       -3.2033692489833983     
   2.6000000000000001       -3.3509895165189922     
   2.6499999999999999       -3.4989494295906378     
   2.7000000000000002       -3.6472337971490347     
   2.7500000000000000       -3.7963192395824086     
   2.7999999999999998       -3.9445661493875055     
   2.8500000000000001       -4.0941148818443374     
   2.8999999999999999       -4.2426324085276006     
   2.9500000000000002       -4.3922459776047384     
   3.0000000000000000       -4.5412802609593950     
   3.0499999999999998       -4.6906093035169558     
   3.1000000000000001       -4.8397492415776959     
   3.1499999999999999       -4.9895315917916516     
   3.2000000000000002       -5.1387770645488127     
   3.2500000000000000       -5.2884254034538039     
   3.2999999999999998       -5.4380302812523675     
   3.3500000000000001       -5.5878425679166668     
   3.3999999999999999       -5.7375266004588399     
   3.4500000000000002       -5.8872680426808151     
   3.5000000000000000       -6.0370214604651915     
   3.5499999999999998       -6.1868210950127800     
   3.6000000000000001       -6.3366417397706494     
   3.6499999999999999       -6.4864921640445417     
   3.7000000000000002       -6.6363770375601137     
   3.7500000000000000       -6.7862529239092719     
   3.7999999999999998       -6.9361304918238904     
   3.8500000000000001       -7.0860333144328109     
   3.8999999999999999       -7.2359510878280178     
   3.9500000000000002       -7.3858706493929285     
   4.0000000000000000       -7.5357989269447376     
   4.0499999999999998       -7.6857403355276235     
   4.0999999999999996       -7.8356913672242428     
   4.1500000000000004       -7.9856377968600816     
   4.2000000000000002       -8.1356007949774174     
   4.2500000000000000       -8.2855617794614851     
   4.2999999999999998       -8.4355296616802633     
   4.3499999999999996       -8.5854985336119096     
   4.4000000000000004       -8.7354729771782704     
   4.4500000000000002       -8.8854490668487500     
   4.5000000000000000       -9.0354287734920824     
 zone T = "ep =   0.25118864315095801      ",
   1.0000000000000000       0.37924480506690783     
   1.0500000000000000      -8.31907824548973607E-002
   1.1000000000000001       0.60624229706276400     
   1.1499999999999999       8.21987562303395092E-002
   1.2000000000000000       0.73890967785000261     
   1.2500000000000000       0.90102056129891994     
   1.3000000000000000      -0.64276999582202166     
   1.3499999999999999       0.93540382158354740     
   1.3999999999999999       8.11840726888134884E-002
   1.4500000000000000       3.58707846111701589E-002
   1.5000000000000000      -0.14945747491530742     
   1.5500000000000000      -0.37089364285632698     
   1.6000000000000001      -0.54797935493858019     
   1.6499999999999999      -0.57126021777294356     
   1.7000000000000000      -0.74844282710864718     
   1.7500000000000000      -0.99989098992574954     
   1.8000000000000000       -1.0142256026662098     
   1.8499999999999999       -1.0952145928635943     
   1.9000000000000001       -1.3987167506881151     
   1.9500000000000000       -1.3529543625634395     
   2.0000000000000000       -1.6153302112449461     
   2.0499999999999998       -1.6636638188578030     
   2.1000000000000001       -1.8153746886786368     
   2.1499999999999999       -1.9805501513132315     
   2.2000000000000002       -2.1228683100842805     
   2.2500000000000000       -2.2632170262997904     
   2.2999999999999998       -2.4053783709441419     
   2.3500000000000001       -2.5511619941468657     
   2.3999999999999999       -2.6960461071737303     
   2.4500000000000002       -2.8449276579385652     
   2.5000000000000000       -2.9899499972468933     
   2.5499999999999998       -3.1372109901988967     
   2.6000000000000001       -3.2869423392519579     
   2.6499999999999999       -3.4321292892835777     
   2.7000000000000002       -3.5806310020751777     
   2.7500000000000000       -3.7289383122476050     
   2.7999999999999998       -3.8789353492203333     
   2.8500000000000001       -4.0277116782186200     
   2.8999999999999999       -4.1754828404378630     
   2.9500000000000002       -4.3246045898967651     
   3.0000000000000000       -4.4742440829726311     
   3.0499999999999998       -4.6231886740289356     
   3.1000000000000001       -4.7725744717541305     
   3.1499999999999999       -4.9220568496269053     
   3.2000000000000002       -5.0715981645486172     
   3.2500000000000000       -5.2212071725309004     
   3.2999999999999998       -5.3707845902485927     
   3.3500000000000001       -5.5205941188257706     
   3.3999999999999999       -5.6702416996525535     
   3.4500000000000002       -5.8200347394802669     
   3.5000000000000000       -5.9697293739974651     
   3.5499999999999998       -6.1195191286563011     
   3.6000000000000001       -6.2693777995110418     
   3.6499999999999999       -6.4192029508403516     
   3.7000000000000002       -6.5690451748003911     
   3.7500000000000000       -6.7189207246394780     
   3.7999999999999998       -6.8688054363647000     
   3.8500000000000001       -7.0187135018019582     
   3.8999999999999999       -7.1686161848663748     
   3.9500000000000002       -7.3185381148283470     
   4.0000000000000000       -7.4684659291349558     
   4.0499999999999998       -7.6184046865010373     
   4.0999999999999996       -7.7683522867279642     
   4.1500000000000004       -7.9183016895039415     
   4.2000000000000002       -8.0682603741009711     
   4.2500000000000000       -8.2182221053003293     
   4.2999999999999998       -8.3681877511961282     
   4.3499999999999996       -8.5181582511138831     
   4.4000000000000004       -8.6681310600308770     
   4.4500000000000002       -8.8181064195523007     
   4.5000000000000000       -8.9680855131877291     
 zone T = "ep =   0.19952623149688800      ",
   1.0000000000000000       7.51447983961131966E-002
   1.0500000000000000        1.0086032393202182     
   1.1000000000000001        2.6303201217773382     
   1.1499999999999999      -0.14789736098733855     
   1.2000000000000000       0.20716513655098900     
   1.2500000000000000        1.2806441498378240     
   1.3000000000000000       0.34354179845389082     
   1.3499999999999999       0.14207592178186215     
   1.3999999999999999       0.11715391620822607     
   1.4500000000000000      -0.13245502822198563     
   1.5000000000000000       0.16304938709807731     
   1.5500000000000000      -0.22227523824344625     
   1.6000000000000001      -0.51087393657722835     
   1.6499999999999999      -0.65221347167963484     
   1.7000000000000000      -0.64979803749050002     
   1.7500000000000000      -0.87962896677540647     
   1.8000000000000000       -1.0748795965243292     
   1.8499999999999999       -1.0205648854672884     
   1.9000000000000001       -1.2475942389266581     
   1.9500000000000000       -1.3649801419979049     
   2.0000000000000000       -1.4884531499539295     
   2.0499999999999998       -1.6252303095799414     
   2.1000000000000001       -1.8046524795069152     
   2.1499999999999999       -1.9074322067392240     
   2.2000000000000002       -2.0474109144387302     
   2.2500000000000000       -2.1967342080907368     
   2.2999999999999998       -2.3448864996772634     
   2.3500000000000001       -2.4960853750173477     
   2.3999999999999999       -2.6400506835619675     
   2.4500000000000002       -2.7876538933986215     
   2.5000000000000000       -2.9330049368794211     
   2.5499999999999998       -3.0805581622558176     
   2.6000000000000001       -3.2282658030663516     
   2.6499999999999999       -3.3779406783913450     
   2.7000000000000002       -3.5246241790140047     
   2.7500000000000000       -3.6731424679028160     
   2.7999999999999998       -3.8223815103400214     
   2.8500000000000001       -3.9706804635348627     
   2.8999999999999999       -4.1197874061038320     
   2.9500000000000002       -4.2688771701237167     
   3.0000000000000000       -4.4179895343347608     
   3.0499999999999998       -4.5672891577269610     
   3.1000000000000001       -4.7171161687955916     
   3.1499999999999999       -4.8661349560434095     
   3.2000000000000002       -5.0157285404688121     
   3.2500000000000000       -5.1654494967790523     
   3.2999999999999998       -5.3148513377405013     
   3.3500000000000001       -5.4645813811542823     
   3.3999999999999999       -5.6142454218050846     
   3.4500000000000002       -5.7640432160150743     
   3.5000000000000000       -5.9137690965920502     
   3.5499999999999998       -6.0635682655677909     
   3.6000000000000001       -6.2134056273216194     
   3.6499999999999999       -6.3632125173923884     
   3.7000000000000002       -6.5130798500001514     
   3.7500000000000000       -6.6629603828158093     
   3.7999999999999998       -6.8128425434954041     
   3.8500000000000001       -6.9627399839651742     
   3.8999999999999999       -7.1126562251757370     
   3.9500000000000002       -7.2625706363524722     
   4.0000000000000000       -7.4125042884436709     
   4.0499999999999998       -7.5624382435155404     
   4.0999999999999996       -7.7123841214420823     
   4.1500000000000004       -7.8623347424685734     
   4.2000000000000002       -8.0122921695359430     
   4.2500000000000000       -8.1622534684605181     
   4.2999999999999998       -8.3122208942750344     
   4.3499999999999996       -8.4621895250515173     
   4.4000000000000004       -8.6121615160902731     
   4.4500000000000002       -8.7621379992998136     
   4.5000000000000000       -8.9121164764185341     
 zone T = "ep =   0.15848931924611132      ",
   1.0000000000000000       4.54486785533605303E-002
   1.0500000000000000       9.81150693702897286E-002
   1.1000000000000001        1.5605186171591532     
   1.1499999999999999       0.43269914038008706     
   1.2000000000000000       0.78144200338180814     
   1.2500000000000000        2.5929448448653849     
   1.3000000000000000        1.5451747946941525     
   1.3499999999999999      -0.33216287290269525     
   1.3999999999999999        1.0980915694346374     
   1.4500000000000000       3.15177991625864226E-002
   1.5000000000000000        3.3324993614784355     
   1.5500000000000000      -0.11368252236685601     
   1.6000000000000001      -0.45731671709575789     
   1.6499999999999999      -0.56905928264734795     
   1.7000000000000000      -0.65020934086332460     
   1.7500000000000000      -0.80890976558472005     
   1.8000000000000000       -1.0265930063716775     
   1.8499999999999999       -1.1229384429197409     
   1.9000000000000001       -1.1522579746609209     
   1.9500000000000000       -1.4005521676027874     
   2.0000000000000000       -1.4094250809053848     
   2.0499999999999998       -1.6357790457658314     
   2.1000000000000001       -1.7001268866454580     
   2.1499999999999999       -1.8578602184816970     
   2.2000000000000002       -2.0182557778843870     
   2.2500000000000000       -2.1635650195290155     
   2.2999999999999998       -2.3061099681925494     
   2.3500000000000001       -2.4475798476405388     
   2.3999999999999999       -2.5904417013286136     
   2.4500000000000002       -2.7413192217727160     
   2.5000000000000000       -2.8857347493170469     
   2.5499999999999998       -3.0350224531209897     
   2.6000000000000001       -3.1831015317368183     
   2.6499999999999999       -3.3300710091947541     
   2.7000000000000002       -3.4802590927572665     
   2.7500000000000000       -3.6273124449409591     
   2.7999999999999998       -3.7764463165196216     
   2.8500000000000001       -3.9250491359832358     
   2.8999999999999999       -4.0743100948989479     
   2.9500000000000002       -4.2228526802940731     
   3.0000000000000000       -4.3720835959256874     
   3.0499999999999998       -4.5220660851602208     
   3.1000000000000001       -4.6710930551382992     
   3.1499999999999999       -4.8206127392673421     
   3.2000000000000002       -4.9700165738639939     
   3.2500000000000000       -5.1194062110457681     
   3.2999999999999998       -5.2690454218451448     
   3.3500000000000001       -5.4187243122725226     
   3.3999999999999999       -5.5684445661568214     
   3.4500000000000002       -5.7181709711853150     
   3.5000000000000000       -5.8680486863326902     
   3.5499999999999998       -6.0177525643669227     
   3.6000000000000001       -6.1676239220938758     
   3.6499999999999999       -6.3174427196326697     
   3.7000000000000002       -6.4672825549023614     
   3.7500000000000000       -6.6171907024225787     
   3.7999999999999998       -6.7670696061229574     
   3.8500000000000001       -6.9169556643309456     
   3.8999999999999999       -7.0668689642635858     
   3.9500000000000002       -7.2167947277706448     
   4.0000000000000000       -7.3667259809285106     
   4.0499999999999998       -7.5166654962127115     
   4.0999999999999996       -7.6666162078259878     
   4.1500000000000004       -7.8165642347836899     
   4.2000000000000002       -7.9665250326067296     
   4.2500000000000000       -8.1164847861177325     
   4.2999999999999998       -8.2664524723484210     
   4.3499999999999996       -8.4164217934685315     
   4.4000000000000004       -8.5663961799783817     
   4.4500000000000002       -8.7163717010711412     
   4.5000000000000000       -8.8663509127033375     
 zone T = "ep =   0.12589254117941670      ",
   1.0000000000000000       0.34233681070846644     
   1.0500000000000000        1.1625312626842812     
   1.1000000000000001       0.39625914485875613     
   1.1499999999999999       0.59472012772095351     
   1.2000000000000000        2.2633862595575933     
   1.2500000000000000        3.0738786763010686     
   1.3000000000000000      -0.14150638266911428     
   1.3499999999999999        1.8836391713697669     
   1.3999999999999999        1.8680714690677429     
   1.4500000000000000       0.10114392236466546     
   1.5000000000000000      -0.17231958680605192     
   1.5500000000000000      -0.48885946177181744     
   1.6000000000000001      -0.31303676550551168     
   1.6499999999999999      -0.55465090708559250     
   1.7000000000000000      -0.67131919956051389     
   1.7500000000000000      -0.73812781201691724     
   1.8000000000000000      -0.97038734647769931     
   1.8499999999999999       -1.0954536524803979     
   1.9000000000000001       -1.1225408948807809     
   1.9500000000000000       -1.3301761547640230     
   2.0000000000000000       -1.4252576956191370     
   2.0499999999999998       -1.5545806107386415     
   2.1000000000000001       -1.6696124233547249     
   2.1499999999999999       -1.8536108838870844     
   2.2000000000000002       -1.9630052614416056     
   2.2500000000000000       -2.1007290790875381     
   2.2999999999999998       -2.2503227279905178     
   2.3500000000000001       -2.3994901259999488     
   2.3999999999999999       -2.5509815036826597     
   2.4500000000000002       -2.7041243743211312     
   2.5000000000000000       -2.8457738064573599     
   2.5499999999999998       -2.9962678171280208     
   2.6000000000000001       -3.1464431621202822     
   2.6499999999999999       -3.2934600159678520     
   2.7000000000000002       -3.4402930916733601     
   2.7500000000000000       -3.5908151423935739     
   2.7999999999999998       -3.7400302101682543     
   2.8500000000000001       -3.8873010339407883     
   2.8999999999999999       -4.0377455463175540     
   2.9500000000000002       -4.1860988389427094     
   3.0000000000000000       -4.3349788964621592     
   3.0499999999999998       -4.4847388658622025     
   3.1000000000000001       -4.6337129982565175     
   3.1499999999999999       -4.7831224402739201     
   3.2000000000000002       -4.9326117286787419     
   3.2500000000000000       -5.0823555833551977     
   3.2999999999999998       -5.2320895840780812     
   3.3500000000000001       -5.3815644965591067     
   3.3999999999999999       -5.5314484960396193     
   3.4500000000000002       -5.6811827946230427     
   3.5000000000000000       -5.8308374526404272     
   3.5499999999999998       -5.9807272496736790     
   3.6000000000000001       -6.1304881745124282     
   3.6499999999999999       -6.2803843749982988     
   3.7000000000000002       -6.4302355373121944     
   3.7500000000000000       -6.5801201407611023     
   3.7999999999999998       -6.7299996790016650     
   3.8500000000000001       -6.8799075887568879     
   3.8999999999999999       -7.0298165132636692     
   3.9500000000000002       -7.1797459020343819     
   4.0000000000000000       -7.3296843590285699     
   4.0499999999999998       -7.4796240412118848     
   4.0999999999999996       -7.6295751857423841     
   4.1500000000000004       -7.7795324733353146     
   4.2000000000000002       -7.9294942964105504     
   4.2500000000000000       -8.0794572463665677     
   4.2999999999999998       -8.2294245980625345     
   4.3499999999999996       -8.3793954526662660     
   4.4000000000000004       -8.5293708193318061     
   4.4500000000000002       -8.6793488722017198     
   4.5000000000000000       -8.8293295784673358     
 zone T = "ep =   0.10000000000000001      ",
   1.0000000000000000       9.40267633274876058E-002
   1.0500000000000000       0.42690982125232729     
   1.1000000000000001       7.19002073052160545E-002
   1.1499999999999999       0.74164890877718470     
   1.2000000000000000       0.28044794047074889     
   1.2500000000000000       0.37391494761657795     
   1.3000000000000000        2.2532992092183113     
   1.3499999999999999        1.1697060912143364     
   1.3999999999999999      -0.31977256232277884     
   1.4500000000000000       0.12431933911538806     
   1.5000000000000000      -6.51440327013563525E-002
   1.5500000000000000       0.74836485981899437     
   1.6000000000000001      -0.14986167358297214     
   1.6499999999999999      -0.53277548192332402     
   1.7000000000000000      -0.61790605453989744     
   1.7500000000000000      -0.72424856502429746     
   1.8000000000000000      -0.92262860483399944     
   1.8499999999999999       -1.0894466217449901     
   1.9000000000000001       -1.1441431268268993     
   1.9500000000000000       -1.2241222084365704     
   2.0000000000000000       -1.4374274759133896     
   2.0499999999999998       -1.4722439055125092     
   2.1000000000000001       -1.6817656658833555     
   2.1499999999999999       -1.7808768567011257     
   2.2000000000000002       -1.9171574027299567     
   2.2500000000000000       -2.0810005329329879     
   2.2999999999999998       -2.2338499223429453     
   2.3500000000000001       -2.3795090330848292     
   2.3999999999999999       -2.5208898461580982     
   2.4500000000000002       -2.6635476094401156     
   2.5000000000000000       -2.8156430059978832     
   2.5499999999999998       -2.9617916509301381     
   2.6000000000000001       -3.1138971201839629     
   2.6499999999999999       -3.2628212065245603     
   2.7000000000000002       -3.4093219693600982     
   2.7500000000000000       -3.5588371610640848     
   2.7999999999999998       -3.7069874629759751     
   2.8500000000000001       -3.8564519964258421     
   2.8999999999999999       -4.0063659067995951     
   2.9500000000000002       -4.1559779704245541     
   3.0000000000000000       -4.3041826665845377     
   3.0499999999999998       -4.4537578620297236     
   3.1000000000000001       -4.6035387944418176     
   3.1499999999999999       -4.7532850015240129     
   3.2000000000000002       -4.9027067947871332     
   3.2500000000000000       -5.0520772807177572     
   3.2999999999999998       -5.2016628115824473     
   3.3500000000000001       -5.3514800004600565     
   3.3999999999999999       -5.5012258237906355     
   3.4500000000000002       -5.6509483004179932     
   3.5000000000000000       -5.8007671707857886     
   3.5499999999999998       -5.9506293998977391     
   3.6000000000000001       -6.1004492561079982     
   3.6499999999999999       -6.2503089810502939     
   3.7000000000000002       -6.4001798765363880     
   3.7500000000000000       -6.5500907801192580     
   3.7999999999999998       -6.6999830063164891     
   3.8500000000000001       -6.8498966850946070     
   3.8999999999999999       -6.9998264459517721     
   3.9500000000000002       -7.1497621251751040     
   4.0000000000000000       -7.2997046414666045     
   4.0499999999999998       -7.4496521717872772     
   4.0999999999999996       -7.5996077908133444     
   4.1500000000000004       -7.7495594190135977     
   4.2000000000000002       -7.8995281744879824     
   4.2500000000000000       -8.0494944421140566     
   4.2999999999999998       -8.1994659268420609     
   4.3499999999999996       -8.3494402651445832     
   4.4000000000000004       -8.4994192152465384     
   4.4500000000000002       -8.6493985779234990     
   4.5000000000000000       -8.7993806343331915     
 zone T = "ep =   7.94328234724281379E-002 ",
   1.0000000000000000       0.30169983526755384     
   1.0500000000000000       8.43556892717608683E-003
   1.1000000000000001       0.49123550892376244     
   1.1499999999999999       0.52670679192727854     
   1.2000000000000000        2.0421768480201954     
   1.2500000000000000       0.81723446790024479     
   1.3000000000000000       0.32702910239900074     
   1.3499999999999999      -0.42561963771078737     
   1.3999999999999999       0.78162857527852869     
   1.4500000000000000        4.4751735782886533     
   1.5000000000000000       2.54441934168616532E-002
   1.5500000000000000       0.13243375070658336     
   1.6000000000000001      -0.10387572527781092     
   1.6499999999999999      -0.46638659527991022     
   1.7000000000000000      -0.60708350964066082     
   1.7500000000000000      -0.73537702093542157     
   1.8000000000000000      -0.86377604066362612     
   1.8499999999999999       -1.0864978923366797     
   1.9000000000000001       -1.1370860931876376     
   1.9500000000000000       -1.1927240279672959     
   2.0000000000000000       -1.4310374262535746     
   2.0499999999999998       -1.4621353299135800     
   2.1000000000000001       -1.6819858351836143     
   2.1499999999999999       -1.7335127967706290     
   2.2000000000000002       -1.9178471424223154     
   2.2500000000000000       -2.0678826640895522     
   2.2999999999999998       -2.1889831331858893     
   2.3500000000000001       -2.3351693711680097     
   2.3999999999999999       -2.4861557355428090     
   2.4500000000000002       -2.6424282520316180     
   2.5000000000000000       -2.7886583843224715     
   2.5499999999999998       -2.9342215154849924     
   2.6000000000000001       -3.0841477428633812     
   2.6499999999999999       -3.2348624004365658     
   2.7000000000000002       -3.3830493398612327     
   2.7500000000000000       -3.5320822000067134     
   2.7999999999999998       -3.6816209095483186     
   2.8500000000000001       -3.8313418395437209     
   2.8999999999999999       -3.9800420825430485     
   2.9500000000000002       -4.1298325243073988     
   3.0000000000000000       -4.2789404996866924     
   3.0499999999999998       -4.4292313951922706     
   3.1000000000000001       -4.5782734224062960     
   3.1499999999999999       -4.7280244547369827     
   3.2000000000000002       -4.8776488486013774     
   3.2500000000000000       -5.0273332549879308     
   3.2999999999999998       -5.1768654724191805     
   3.3500000000000001       -5.3268089940536960     
   3.3999999999999999       -5.4765062173829318     
   3.4500000000000002       -5.6264521888857209     
   3.5000000000000000       -5.7761797212177184     
   3.5499999999999998       -5.9260312580179626     
   3.6000000000000001       -6.0758083260433375     
   3.6499999999999999       -6.2257677409523806     
   3.7000000000000002       -6.3756190795415222     
   3.7500000000000000       -6.5255245890404074     
   3.7999999999999998       -6.6754120821470222     
   3.8500000000000001       -6.8253532756052362     
   3.8999999999999999       -6.9752960061428650     
   3.9500000000000002       -7.1252358233151298     
   4.0000000000000000       -7.2751588613066804     
   4.0499999999999998       -7.4251241014588834     
   4.0999999999999996       -7.5750846660576849     
   4.1500000000000004       -7.7250471264196783     
   4.2000000000000002       -7.8750216583317290     
   4.2500000000000000       -8.0249920607155723     
   4.2999999999999998       -8.1749653557381752     
   4.3499999999999996       -8.3249419606844519     
   4.4000000000000004       -8.4749228160826711     
   4.4500000000000002       -8.6249043482457051     
   4.5000000000000000       -8.7748885611444045     
 zone T = "ep =   6.30957344480193305E-002 ",
   1.0000000000000000       8.77341143987701022E-002
   1.0500000000000000        1.0989429904979209     
   1.1000000000000001        3.3740237468825112     
   1.1499999999999999       5.56679440638809669E-002
   1.2000000000000000        4.6152031697043672     
   1.2500000000000000       0.52811476246422639     
   1.3000000000000000       0.26813598010293332     
   1.3499999999999999        1.4364854935334124     
   1.3999999999999999        1.6721034802141257     
   1.4500000000000000        5.0773108668130984     
   1.5000000000000000       8.56216993604522747E-002
   1.5500000000000000      -8.43462050885168957E-002
   1.6000000000000001      -0.26714202750934157     
   1.6499999999999999      -0.36562942186189362     
   1.7000000000000000      -0.60532328663893364     
   1.7500000000000000      -0.68999561501965678     
   1.8000000000000000      -0.82827750240614262     
   1.8499999999999999       -1.0351274729612012     
   1.9000000000000001       -1.1453832984284784     
   1.9500000000000000       -1.1812401103008077     
   2.0000000000000000       -1.3635700215808593     
   2.0499999999999998       -1.4753635940549965     
   2.1000000000000001       -1.5896728304271781     
   2.1499999999999999       -1.7323553208628910     
   2.2000000000000002       -1.9237328428816585     
   2.2500000000000000       -2.0097505509790339     
   2.2999999999999998       -2.1593563716042010     
   2.3500000000000001       -2.3144784736701771     
   2.3999999999999999       -2.4633605795898088     
   2.4500000000000002       -2.6103649550265993     
   2.5000000000000000       -2.7612386004500085     
   2.5499999999999998       -2.9170473891542126     
   2.6000000000000001       -3.0611744547831869     
   2.6499999999999999       -3.2100565866712443     
   2.7000000000000002       -3.3598237724288014     
   2.7500000000000000       -3.5104465546402803     
   2.7999999999999998       -3.6602202335929537     
   2.8500000000000001       -3.8112874710046434     
   2.8999999999999999       -3.9592979371997403     
   2.9500000000000002       -4.1087149996702710     
   3.0000000000000000       -4.2580924916219649     
   3.0499999999999998       -4.4079067511934680     
   3.1000000000000001       -4.5575055255394847     
   3.1499999999999999       -4.7074178420625659     
   3.2000000000000002       -4.8567879455127461     
   3.2500000000000000       -5.0065756407634208     
   3.2999999999999998       -5.1562328383244793     
   3.3500000000000001       -5.3061946605041355     
   3.3999999999999999       -5.4559603892201860     
   3.4500000000000002       -5.6057046220112410     
   3.5000000000000000       -5.7556207205908931     
   3.5499999999999998       -5.9055067636565868     
   3.6000000000000001       -6.0552872667068591     
   3.6499999999999999       -6.2051640184810122     
   3.7000000000000002       -6.3550679364705998     
   3.7500000000000000       -6.5050291439560270     
   3.7999999999999998       -6.6549333240368478     
   3.8500000000000001       -6.8048526849922260     
   3.8999999999999999       -6.9548051500707579     
   3.9500000000000002       -7.1047526844245734     
   4.0000000000000000       -7.2546821593320585     
   4.0499999999999998       -7.4046353815257149     
   4.0999999999999996       -7.5546168017090016     
   4.1500000000000004       -7.7045754356179064     
   4.2000000000000002       -7.8545617823856961     
   4.2500000000000000       -8.0045366170293537     
   4.2999999999999998       -8.1545150904373092     
   4.3499999999999996       -8.3044934790889098     
   4.4000000000000004       -8.4544751131905276     
   4.4500000000000002       -8.6044596468232051     
   4.5000000000000000       -8.7544459829823271     
 zone T = "ep =   5.01187233627272272E-002 ",
   1.0000000000000000       0.15409364781846471     
   1.0500000000000000       4.02111210704755098E-002
   1.1000000000000001      -4.22415415317937415E-002
   1.1499999999999999       0.13789668487058401     
   1.2000000000000000        2.5173821398098379     
   1.2500000000000000        1.1085167811831236     
   1.3000000000000000        2.3711125058158027     
   1.3499999999999999      -0.62435825586042037     
   1.3999999999999999        2.1976903936019867     
   1.4500000000000000      -0.16521511617464113     
   1.5000000000000000       0.12018342153588717     
   1.5500000000000000      -0.10168375537612734     
   1.6000000000000001      -0.48712721386873709     
   1.6499999999999999      -0.25731176138030448     
   1.7000000000000000      -0.59301331174093252     
   1.7500000000000000      -0.67123043571757468     
   1.8000000000000000      -0.81677176474421065     
   1.8499999999999999      -0.99258679311578069     
   1.9000000000000001       -1.1607834855360064     
   1.9500000000000000       -1.1779792866173018     
   2.0000000000000000       -1.2944592150115684     
   2.0499999999999998       -1.4927698382419585     
   2.1000000000000001       -1.5434997184193160     
   2.1499999999999999       -1.7464386501492029     
   2.2000000000000002       -1.8544590334967099     
   2.2500000000000000       -1.9907758370230964     
   2.2999999999999998       -2.1579278819023675     
   2.3500000000000001       -2.3178757480369718     
   2.3999999999999999       -2.4636959051333784     
   2.4500000000000002       -2.6055966374131985     
   2.5000000000000000       -2.7437154382695081     
   2.5499999999999998       -2.8899075850935843     
   2.6000000000000001       -3.0459490849794455     
   2.6499999999999999       -3.1938883812287835     
   2.7000000000000002       -3.3420109839926755     
   2.7500000000000000       -3.4940650434037765     
   2.7999999999999998       -3.6407898907395682     
   2.8500000000000001       -3.7928603174474276     
   2.8999999999999999       -3.9416396524083126     
   2.9500000000000002       -4.0899219332898911     
   3.0000000000000000       -4.2395538400746569     
   3.0499999999999998       -4.3896751780838956     
   3.1000000000000001       -4.5393194637191314     
   3.1499999999999999       -4.6895751011967395     
   3.2000000000000002       -4.8391753760562368     
   3.2500000000000000       -4.9888312621188646     
   3.2999999999999998       -5.1382762474778021     
   3.3500000000000001       -5.2885514640331870     
   3.3999999999999999       -5.4380851209439038     
   3.4500000000000002       -5.5879608703068531     
   3.5000000000000000       -5.7378088187259380     
   3.5499999999999998       -5.8877740832947856     
   3.6000000000000001       -6.0375404067718081     
   3.6499999999999999       -6.1874711849612281     
   3.7000000000000002       -6.3373920733987106     
   3.7500000000000000       -6.4873562763811901     
   3.7999999999999998       -6.6372332609998601     
   3.8500000000000001       -6.7871777304884793     
   3.8999999999999999       -6.9371571801247995     
   3.9500000000000002       -7.0871094051781069     
   4.0000000000000000       -7.2370238511427285     
   4.0499999999999998       -7.3869948461222537     
   4.0999999999999996       -7.5369807332897292     
   4.1500000000000004       -7.6869339848625700     
   4.2000000000000002       -7.8369327755275036     
   4.2500000000000000       -7.9869124294766527     
   4.2999999999999998       -8.1368877538754099     
   4.3499999999999996       -8.2868692402031154     
   4.4000000000000004       -8.4368530940985185     
   4.4500000000000002       -8.5868381136540872     
   4.5000000000000000       -8.7368263211182651     
 zone T = "ep =   3.98107170553497342E-002 ",
   1.0000000000000000        2.0972682562402944     
   1.0500000000000000       2.99482789244594726E-002
   1.1000000000000001        1.1683944640295225     
   1.1499999999999999        1.0690106889406132     
   1.2000000000000000       0.15400536278746393     
   1.2500000000000000       0.93129896945750301     
   1.3000000000000000        3.6149449246630421     
   1.3499999999999999      -0.71948311734809878     
   1.3999999999999999        2.7447115581549615     
   1.4500000000000000      -0.17379390867159730     
   1.5000000000000000       0.14067002260354602     
   1.5500000000000000      -6.65277223172265342E-002
   1.6000000000000001       4.45436099846891823E-002
   1.6499999999999999      -0.16516816665993841     
   1.7000000000000000      -0.56633384793037644     
   1.7500000000000000      -0.66716434326108409     
   1.8000000000000000      -0.79236593410404244     
   1.8499999999999999      -0.95937990679823837     
   1.9000000000000001       -1.1707861350693436     
   1.9500000000000000       -1.1824061749768067     
   2.0000000000000000       -1.2596732257650878     
   2.0499999999999998       -1.5070266065325650     
   2.1000000000000001       -1.5288210114044709     
   2.1499999999999999       -1.7604584814494719     
   2.2000000000000002       -1.8219573526188177     
   2.2500000000000000       -1.9932260576427474     
   2.2999999999999998       -2.1683440984677804     
   2.3500000000000001       -2.2839026823424087     
   2.3999999999999999       -2.4258984198003093     
   2.4500000000000002       -2.5772470205906322     
   2.5000000000000000       -2.7337345972681062     
   2.5499999999999998       -2.8767794056311677     
   2.6000000000000001       -3.0251391451678109     
   2.6499999999999999       -3.1746461003830468     
   2.7000000000000002       -3.3261271854605456     
   2.7500000000000000       -3.4752856463687576     
   2.7999999999999998       -3.6240991060530434     
   2.8500000000000001       -3.7751364815489015     
   2.8999999999999999       -3.9248371777928828     
   2.9500000000000002       -4.0737099028585080     
   3.0000000000000000       -4.2237430365661588     
   3.0499999999999998       -4.3735483408055940     
   3.1000000000000001       -4.5240933298422519     
   3.1499999999999999       -4.6732472029481285     
   3.2000000000000002       -4.8228681098860466     
   3.2500000000000000       -4.9727778867044599     
   3.2999999999999998       -5.1224324122703857     
   3.3500000000000001       -5.2722828906971015     
   3.3999999999999999       -5.4221271620929388     
   3.4500000000000002       -5.5720505231338588     
   3.5000000000000000       -5.7219064226811662     
   3.5499999999999998       -5.8718199281034824     
   3.6000000000000001       -6.0215539693046285     
   3.6499999999999999       -6.1714798128457389     
   3.7000000000000002       -6.3214195509895230     
   3.7500000000000000       -6.4713393416182621     
   3.7999999999999998       -6.6212474753352808     
   3.8500000000000001       -6.7711735556059880     
   3.8999999999999999       -6.9211484766696030     
   3.9500000000000002       -7.0710949536148640     
   4.0000000000000000       -7.2209998390255086     
   4.0499999999999998       -7.3709737975522076     
   4.0999999999999996       -7.5209709591372969     
   4.1500000000000004       -7.6709224872982684     
   4.2000000000000002       -7.8209204205659288     
   4.2500000000000000       -7.9708992431187919     
   4.2999999999999998       -8.1208774435427618     
   4.3499999999999996       -8.2708568548172110     
   4.4000000000000004       -8.4208412460192132     
   4.4500000000000002       -8.5708266868342555     
   4.5000000000000000       -8.7208154364215620     
 zone T = "ep =   3.16227766016837913E-002 ",
   1.0000000000000000      -6.82080342293862607E-002
   1.0500000000000000      -1.40421253697461286E-002
   1.1000000000000001        2.3658024358542433     
   1.1499999999999999        2.4370324887414694     
   1.2000000000000000        1.9243268396625626     
   1.2500000000000000       0.75824153525891780     
   1.3000000000000000        2.8489072786565202     
   1.3499999999999999      -0.11528859661271175     
   1.3999999999999999        1.8368360629559402     
   1.4500000000000000       0.83186042787736547     
   1.5000000000000000       0.15408812909239192     
   1.5500000000000000      -2.99188625368948802E-002
   1.6000000000000001       0.78090079582863892     
   1.6499999999999999      -0.10187051508013380     
   1.7000000000000000      -0.53046075780396185     
   1.7500000000000000      -0.66856787675472118     
   1.8000000000000000      -0.76732560275728123     
   1.8499999999999999      -0.93019767452516633     
   1.9000000000000001       -1.1703491930434180     
   1.9500000000000000       -1.1924992968439316     
   2.0000000000000000       -1.2418688028218468     
   2.0499999999999998       -1.5147795468654266     
   2.1000000000000001       -1.5296089206514849     
   2.1499999999999999       -1.7414783719236491     
   2.2000000000000002       -1.8119965443071790     
   2.2500000000000000       -2.0039921270805920     
   2.2999999999999998       -2.1263472405824904     
   2.3500000000000001       -2.2591298464743481     
   2.3999999999999999       -2.4072647388734527     
   2.4500000000000002       -2.5580869204064856     
   2.5000000000000000       -2.7088195111644136     
   2.5499999999999998       -2.8663116006907088     
   2.6000000000000001       -3.0107513609837917     
   2.6499999999999999       -3.1650032898833675     
   2.7000000000000002       -3.3100737476630409     
   2.7500000000000000       -3.4605602314721127     
   2.7999999999999998       -3.6125316323403305     
   2.8500000000000001       -3.7594473273149989     
   2.8999999999999999       -3.9089018026194893     
   2.9500000000000002       -4.0587335746330098     
   3.0000000000000000       -4.2084801514057411     
   3.0499999999999998       -4.3585164364749920     
   3.1000000000000001       -4.5085285886825286     
   3.1499999999999999       -4.6584128641557987     
   3.2000000000000002       -4.8073295661905506     
   3.2500000000000000       -4.9577521482539710     
   3.2999999999999998       -5.1069314108578219     
   3.3500000000000001       -5.2569062734175285     
   3.3999999999999999       -5.4066293167660486     
   3.4500000000000002       -5.5564715613587623     
   3.5000000000000000       -5.7063691230577334     
   3.5499999999999998       -5.8561557389152670     
   3.6000000000000001       -6.0060058270411698     
   3.6499999999999999       -6.1558879561206545     
   3.7000000000000002       -6.3057604908809761     
   3.7500000000000000       -6.4556583784740589     
   3.7999999999999998       -6.6055385200491372     
   3.8500000000000001       -6.7554492700291453     
   3.8999999999999999       -6.9054287299167747     
   3.9500000000000002       -7.0553560282930912     
   4.0000000000000000       -7.2052433933027071     
   4.0499999999999998       -7.3552030765571690     
   4.0999999999999996       -7.5052032226961654     
   4.1500000000000004       -7.6551387253248597     
   4.2000000000000002       -7.8051370017721666     
   4.2500000000000000       -7.9551119184186785     
   4.2999999999999998       -8.1050835270509864     
   4.3499999999999996       -8.2550588369536175     
   4.4000000000000004       -8.4050386920384170     
   4.4500000000000002       -8.5550229080045295     
   4.5000000000000000       -8.7050080798468343     
 zone T = "ep =   2.51188643150957944E-002 ",
   1.0000000000000000       0.35558123367473765     
   1.0500000000000000       0.12876497542912868     
   1.1000000000000001       0.27011137867479801     
   1.1499999999999999        1.5438448329153009     
   1.2000000000000000        1.2308003126255851     
   1.2500000000000000        1.1869102312911415     
   1.3000000000000000        1.4668393358553964     
   1.3499999999999999      -0.19892371110083881     
   1.3999999999999999        2.3494405183137337     
   1.4500000000000000       0.11710757315171756     
   1.5000000000000000        1.7805673022281798     
   1.5500000000000000       3.36485337903259362E-003
   1.6000000000000001       0.39726008185923861     
   1.6499999999999999      -6.87848545993101496E-002
   1.7000000000000000      -0.49220952773082827     
   1.7500000000000000      -0.67039736552416773     
   1.8000000000000000      -0.75201888026888952     
   1.8499999999999999      -0.90503197047240758     
   1.9000000000000001       -1.1310821764802053     
   1.9500000000000000       -1.2048398245333747     
   2.0000000000000000       -1.2333039057665289     
   2.0499999999999998       -1.4827153489358582     
   2.1000000000000001       -1.5370454231899255     
   2.1499999999999999       -1.6946913558690320     
   2.2000000000000002       -1.8137153686446399     
   2.2500000000000000       -2.0160179701682850     
   2.2999999999999998       -2.1018108370822874     
   2.3500000000000001       -2.2483917500977304     
   2.3999999999999999       -2.4008131384246405     
   2.4500000000000002       -2.5508153701803553     
   2.5000000000000000       -2.6966864750875961     
   2.5499999999999998       -2.8460663923694165     
   2.6000000000000001       -3.0061888695449173     
   2.6499999999999999       -3.1460094194806469     
   2.7000000000000002       -3.2959019748024438     
   2.7500000000000000       -3.4461944750799587     
   2.7999999999999998       -3.5946647703918182     
   2.8500000000000001       -3.7478616675774341     
   2.8999999999999999       -3.8953300908324482     
   2.9500000000000002       -4.0454025321551628     
   3.0000000000000000       -4.1929531026226998     
   3.0499999999999998       -4.3431287442691744     
   3.1000000000000001       -4.4931381376316653     
   3.1499999999999999       -4.6425779154032725     
   3.2000000000000002       -4.7914755117578212     
   3.2500000000000000       -4.9414684226691268     
   3.2999999999999998       -5.0907585985287742     
   3.3500000000000001       -5.2406083155896601     
   3.3999999999999999       -5.3902284131585549     
   3.4500000000000002       -5.5399910129886294     
   3.5000000000000000       -5.6896562711309935     
   3.5499999999999998       -5.8395108777528888     
   3.6000000000000001       -5.9891736302826040     
   3.6499999999999999       -6.1389512105961410     
   3.7000000000000002       -6.2887831755789341     
   3.7500000000000000       -6.4386782672952956     
   3.7999999999999998       -6.5884496925604239     
   3.8500000000000001       -6.7383426778155444     
   3.8999999999999999       -6.8882744759122447     
   3.9500000000000002       -7.0381517086479120     
   4.0000000000000000       -7.1880045162601771     
   4.0499999999999998       -7.3379514260938938     
   4.0999999999999996       -7.4879129686039354     
   4.1500000000000004       -7.6378338656113627     
   4.2000000000000002       -7.7878101114110310     
   4.2500000000000000       -7.9377721404485442     
   4.2999999999999998       -8.0877293881960917     
   4.3499999999999996       -8.2376934831250956     
   4.4000000000000004       -8.3876613701494520     
   4.4500000000000002       -8.5376343401934154     
   4.5000000000000000       -8.6876119630917579     
 zone T = "ep =   1.99526231496887987E-002 ",
   1.0000000000000000       0.66474505637459158     
   1.0500000000000000       0.32198555965692111     
   1.1000000000000001       0.42220350159963815     
   1.1499999999999999       0.34456523130713795     
   1.2000000000000000       0.42194546717952619     
   1.2500000000000000       0.36520011806719049     
   1.3000000000000000       0.90561015025992242     
   1.3499999999999999      -0.27294525466325920     
   1.3999999999999999       0.18712124457067583     
   1.4500000000000000       0.87766274517729226     
   1.5000000000000000       0.56934190079913938     
   1.5500000000000000       3.17379875939435563E-002
   1.6000000000000001       0.17651040316992600     
   1.6499999999999999      -6.07111870449090693E-002
   1.7000000000000000      -0.45632359583989140     
   1.7500000000000000      -0.67074119086949413     
   1.8000000000000000      -0.74341318453867899     
   1.8499999999999999      -0.88434536495244209     
   1.9000000000000001       -1.0948901125275023     
   1.9500000000000000       -1.2166355878579997     
   2.0000000000000000       -1.2300904405987094     
   2.0499999999999998       -1.4380812358950621     
   2.1000000000000001       -1.5463576777581132     
   2.1499999999999999       -1.6660248563459616     
   2.2000000000000002       -1.8202331272648293     
   2.2500000000000000       -1.9886095644313952     
   2.2999999999999998       -2.0894807600943510     
   2.3500000000000001       -2.2459919399313719     
   2.3999999999999999       -2.4010706152531469     
   2.4500000000000002       -2.5502012801099352     
   2.5000000000000000       -2.6922204117994046     
   2.5499999999999998       -2.8350046782223446     
   2.6000000000000001       -2.9893449332726059     
   2.6499999999999999       -3.1350700592611940     
   2.7000000000000002       -3.2883410446483405     
   2.7500000000000000       -3.4374080456988012     
   2.7999999999999998       -3.5829149442007475     
   2.8500000000000001       -3.7306606138186114     
   2.8999999999999999       -3.8796425162359531     
   2.9500000000000002       -4.0283856476675677     
   3.0000000000000000       -4.1777626662745320     
   3.0499999999999998       -4.3268399772098629     
   3.1000000000000001       -4.4765564666960147     
   3.1499999999999999       -4.6255251238134063     
   3.2000000000000002       -4.7737955720687877     
   3.2500000000000000       -4.9233387496278826     
   3.2999999999999998       -5.0723235423340851     
   3.3500000000000001       -5.2220250401213164     
   3.3999999999999999       -5.3712968380501440     
   3.4500000000000002       -5.5206749867566129     
   3.5000000000000000       -5.6701184465764261     
   3.5499999999999998       -5.8196771491927262     
   3.6000000000000001       -5.9691379429041422     
   3.6499999999999999       -6.1188341437970122     
   3.7000000000000002       -6.2684993161842923     
   3.7500000000000000       -6.4181894703190299     
   3.7999999999999998       -6.5678756857593372     
   3.8500000000000001       -6.7176498201811876     
   3.8999999999999999       -6.8674958126590475     
   3.9500000000000002       -7.0172977066469500     
   4.0000000000000000       -7.1670766850239884     
   4.0499999999999998       -7.3169546202136821     
   4.0999999999999996       -7.4668594611948338     
   4.1500000000000004       -7.6167351521329110     
   4.2000000000000002       -7.7666678049580709     
   4.2500000000000000       -7.9165939883509413     
   4.2999999999999998       -8.0665175468214088     
   4.3499999999999996       -8.2164531327204635     
   4.4000000000000004       -8.3663960222342801     
   4.4500000000000002       -8.5163481504554284     
   4.5000000000000000       -8.6663070574922916     
 zone T = "ep =   1.58489319246111343E-002 ",
   1.0000000000000000       0.26937265166196583     
   1.0500000000000000      -3.62016729695405562E-002
   1.1000000000000001        1.9221224975698321     
   1.1499999999999999       0.60090912644931160     
   1.2000000000000000       0.89470693652082156     
   1.2500000000000000        1.3622382659334646     
   1.3000000000000000      -0.29576075763385695     
   1.3499999999999999       0.29736046921969922     
   1.3999999999999999        1.9576569763091798     
   1.4500000000000000       0.54284577814763446     
   1.5000000000000000      -0.63391906965276446     
   1.5500000000000000       5.48777365504790199E-002
   1.6000000000000001       0.12095365343195655     
   1.6499999999999999      -6.99929084687504061E-002
   1.7000000000000000      -0.42500015629548371     
   1.7500000000000000      -0.66940142183032425     
   1.8000000000000000      -0.73897592089038933     
   1.8499999999999999      -0.86797981256010237     
   1.9000000000000001       -1.0691005498762027     
   1.9500000000000000       -1.2264310374878429     
   2.0000000000000000       -1.2299552027080836     
   2.0499999999999998       -1.4086740430946945     
   2.1000000000000001       -1.5551556439133005     
   2.1499999999999999       -1.6487406253665726     
   2.2000000000000002       -1.8277493170739507     
   2.2500000000000000       -1.9659138467647574     
   2.2999999999999998       -2.0845889431397264     
   2.3500000000000001       -2.2479385273221113     
   2.3999999999999999       -2.4046211385224558     
   2.4500000000000002       -2.5529927493824442     
   2.5000000000000000       -2.6920934637600284     
   2.5499999999999998       -2.8297130565362192     
   2.6000000000000001       -2.9766589941274972     
   2.6499999999999999       -3.1289443150331318     
   2.7000000000000002       -3.2740966872261774     
   2.7500000000000000       -3.4208896930392898     
   2.7999999999999998       -3.5693589653226807     
   2.8500000000000001       -3.7168446099410977     
   2.8999999999999999       -3.8655819877344610     
   2.9500000000000002       -4.0133037935949289     
   3.0000000000000000       -4.1595676376246882     
   3.0499999999999998       -4.3086811404787753     
   3.1000000000000001       -4.4563754651410523     
   3.1499999999999999       -4.6049957861028705     
   3.2000000000000002       -4.7528462252975325     
   3.2500000000000000       -4.9016888352362953     
   3.2999999999999998       -5.0499853004863349     
   3.3500000000000001       -5.1991958205882254     
   3.3999999999999999       -5.3476426124833916     
   3.4500000000000002       -5.4966976546148452     
   3.5000000000000000       -5.6456086102618244     
   3.5499999999999998       -5.7947031374631353     
   3.6000000000000001       -5.9437181673633868     
   3.6499999999999999       -6.0930102089868825     
   3.7000000000000002       -6.2423455927492659     
   3.7500000000000000       -6.3917866563476666     
   3.7999999999999998       -6.5412352553521664     
   3.8500000000000001       -6.6907794930363673     
   3.8999999999999999       -6.8404108643809467     
   3.9500000000000002       -6.9900354588707287     
   4.0000000000000000       -7.1396716059296983     
   4.0499999999999998       -7.2894073384192337     
   4.0999999999999996       -7.4392094519314194     
   4.1500000000000004       -7.5889774260069371     
   4.2000000000000002       -7.7388210801245760     
   4.2500000000000000       -7.8886710397281137     
   4.2999999999999998       -8.0385274901782591     
   4.3499999999999996       -8.1884036424099911     
   4.4000000000000004       -8.3382993733922621     
   4.4500000000000002       -8.4882058792414963     
   4.5000000000000000       -8.6381263271876296     
 zone T = "ep =   1.25892541179416732E-002 ",
   1.0000000000000000        1.4121059224897194     
   1.0500000000000000       0.15396829313648239     
   1.1000000000000001        2.3783074895721645     
   1.1499999999999999       0.31312971282680435     
   1.2000000000000000        3.6219560123988490     
   1.2500000000000000       0.51756935053528985     
   1.3000000000000000       0.37822724766805388     
   1.3499999999999999      -0.47020750121251187     
   1.3999999999999999       0.29935031442314303     
   1.4500000000000000        1.1633623838324876     
   1.5000000000000000        1.5843877708259959     
   1.5500000000000000       7.31619209438543056E-002
   1.6000000000000001       7.90331817924196239E-002
   1.6499999999999999      -8.95910331628204382E-002
   1.7000000000000000      -0.39872333141880878     
   1.7500000000000000      -0.66685082791315264     
   1.8000000000000000      -0.73695570072135386     
   1.8499999999999999      -0.85533340512186595     
