 zone T = "ep =    1.0000000000000000      ",
   1.0000000000000000        1.8640491217200843     
   1.0500000000000000        1.8785741876526298     
   1.1000000000000001        4.2883269325299072     
   1.1499999999999999       0.20567742654197696     
   1.2000000000000000        1.0319960963666202     
   1.2500000000000000       0.88607465549422704     
   1.3000000000000000       0.86623681661534591     
   1.3499999999999999       0.73789471805883211     
   1.3999999999999999       0.52710279581426023     
   1.4500000000000000       0.67397422076253521     
   1.5000000000000000       0.70058447885855135     
   1.5500000000000000       0.64011784246563463     
   1.6000000000000001       0.68941738154254850     
   1.6499999999999999       0.67982956285812246     
   1.7000000000000000       0.68452850089286865     
   1.7500000000000000       0.68494857103382656     
   1.8000000000000000       0.68724502036527790     
   1.8499999999999999       0.68693191072829440     
   1.9000000000000001       0.68759466833547001     
   1.9500000000000000       0.68790653581660566     
   2.0000000000000000       0.68806787788618784     
   2.0499999999999998       0.68817450329087826     
   2.1000000000000001       0.68824306751511266     
   2.1499999999999999       0.68828666245257708     
   2.2000000000000002       0.68831397147636209     
   2.2500000000000000       0.68833096117176273     
   2.2999999999999998       0.68834152464657561     
   2.3500000000000001       0.68834810252308343     
   2.3999999999999999       0.68835217692066364     
   2.4500000000000002       0.68835470927904163     
   2.5000000000000000       0.68835627898058560     
   2.5499999999999998       0.68835725351704680     
   2.6000000000000001       0.68835785962172613     
   2.6499999999999999       0.68835823557152620     
   2.7000000000000002       0.68835846955042390     
   2.7500000000000000       0.68835861532637066     
   2.7999999999999998       0.68835870608014060     
   2.8500000000000001       0.68835876275569596     
   2.8999999999999999       0.68835879810642131     
   2.9500000000000002       0.68835882020130212     
   3.0000000000000000       0.68835883401979248     
   3.0499999999999998       0.68835884267614189     
   3.1000000000000001       0.68835884809519288     
   3.1499999999999999       0.68835885149147891     
   3.2000000000000002       0.68835885362113125     
   3.2500000000000000       0.68835885495865146     
   3.2999999999999998       0.68835885579787481     
   3.3500000000000001       0.68835885632542493     
   3.3999999999999999       0.68835885665682894     
   3.4500000000000002       0.68835885686525156     
   3.5000000000000000       0.68835885699634414     
   3.5499999999999998       0.68835885707879785     
   3.6000000000000001       0.68835885713066791     
   3.6499999999999999       0.68835885716334588     
   3.7000000000000002       0.68835885718397583     
   3.7500000000000000       0.68835885719688128     
   3.7999999999999998       0.68835885720504852     
   3.8500000000000001       0.68835885721018142     
   3.8999999999999999       0.68835885721349666     
   3.9500000000000002       0.68835885721551349     
   4.0000000000000000       0.68835885721685808     
   4.0499999999999998       0.68835885721755596     
   4.0999999999999996       0.68835885721813495     
   4.1500000000000004       0.68835885721837908     
   4.2000000000000002       0.68835885721855994     
   4.2500000000000000       0.68835885721880563     
   4.2999999999999998       0.68835885721872714     
   4.3499999999999996       0.68835885721877021     
   4.4000000000000004       0.68835885721897261     
   4.4500000000000002       0.68835885721907630     
   4.5000000000000000       0.68835885721875689     
 zone T = "ep =   0.79432823472428149      ",
   1.0000000000000000        3.4155606702802106     
   1.0500000000000000        5.9941494307972913     
   1.1000000000000001        3.6796996979255732     
   1.1499999999999999        1.0437508501928383     
   1.2000000000000000        4.6737774535170580     
   1.2500000000000000        1.1022154713491872     
   1.3000000000000000       0.97710438736500038     
   1.3499999999999999       0.97111567283964106     
   1.3999999999999999       0.84774140874548265     
   1.4500000000000000       0.78151780758129297     
   1.5000000000000000       0.87383825942434967     
   1.5500000000000000       0.86340993057873294     
   1.6000000000000001       0.83835995170885003     
   1.6499999999999999       0.86882745403517325     
   1.7000000000000000       0.85548726985215373     
   1.7500000000000000       0.86296894092111842     
   1.8000000000000000       0.86032374213647056     
   1.8499999999999999       0.86215051212280935     
   1.9000000000000001       0.86195728508306613     
   1.9500000000000000       0.86206908548416417     
   2.0000000000000000       0.86219401324415834     
   2.0499999999999998       0.86225775788425807     
   2.1000000000000001       0.86229382663104603     
   2.1499999999999999       0.86231631154792865     
   2.2000000000000002       0.86233010111991826     
   2.2500000000000000       0.86233842893349044     
   2.2999999999999998       0.86234347469639405     
   2.3500000000000001       0.86234656327053427     
   2.3999999999999999       0.86234841174581356     
   2.4500000000000002       0.86234953565083794     
   2.5000000000000000       0.86235020966037323     
   2.5499999999999998       0.86235061620839604     
   2.6000000000000001       0.86235086310216835     
   2.6499999999999999       0.86235101046426199     
   2.7000000000000002       0.86235109972241275     
   2.7500000000000000       0.86235115393142259     
   2.7999999999999998       0.86235118659168486     
   2.8500000000000001       0.86235120656503905     
   2.8999999999999999       0.86235121864800146     
   2.9500000000000002       0.86235122602649517     
   3.0000000000000000       0.86235123053616669     
   3.0499999999999998       0.86235123331398078     
   3.1000000000000001       0.86235123501280664     
   3.1499999999999999       0.86235123605703345     
   3.2000000000000002       0.86235123669961644     
   3.2500000000000000       0.86235123709862593     
   3.2999999999999998       0.86235123734418417     
   3.3500000000000001       0.86235123749714870     
   3.3999999999999999       0.86235123759177745     
   3.4500000000000002       0.86235123765070165     
   3.5000000000000000       0.86235123768735500     
   3.5499999999999998       0.86235123771020628     
   3.6000000000000001       0.86235123772445399     
   3.6499999999999999       0.86235123773336642     
   3.7000000000000002       0.86235123773895628     
   3.7500000000000000       0.86235123774243472     
   3.7999999999999998       0.86235123774461431     
   3.8500000000000001       0.86235123774599276     
   3.8999999999999999       0.86235123774686295     
   3.9500000000000002       0.86235123774740474     
   4.0000000000000000       0.86235123774775879     
   4.0499999999999998       0.86235123774793654     
   4.0999999999999996       0.86235123774808486     
   4.1500000000000004       0.86235123774815003     
   4.2000000000000002       0.86235123774819666     
   4.2500000000000000       0.86235123774826805     
   4.2999999999999998       0.86235123774823030     
   4.3499999999999996       0.86235123774823197     
   4.4000000000000004       0.86235123774831468     
   4.4500000000000002       0.86235123774834044     
   4.5000000000000000       0.86235123774821909     
 zone T = "ep =   0.63095734448019325      ",
   1.0000000000000000        2.0852384466447860     
   1.0500000000000000        2.4950679740040309     
   1.1000000000000001        1.6584950738187092     
   1.1499999999999999        1.1685686622841005     
   1.2000000000000000        1.2663763593327391     
   1.2500000000000000       0.96929587363763581     
   1.3000000000000000        1.1370197933820421     
   1.3499999999999999       0.99053041827431298     
   1.3999999999999999        1.0937510976144125     
   1.4500000000000000        1.0034732845468901     
   1.5000000000000000        1.0073084582829219     
   1.5500000000000000        1.0594562121531721     
   1.6000000000000001        1.0394487256152272     
   1.6499999999999999        1.0345611667698418     
   1.7000000000000000        1.0486633628728843     
   1.7500000000000000        1.0401918171635278     
   1.8000000000000000        1.0449378339800717     
   1.8499999999999999        1.0431822192793379     
   1.9000000000000001        1.0438037706745975     
   1.9500000000000000        1.0438783696630776     
   2.0000000000000000        1.0438503547330658     
   2.0499999999999998        1.0438739521976599     
   2.1000000000000001        1.0438889153631068     
   2.1499999999999999        1.0438971556202687     
   2.2000000000000002        1.0439017158302946     
   2.2500000000000000        1.0439041734921370     
   2.2999999999999998        1.0439055192392130     
   2.3500000000000001        1.0439062991854104     
   2.3999999999999999        1.0439066890575015     
   2.4500000000000002        1.0439069012284945     
   2.5000000000000000        1.0439070009237004     
   2.5499999999999998        1.0439070468534435     
   2.6000000000000001        1.0439070680355806     
   2.6499999999999999        1.0439070726658761     
   2.7000000000000002        1.0439070722653865     
   2.7500000000000000        1.0439070701597328     
   2.7999999999999998        1.0439070672709931     
   2.8500000000000001        1.0439070649301696     
   2.8999999999999999        1.0439070629212424     
   2.9500000000000002        1.0439070614267900     
   3.0000000000000000        1.0439070603450309     
   3.0499999999999998        1.0439070596066649     
   3.1000000000000001        1.0439070590857129     
   3.1499999999999999        1.0439070587301149     
   3.2000000000000002        1.0439070584895722     
   3.2500000000000000        1.0439070583328189     
   3.2999999999999998        1.0439070582272334     
   3.3500000000000001        1.0439070581591474     
   3.3999999999999999        1.0439070581142105     
   3.4500000000000002        1.0439070580851411     
   3.5000000000000000        1.0439070580662648     
   3.5499999999999998        1.0439070580541092     
   3.6000000000000001        1.0439070580462650     
   3.6499999999999999        1.0439070580412546     
   3.7000000000000002        1.0439070580380421     
   3.7500000000000000        1.0439070580359830     
   3.7999999999999998        1.0439070580346637     
   3.8500000000000001        1.0439070580338352     
   3.8999999999999999        1.0439070580333092     
   3.9500000000000002        1.0439070580329619     
   4.0000000000000000        1.0439070580327561     
   4.0499999999999998        1.0439070580326097     
   4.0999999999999996        1.0439070580325271     
   4.1500000000000004        1.0439070580324643     
   4.2000000000000002        1.0439070580324330     
   4.2500000000000000        1.0439070580324212     
   4.2999999999999998        1.0439070580323930     
   4.3499999999999996        1.0439070580323779     
   4.4000000000000004        1.0439070580323873     
   4.4500000000000002        1.0439070580324104     
   4.5000000000000000        1.0439070580323644     
 zone T = "ep =   0.50118723362727235      ",
   1.0000000000000000       0.80861244285539380     
   1.0500000000000000       0.77783132659179133     
   1.1000000000000001        1.4998636900243407     
   1.1499999999999999        3.3811984139299787     
   1.2000000000000000        2.8614301857298430     
   1.2500000000000000        1.8181269467697081     
   1.3000000000000000        1.1280610425068194     
   1.3499999999999999        1.2108660596219385     
   1.3999999999999999        1.1943589713501299     
   1.4500000000000000        1.2144950472580189     
   1.5000000000000000        1.1399239417274467     
   1.5500000000000000        1.1714707638300486     
   1.6000000000000001        1.1946982224572733     
   1.6499999999999999        1.1768624721179617     
   1.7000000000000000        1.1820079626677371     
   1.7500000000000000        1.1852794712361170     
   1.8000000000000000        1.1824362530964423     
   1.8499999999999999        1.1839622401055858     
   1.9000000000000001        1.1836178653382881     
   1.9500000000000000        1.1835709789571833     
   2.0000000000000000        1.1836672713753398     
   2.0499999999999998        1.1836629047563059     
   2.1000000000000001        1.1836597023672626     
   2.1499999999999999        1.1836601448373314     
   2.2000000000000002        1.1836603982152554     
   2.2500000000000000        1.1836602664545528     
   2.2999999999999998        1.1836600189195732     
   2.3500000000000001        1.1836598198178003     
   2.3999999999999999        1.1836596068964225     
   2.4500000000000002        1.1836594492472097     
   2.5000000000000000        1.1836593217456528     
   2.5499999999999998        1.1836592281881264     
   2.6000000000000001        1.1836591638608160     
   2.6499999999999999        1.1836591157380973     
   2.7000000000000002        1.1836590828447120     
   2.7500000000000000        1.1836590607037569     
   2.7999999999999998        1.1836590454101508     
   2.8500000000000001        1.1836590354009027     
   2.8999999999999999        1.1836590286284543     
   2.9500000000000002        1.1836590241762881     
   3.0000000000000000        1.1836590212542499     
   3.0499999999999998        1.1836590193712371     
   3.1000000000000001        1.1836590181356352     
   3.1499999999999999        1.1836590173337584     
   3.2000000000000002        1.1836590168141317     
   3.2500000000000000        1.1836590164830096     
   3.2999999999999998        1.1836590162680927     
   3.3500000000000001        1.1836590161315832     
   3.3999999999999999        1.1836590160436975     
   3.4500000000000002        1.1836590159876832     
   3.5000000000000000        1.1836590159518889     
   3.5499999999999998        1.1836590159291047     
   3.6000000000000001        1.1836590159145786     
   3.6499999999999999        1.1836590159053695     
   3.7000000000000002        1.1836590158995175     
   3.7500000000000000        1.1836590158957989     
   3.7999999999999998        1.1836590158934335     
   3.8500000000000001        1.1836590158919389     
   3.8999999999999999        1.1836590158910019     
   3.9500000000000002        1.1836590158903986     
   4.0000000000000000        1.1836590158900198     
   4.0499999999999998        1.1836590158897737     
   4.0999999999999996        1.1836590158896285     
   4.1500000000000004        1.1836590158895279     
   4.2000000000000002        1.1836590158894547     
   4.2500000000000000        1.1836590158894293     
   4.2999999999999998        1.1836590158893980     
   4.3499999999999996        1.1836590158893792     
   4.4000000000000004        1.1836590158893867     
   4.4500000000000002        1.1836590158893769     
   4.5000000000000000        1.1836590158893541     
 zone T = "ep =   0.39810717055349726      ",
   1.0000000000000000        5.7673838882160942     
   1.0500000000000000        1.3483697065567637     
   1.1000000000000001        1.0996449635759076     
   1.1499999999999999       0.78426624094381825     
   1.2000000000000000        1.1070348593126544     
   1.2500000000000000        1.2662398427686286     
   1.3000000000000000        1.3402251462071035     
   1.3499999999999999        1.2492417261286999     
   1.3999999999999999        1.2698590742564431     
   1.4500000000000000        1.2911034624333650     
   1.5000000000000000        1.2791958316135312     
   1.5500000000000000        1.2359656355084943     
   1.6000000000000001        1.2672698497626660     
   1.6499999999999999        1.2720524966817970     
   1.7000000000000000        1.2619380070671395     
   1.7500000000000000        1.2685303373288117     
   1.8000000000000000        1.2670238837512378     
   1.8499999999999999        1.2674254787831201     
   1.9000000000000001        1.2672229528130405     
   1.9500000000000000        1.2674452425992666     
   2.0000000000000000        1.2673352656182744     
   2.0499999999999998        1.2673527439369545     
   2.1000000000000001        1.2673584241721012     
   2.1499999999999999        1.2673576324918179     
   2.2000000000000002        1.2673567510510628     
   2.2500000000000000        1.2673560217062751     
   2.2999999999999998        1.2673554364240396     
   2.3500000000000001        1.2673550414077690     
   2.3999999999999999        1.2673547288734528     
   2.4500000000000002        1.2673545183000900     
   2.5000000000000000        1.2673543662297444     
   2.5499999999999998        1.2673542619409135     
   2.6000000000000001        1.2673541934135357     
   2.6499999999999999        1.2673541448147179     
   2.7000000000000002        1.2673541126045507     
   2.7500000000000000        1.2673540914611987     
   2.7999999999999998        1.2673540772016969     
   2.8500000000000001        1.2673540680187863     
   2.8999999999999999        1.2673540619036272     
   2.9500000000000002        1.2673540579323894     
   3.0000000000000000        1.2673540553524736     
   3.0499999999999998        1.2673540537040917     
   3.1000000000000001        1.2673540526305771     
   3.1499999999999999        1.2673540519383317     
   3.2000000000000002        1.2673540514921493     
   3.2500000000000000        1.2673540512091865     
   3.2999999999999998        1.2673540510262431     
   3.3500000000000001        1.2673540509104655     
   3.3999999999999999        1.2673540508361463     
   3.4500000000000002        1.2673540507889074     
   3.5000000000000000        1.2673540507587879     
   3.5499999999999998        1.2673540507396566     
   3.6000000000000001        1.2673540507274788     
   3.6499999999999999        1.2673540507197714     
   3.7000000000000002        1.2673540507148828     
   3.7500000000000000        1.2673540507117735     
   3.7999999999999998        1.2673540507098073     
   3.8500000000000001        1.2673540507085597     
   3.8999999999999999        1.2673540507077814     
   3.9500000000000002        1.2673540507072785     
   4.0000000000000000        1.2673540507069705     
   4.0499999999999998        1.2673540507067562     
   4.0999999999999996        1.2673540507066388     
   4.1500000000000004        1.2673540507065515     
   4.2000000000000002        1.2673540507064929     
   4.2500000000000000        1.2673540507064782     
   4.2999999999999998        1.2673540507064365     
   4.3499999999999996        1.2673540507064234     
   4.4000000000000004        1.2673540507064402     
   4.4500000000000002        1.2673540507064494     
   4.5000000000000000        1.2673540507064025     
 zone T = "ep =   0.31622776601683794      ",
   1.0000000000000000        1.3661733530304290     
   1.0500000000000000       0.99597920907550985     
   1.1000000000000001        2.2037356220329554     
   1.1499999999999999        3.9098973000125921     
   1.2000000000000000        1.1354881975795375     
   1.2500000000000000        1.5452584469189834     
   1.3000000000000000        3.1268952134275172     
   1.3499999999999999        1.2606191709123196     
   1.3999999999999999        1.3076081151979688     
   1.4500000000000000        1.2527211183172073     
   1.5000000000000000        1.3101599660560783     
   1.5500000000000000        1.2921371106729138     
   1.6000000000000001        1.2823907146348581     
   1.6499999999999999        1.2974255008096056     
   1.7000000000000000        1.2957203381530862     
   1.7500000000000000        1.2932425029757404     
   1.8000000000000000        1.2963166723449200     
   1.8499999999999999        1.2949097427174356     
   1.9000000000000001        1.2956682143399754     
   1.9500000000000000        1.2953820366276951     
   2.0000000000000000        1.2954934848917692     
   2.0499999999999998        1.2954945431712774     
   2.1000000000000001        1.2954898848577621     
   2.1499999999999999        1.2954924504393175     
   2.2000000000000002        1.2954939107199763     
   2.2500000000000000        1.2954945056126259     
   2.2999999999999998        1.2954947580907448     
   2.3500000000000001        1.2954949093784314     
   2.3999999999999999        1.2954949676315219     
   2.4500000000000002        1.2954950006134551     
   2.5000000000000000        1.2954950111071282     
   2.5499999999999998        1.2954950140511781     
   2.6000000000000001        1.2954950155577989     
   2.6499999999999999        1.2954950134096239     
   2.7000000000000002        1.2954950114768613     
   2.7500000000000000        1.2954950099944833     
   2.7999999999999998        1.2954950085651777     
   2.8500000000000001        1.2954950076475926     
   2.8999999999999999        1.2954950068932589     
   2.9500000000000002        1.2954950063730364     
   3.0000000000000000        1.2954950060116066     
   3.0499999999999998        1.2954950057820045     
   3.1000000000000001        1.2954950056191419     
   3.1499999999999999        1.2954950055094485     
   3.2000000000000002        1.2954950054355354     
   3.2500000000000000        1.2954950053893131     
   3.2999999999999998        1.2954950053575565     
   3.3500000000000001        1.2954950053377396     
   3.3999999999999999        1.2954950053245200     
   3.4500000000000002        1.2954950053160672     
   3.5000000000000000        1.2954950053105772     
   3.5499999999999998        1.2954950053070606     
   3.6000000000000001        1.2954950053047862     
   3.6499999999999999        1.2954950053033514     
   3.7000000000000002        1.2954950053024368     
   3.7500000000000000        1.2954950053018419     
   3.7999999999999998        1.2954950053014651     
   3.8500000000000001        1.2954950053012266     
   3.8999999999999999        1.2954950053010903     
   3.9500000000000002        1.2954950053009870     
   4.0000000000000000        1.2954950053009378     
   4.0499999999999998        1.2954950053008765     
   4.0999999999999996        1.2954950053008640     
   4.1500000000000004        1.2954950053008352     
   4.2000000000000002        1.2954950053008172     
   4.2500000000000000        1.2954950053008367     
   4.2999999999999998        1.2954950053008021     
   4.3499999999999996        1.2954950053007948     
   4.4000000000000004        1.2954950053008272     
   4.4500000000000002        1.2954950053008447     
   4.5000000000000000        1.2954950053007830     
 zone T = "ep =   0.25118864315095801      ",
   1.0000000000000000       0.50519765140612605     
   1.0500000000000000       0.95382710688113448     
   1.1000000000000001       0.68558728512179834     
   1.1499999999999999       0.90944495320917662     
   1.2000000000000000        1.5017829423865046     
   1.2500000000000000        1.4708973004037060     
   1.3000000000000000        1.1260045156377310     
   1.3499999999999999        1.5455179931277805     
   1.3999999999999999        1.2103503220829119     
   1.4500000000000000        1.2254703714333754     
   1.5000000000000000        1.2391546990563123     
   1.5500000000000000        1.2355288182510149     
   1.6000000000000001        1.2204831101370366     
   1.6499999999999999        1.2284186720184733     
   1.7000000000000000        1.2305587008553234     
   1.7500000000000000        1.2290829496896594     
   1.8000000000000000        1.2303290627815462     
   1.8499999999999999        1.2304705257929351     
   1.9000000000000001        1.2304234435055594     
   1.9500000000000000        1.2305734684317953     
   2.0000000000000000        1.2306148717262824     
   2.0499999999999998        1.2306207441900812     
   2.1000000000000001        1.2306485314421491     
   2.1499999999999999        1.2306597494804328     
   2.2000000000000002        1.2306664260954145     
   2.2500000000000000        1.2306708542770108     
   2.2999999999999998        1.2306736852044173     
   2.3500000000000001        1.2306755116113841     
   2.3999999999999999        1.2306766555406554     
   2.4500000000000002        1.2306773850970008     
   2.5000000000000000        1.2306778438383239     
   2.5499999999999998        1.2306781341836601     
   2.6000000000000001        1.2306783193850683     
   2.6499999999999999        1.2306784351454680     
   2.7000000000000002        1.2306785085225191     
   2.7500000000000000        1.2306785550859924     
   2.7999999999999998        1.2306785843549517     
   2.8500000000000001        1.2306786029746422     
   2.8999999999999999        1.2306786146804622     
   2.9500000000000002        1.2306786220879113     
   3.0000000000000000        1.2306786267679941     
   3.0499999999999998        1.2306786297388317     
   3.1000000000000001        1.2306786316099509     
   3.1499999999999999        1.2306786327913863     
   3.2000000000000002        1.2306786335367055     
   3.2500000000000000        1.2306786340093980     
   3.2999999999999998        1.2306786343067730     
   3.3500000000000001        1.2306786344952603     
   3.3999999999999999        1.2306786346140020     
   3.4500000000000002        1.2306786346890581     
   3.5000000000000000        1.2306786347364187     
   3.5499999999999998        1.2306786347663274     
   3.6000000000000001        1.2306786347851899     
   3.6499999999999999        1.2306786347971190     
   3.7000000000000002        1.2306786348046592     
   3.7500000000000000        1.2306786348093972     
   3.7999999999999998        1.2306786348123926     
   3.8500000000000001        1.2306786348142862     
   3.8999999999999999        1.2306786348155037     
   3.9500000000000002        1.2306786348162486     
   4.0000000000000000        1.2306786348167411     
   4.0499999999999998        1.2306786348170062     
   4.0999999999999996        1.2306786348172170     
   4.1500000000000004        1.2306786348173135     
   4.2000000000000002        1.2306786348173802     
   4.2500000000000000        1.2306786348174659     
   4.2999999999999998        1.2306786348174448     
   4.3499999999999996        1.2306786348174572     
   4.4000000000000004        1.2306786348175258     
   4.4500000000000002        1.2306786348175611     
   4.5000000000000000        1.2306786348174688     
 zone T = "ep =   0.19952623149688800      ",
   1.0000000000000000        1.1748344572359739     
   1.0500000000000000        1.7274478165305003     
   1.1000000000000001        2.8789984388456453     
   1.1499999999999999       0.90665183348868505     
   1.2000000000000000       0.67860841169487440     
   1.2500000000000000        2.1656824398758401     
   1.3000000000000000       0.98462236210257570     
   1.3499999999999999        1.0936441840009190     
   1.3999999999999999       0.56668872748566490     
   1.4500000000000000       0.68747375228579399     
   1.5000000000000000       0.53256289288907588     
   1.5500000000000000       0.72076608809435516     
   1.6000000000000001       0.70420901416268122     
   1.6499999999999999       0.69561747569895382     
   1.7000000000000000       0.70472656159440250     
   1.7500000000000000       0.70098190268317873     
   1.8000000000000000       0.70506442355405419     
   1.8499999999999999       0.70654605794234604     
   1.9000000000000001       0.70608413288484906     
   1.9500000000000000       0.70719985001842733     
   2.0000000000000000       0.70716108080311413     
   2.0499999999999998       0.70744319279303658     
   2.1000000000000001       0.70755770424292186     
   2.1499999999999999       0.70763009301631807     
   2.2000000000000002       0.70768352211975549     
   2.2500000000000000       0.70771760934080263     
   2.2999999999999998       0.70773934714045794     
   2.3500000000000001       0.70775330229592293     
   2.3999999999999999       0.70776220029497794     
   2.4500000000000002       0.70776788304567284     
   2.5000000000000000       0.70777149688294894     
   2.5499999999999998       0.70777379492022063     
   2.6000000000000001       0.70777525708727573     
   2.6499999999999999       0.70777618326258473     
   2.7000000000000002       0.70777677114398918     
   2.7500000000000000       0.70777714422199334     
   2.7999999999999998       0.70777738048414374     
   2.8500000000000001       0.70777753038794100     
   2.8999999999999999       0.70777762526440513     
   2.9500000000000002       0.70777768536970564     
   3.0000000000000000       0.70777772342579848     
   3.0499999999999998       0.70777774753644640     
   3.1000000000000001       0.70777776278615445     
   3.1499999999999999       0.70777777243375806     
   3.2000000000000002       0.70777777853493462     
   3.2500000000000000       0.70777778239634503     
   3.2999999999999998       0.70777778483613663     
   3.3500000000000001       0.70777778637952438     
   3.3999999999999999       0.70777778735460339     
   3.4500000000000002       0.70777778797095248     
   3.5000000000000000       0.70777778836035943     
   3.5499999999999998       0.70777778860635721     
   3.6000000000000001       0.70777778876172159     
   3.6499999999999999       0.70777778885990361     
   3.7000000000000002       0.70777778892195764     
   3.7500000000000000       0.70777778896105792     
   3.7999999999999998       0.70777778898576926     
   3.8500000000000001       0.70777778900137545     
   3.8999999999999999       0.70777778901132860     
   3.9500000000000002       0.70777778901750865     
   4.0000000000000000       0.70777778902151189     
   4.0499999999999998       0.70777778902385824     
   4.0999999999999996       0.70777778902549260     
   4.1500000000000004       0.70777778902639321     
   4.2000000000000002       0.70777778902697808     
   4.2500000000000000       0.70777778902751165     
   4.2999999999999998       0.70777778902757438     
   4.3499999999999996       0.70777778902770738     
   4.4000000000000004       0.70777778902801414     
   4.4500000000000002       0.70777778902820132     
   4.5000000000000000       0.70777778902786481     
 zone T = "ep =   0.15848931924611132      ",
   1.0000000000000000        1.3666926735976908     
   1.0500000000000000        1.3446821780859453     
   1.1000000000000001        2.3301543590681675     
   1.1499999999999999        1.3226910479449137     
   1.2000000000000000        1.7577991685857013     
   1.2500000000000000        3.4662288821957357     
   1.3000000000000000        1.6570713923978426     
   1.3499999999999999        1.3199716795408230     
   1.3999999999999999        1.0773827004657472     
   1.4500000000000000       0.52730557996734395     
   1.5000000000000000        3.8457710069930089     
   1.5500000000000000       0.43217987228479093     
   1.6000000000000001       0.48952415937451460     
   1.6499999999999999       0.46520112930610619     
   1.7000000000000000       0.45855263842452665     
   1.7500000000000000       0.47723184915609373     
   1.8000000000000000       0.46917329677397684     
   1.8499999999999999       0.46137187980651040     
   1.9000000000000001       0.46467025256925110     
   1.9500000000000000       0.46159673844343513     
   2.0000000000000000       0.46162367132834042     
   2.0499999999999998       0.46085218702480790     
   2.1000000000000001       0.46064104898581126     
   2.1499999999999999       0.46040852528555432     
   2.2000000000000002       0.46026743942671605     
   2.2500000000000000       0.46017807311542003     
   2.2999999999999998       0.46011993394811412     
   2.3500000000000001       0.46008246490593596     
   2.3999999999999999       0.46005846157490049     
   2.4500000000000002       0.46004313699080829     
   2.5000000000000000       0.46003337809790013     
   2.5499999999999998       0.46002717390740150     
   2.6000000000000001       0.46002323428908326     
   2.6499999999999999       0.46002073530182708     
   2.7000000000000002       0.46001915100377649     
   2.7500000000000000       0.46001814707640620     
   2.7999999999999998       0.46001751120110462     
   2.8500000000000001       0.46001710853185596     
   2.8999999999999999       0.46001685363099248     
   2.9500000000000002       0.46001669230121484     
   3.0000000000000000       0.46001659021711339     
   3.0499999999999998       0.46001652563241169     
   3.1000000000000001       0.46001648478260976     
   3.1499999999999999       0.46001645894937870     
   3.2000000000000002       0.46001644261560515     
   3.2500000000000000       0.46001643228940126     
   3.2999999999999998       0.46001642576262392     
   3.3500000000000001       0.46001642163775358     
   3.3999999999999999       0.46001641903134760     
   3.4500000000000002       0.46001641738454940     
   3.5000000000000000       0.46001641634418011     
   3.5499999999999998       0.46001641568710600     
   3.6000000000000001       0.46001641527213555     
   3.6499999999999999       0.46001641500999757     
   3.7000000000000002       0.46001641484438371     
   3.7500000000000000       0.46001641473996857     
   3.7999999999999998       0.46001641467400617     
   3.8500000000000001       0.46001641463235543     
   3.8999999999999999       0.46001641460586457     
   3.9500000000000002       0.46001641458933484     
   4.0000000000000000       0.46001641457872910     
   4.0499999999999998       0.46001641457237152     
   4.0999999999999996       0.46001641456804476     
   4.1500000000000004       0.46001641456557879     
   4.2000000000000002       0.46001641456399023     
   4.2500000000000000       0.46001641456263942     
   4.2999999999999998       0.46001641456237596     
   4.3499999999999996       0.46001641456201109     
   4.4000000000000004       0.46001641456134479     
   4.4500000000000002       0.46001641456093234     
   4.5000000000000000       0.46001641456157671     
 zone T = "ep =   0.12589254117941670      ",
   1.0000000000000000       0.14090181237261343     
   1.0500000000000000        1.6616923848554586     
   1.1000000000000001       0.63908495354232697     
   1.1499999999999999       0.94580696904102901     
   1.2000000000000000        2.8763882350622070     
   1.2500000000000000        4.4351858401222284     
   1.3000000000000000        1.1656863437883458     
   1.3499999999999999        2.2404514704989307     
   1.3999999999999999        1.2636046178752967     
   1.4500000000000000        1.2705231764328722     
   1.5000000000000000        1.2756460524118629     
   1.5500000000000000        1.2845564033378303     
   1.6000000000000001        1.2839933326291235     
   1.6499999999999999        1.2930145431708637     
   1.7000000000000000        1.2965561703428019     
   1.7500000000000000        1.2926669120021375     
   1.8000000000000000        1.2926310856130816     
   1.8499999999999999        1.2946215715997982     
   1.9000000000000001        1.2942361042390349     
   1.9500000000000000        1.2944819995798993     
   2.0000000000000000        1.2946446600872048     
   2.0499999999999998        1.2947099882541517     
   2.1000000000000001        1.2947624243500842     
   2.1499999999999999        1.2948019262585355     
   2.2000000000000002        1.2948237310648794     
   2.2500000000000000        1.2948384917141260     
   2.2999999999999998        1.2948480434752292     
   2.3500000000000001        1.2948541526655390     
   2.3999999999999999        1.2948580440686219     
   2.4500000000000002        1.2948605213287330     
   2.5000000000000000        1.2948620938491402     
   2.5499999999999998        1.2948630910921091     
   2.6000000000000001        1.2948637232455531     
   2.6499999999999999        1.2948641230359910     
   2.7000000000000002        1.2948643760063474     
   2.7500000000000000        1.2948645360292235     
   2.7999999999999998        1.2948646371538746     
   2.8500000000000001        1.2948647011045937     
   2.8999999999999999        1.2948647415034840     
   2.9500000000000002        1.2948647670341835     
   3.0000000000000000        1.2948647831649325     
   3.0499999999999998        1.2948647933595583     
   3.1000000000000001        1.2948647997980451     
   3.1499999999999999        1.2948648038648272     
   3.2000000000000002        1.2948648064331836     
   3.2500000000000000        1.2948648080557883     
   3.2999999999999998        1.2948648090801804     
   3.3500000000000001        1.2948648097272382     
   3.3999999999999999        1.2948648101357350     
   3.4500000000000002        1.2948648103936837     
   3.5000000000000000        1.2948648105565370     
   3.5499999999999998        1.2948648106593414     
   3.6000000000000001        1.2948648107242344     
   3.6499999999999999        1.2948648107652112     
   3.7000000000000002        1.2948648107910889     
   3.7500000000000000        1.2948648108073990     
   3.7999999999999998        1.2948648108177010     
   3.8500000000000001        1.2948648108242036     
   3.8999999999999999        1.2948648108283343     
   3.9500000000000002        1.2948648108309131     
   4.0000000000000000        1.2948648108325662     
   4.0499999999999998        1.2948648108335623     
   4.0999999999999996        1.2948648108342355     
   4.1500000000000004        1.2948648108346237     
   4.2000000000000002        1.2948648108348708     
   4.2500000000000000        1.2948648108350718     
   4.2999999999999998        1.2948648108351239     
   4.3499999999999996        1.2948648108351839     
   4.4000000000000004        1.2948648108352818     
   4.4500000000000002        1.2948648108353380     
   4.5000000000000000        1.2948648108352550     
 zone T = "ep =   0.10000000000000001      ",
   1.0000000000000000       0.87807050171804568     
   1.0500000000000000        1.2814602871472476     
   1.1000000000000001       0.57843122289156201     
   1.1499999999999999        1.1313181199943698     
   1.2000000000000000        1.2992699439120972     
   1.2500000000000000        1.3101827650491675     
   1.3000000000000000        3.0926702145068301     
   1.3499999999999999        1.8039488949634461     
   1.3999999999999999        1.2996337456518527     
   1.4500000000000000        1.4019254742035132     
   1.5000000000000000        1.4217261424640975     
   1.5500000000000000        1.3169370390388622     
   1.6000000000000001        1.4064196802481543     
   1.6499999999999999        1.4167618319396889     
   1.7000000000000000        1.4225239897273816     
   1.7500000000000000        1.4194385457856531     
   1.8000000000000000        1.4189396366372242     
   1.8499999999999999        1.4205697252237015     
   1.9000000000000001        1.4203831379198613     
   1.9500000000000000        1.4204925085124336     
   2.0000000000000000        1.4206605127857672     
   2.0499999999999998        1.4206806169916455     
   2.1000000000000001        1.4207249355466209     
   2.1499999999999999        1.4207487963204839     
   2.2000000000000002        1.4207609488435720     
   2.2500000000000000        1.4207696753666248     
   2.2999999999999998        1.4207749765156596     
   2.3500000000000001        1.4207782662529185     
   2.3999999999999999        1.4207802879353602     
   2.4500000000000002        1.4207815556939269     
   2.5000000000000000        1.4207823429884703     
   2.5499999999999998        1.4207828357608883     
   2.6000000000000001        1.4207831470202419     
   2.6499999999999999        1.4207833401048866     
   2.7000000000000002        1.4207834615724566     
   2.7500000000000000        1.4207835381329126     
   2.7999999999999998        1.4207835859748308     
   2.8500000000000001        1.4207836162351899     
   2.8999999999999999        1.4207836351622771     
   2.9500000000000002        1.4207836470817412     
   3.0000000000000000        1.4207836545782060     
   3.0499999999999998        1.4207836593170367     
   3.1000000000000001        1.4207836622898939     
   3.1499999999999999        1.4207836641601674     
   3.2000000000000002        1.4207836653360155     
   3.2500000000000000        1.4207836660794992     
   3.2999999999999998        1.4207836665458313     
   3.3500000000000001        1.4207836668406675     
   3.3999999999999999        1.4207836670259426     
   3.4500000000000002        1.4207836671427918     
   3.5000000000000000        1.4207836672163685     
   3.5499999999999998        1.4207836672627547     
   3.6000000000000001        1.4207836672919674     
   3.6499999999999999        1.4207836673104042     
   3.7000000000000002        1.4207836673220287     
   3.7500000000000000        1.4207836673293484     
   3.7999999999999998        1.4207836673339638     
   3.8500000000000001        1.4207836673368752     
   3.8999999999999999        1.4207836673387246     
   3.9500000000000002        1.4207836673398773     
   4.0000000000000000        1.4207836673406158     
   4.0499999999999998        1.4207836673410585     
   4.0999999999999996        1.4207836673413601     
   4.1500000000000004        1.4207836673415317     
   4.2000000000000002        1.4207836673416412     
   4.2500000000000000        1.4207836673417349     
   4.2999999999999998        1.4207836673417544     
   4.3499999999999996        1.4207836673417804     
   4.4000000000000004        1.4207836673418266     
   4.4500000000000002        1.4207836673418530     
   4.5000000000000000        1.4207836673418093     
 zone T = "ep =   7.94328234724281379E-002 ",
   1.0000000000000000       0.54263245348510347     
   1.0500000000000000        1.0020016974593133     
   1.1000000000000001       0.78767379935045589     
   1.1499999999999999        1.2752457902551977     
   1.2000000000000000        2.2172718221413761     
   1.2500000000000000        1.2985491404275802     
   1.3000000000000000       0.96200257083661578     
   1.3499999999999999        1.2929702413390280     
   1.3999999999999999       0.89589949913903866     
   1.4500000000000000        4.3814430030408014     
   1.5000000000000000        1.4191307651438143     
   1.5500000000000000        1.4130929989182646     
   1.6000000000000001        1.4137564096003026     
   1.6499999999999999        1.4043304703798476     
   1.7000000000000000        1.4151314162551540     
   1.7500000000000000        1.4119321667059743     
   1.8000000000000000        1.4106713244027804     
   1.8499999999999999        1.4134436057313198     
   1.9000000000000001        1.4129359205835823     
   1.9500000000000000        1.4128554459396585     
   2.0000000000000000        1.4132288270703821     
   2.0499999999999998        1.4131041467812877     
   2.1000000000000001        1.4131881912613380     
   2.1499999999999999        1.4131832097013635     
   2.2000000000000002        1.4131869992622033     
   2.2500000000000000        1.4131898382314985     
   2.2999999999999998        1.4131898429258676     
   2.3500000000000001        1.4131896366719605     
   2.3999999999999999        1.4131892650769193     
   2.4500000000000002        1.4131889696047726     
   2.5000000000000000        1.4131887189149290     
   2.5499999999999998        1.4131885370180461     
   2.6000000000000001        1.4131884187549035     
   2.6499999999999999        1.4131883300491079     
   2.7000000000000002        1.4131882717639523     
   2.7500000000000000        1.4131882342082254     
   2.7999999999999998        1.4131882086248952     
   2.8500000000000001        1.4131881926414782     
   2.8999999999999999        1.4131881819175580     
   2.9500000000000002        1.4131881750470121     
   3.0000000000000000        1.4131881706162472     
   3.0499999999999998        1.4131881678467926     
   3.1000000000000001        1.4131881660362915     
   3.1499999999999999        1.4131881648732241     
   3.2000000000000002        1.4131881641238302     
   3.2500000000000000        1.4131881636561452     
   3.2999999999999998        1.4131881633510297     
   3.3500000000000001        1.4131881631605079     
   3.3999999999999999        1.4131881630375573     
   3.4500000000000002        1.4131881629597385     
   3.5000000000000000        1.4131881629100687     
   3.5499999999999998        1.4131881628785981     
   3.6000000000000001        1.4131881628585417     
   3.6499999999999999        1.4131881628458836     
   3.7000000000000002        1.4131881628378427     
   3.7500000000000000        1.4131881628327490     
   3.7999999999999998        1.4131881628295138     
   3.8500000000000001        1.4131881628274692     
   3.8999999999999999        1.4131881628261758     
   3.9500000000000002        1.4131881628253553     
   4.0000000000000000        1.4131881628248357     
   4.0499999999999998        1.4131881628245091     
   4.0999999999999996        1.4131881628243013     
   4.1500000000000004        1.4131881628241707     
   4.2000000000000002        1.4131881628240870     
   4.2500000000000000        1.4131881628240379     
   4.2999999999999998        1.4131881628240004     
   4.3499999999999996        1.4131881628239829     
   4.4000000000000004        1.4131881628239693     
   4.4500000000000002        1.4131881628239578     
   4.5000000000000000        1.4131881628239540     
 zone T = "ep =   6.30957344480193305E-002 ",
   1.0000000000000000       0.83736668220320554     
   1.0500000000000000        1.8912485559152465     
   1.1000000000000001        4.3483084561319236     
   1.1499999999999999        1.0477404873178116     
   1.2000000000000000        4.9170799001289938     
   1.2500000000000000        1.2439550052888337     
   1.3000000000000000        1.3867836548968726     
   1.3499999999999999        2.1688285305657233     
   1.3999999999999999      -0.33597042095668095     
   1.4500000000000000        5.8059574323171184     
   1.5000000000000000        1.3990030168707939     
   1.5500000000000000        1.4032842744262999     
   1.6000000000000001        1.4073378300077153     
   1.6499999999999999        1.3628582135452991     
   1.7000000000000000        1.3881186082754466     
   1.7500000000000000        1.3848599991513528     
   1.8000000000000000        1.3807879841591737     
   1.8499999999999999        1.3861258862595633     
   1.9000000000000001        1.3859523385088721     
   1.9500000000000000        1.3847310025917168     
   2.0000000000000000        1.3857511298943108     
   2.0499999999999998        1.3853424283910227     
   2.1000000000000001        1.3855026871587228     
   2.1499999999999999        1.3854314217763211     
   2.2000000000000002        1.3854372108130300     
   2.2500000000000000        1.3854259068998491     
   2.2999999999999998        1.3854165181978015     
   2.3500000000000001        1.3854105569796515     
   2.3999999999999999        1.3854061190483158     
   2.4500000000000002        1.3854031463026024     
   2.5000000000000000        1.3854010973227633     
   2.5499999999999998        1.3853997399949127     
   2.6000000000000001        1.3853988719413854     
   2.6499999999999999        1.3853982863088128     
   2.7000000000000002        1.3853979100731106     
   2.7500000000000000        1.3853976702503656     
   2.7999999999999998        1.3853975138689809     
   2.8500000000000001        1.3853974155287709     
   2.8999999999999999        1.3853973518135174     
   2.9500000000000002        1.3853973113426554     
   3.0000000000000000        1.3853972855711119     
   3.0499999999999998        1.3853972693861620     
   3.1000000000000001        1.3853972590201555     
   3.1499999999999999        1.3853972524320002     
   3.2000000000000002        1.3853972482392085     
   3.2500000000000000        1.3853972456093766     
   3.2999999999999998        1.3853972439259747     
   3.3500000000000001        1.3853972428698866     
   3.3999999999999999        1.3853972421971206     
   3.4500000000000002        1.3853972417723570     
   3.5000000000000000        1.3853972415030940     
   3.5499999999999998        1.3853972413329947     
   3.6000000000000001        1.3853972412252331     
   3.6499999999999999        1.3853972411572653     
   3.7000000000000002        1.3853972411142530     
   3.7500000000000000        1.3853972410870989     
   3.7999999999999998        1.3853972410699094     
   3.8500000000000001        1.3853972410590614     
   3.8999999999999999        1.3853972410521844     
   3.9500000000000002        1.3853972410478648     
   4.0000000000000000        1.3853972410451130     
   4.0499999999999998        1.3853972410434106     
   4.0999999999999996        1.3853972410423057     
   4.1500000000000004        1.3853972410416346     
   4.2000000000000002        1.3853972410412065     
   4.2500000000000000        1.3853972410409023     
   4.2999999999999998        1.3853972410407676     
   4.3499999999999996        1.3853972410406667     
   4.4000000000000004        1.3853972410405493     
   4.4500000000000002        1.3853972410404927     
   4.5000000000000000        1.3853972410405364     
 zone T = "ep =   5.01187233627272272E-002 ",
   1.0000000000000000        1.3703735593891126     
   1.0500000000000000       0.95997440287757629     
   1.1000000000000001       0.96168681801946887     
   1.1499999999999999       0.93708331273859014     
   1.2000000000000000        2.9520869659060995     
   1.2500000000000000        1.7113074686476646     
   1.3000000000000000        2.5572988249932305     
   1.3499999999999999       0.95512164331007721     
   1.3999999999999999        1.5932045447514136     
   1.4500000000000000        1.0426444395471568     
   1.5000000000000000        1.3806407820873172     
   1.5500000000000000        1.3919141574389844     
   1.6000000000000001        1.3891727312613829     
   1.6499999999999999        1.3000104605781244     
   1.7000000000000000        1.3559929524850178     
   1.7500000000000000        1.3544836462043717     
   1.8000000000000000        1.3453336240160951     
   1.8499999999999999        1.3528600278700924     
   1.9000000000000001        1.3548805730866185     
   1.9500000000000000        1.3517919346132874     
   2.0000000000000000        1.3532724744955102     
   2.0499999999999998        1.3528962024319244     
   2.1000000000000001        1.3529347457482570     
   2.1499999999999999        1.3528584127296013     
   2.2000000000000002        1.3528531146424174     
   2.2500000000000000        1.3528175056367728     
   2.2999999999999998        1.3527973947870200     
   2.3500000000000001        1.3527837882902294     
   2.3999999999999999        1.3527736759619560     
   2.4500000000000002        1.3527669586206208     
   2.5000000000000000        1.3527623686998971     
   2.5499999999999998        1.3527593371760107     
   2.6000000000000001        1.3527573940695048     
   2.6499999999999999        1.3527560881272243     
   2.7000000000000002        1.3527552476726512     
   2.7500000000000000        1.3527547104831608     
   2.7999999999999998        1.3527543603093553     
   2.8500000000000001        1.3527541393035014     
   2.8999999999999999        1.3527539961941739     
   2.9500000000000002        1.3527539051667326     
   3.0000000000000000        1.3527538471717546     
   3.0499999999999998        1.3527538106823254     
   3.1000000000000001        1.3527537873368132     
   3.1499999999999999        1.3527537725054082     
   3.2000000000000002        1.3527537630744404     
   3.2500000000000000        1.3527537571542847     
   3.2999999999999998        1.3527537533719949     
   3.3500000000000001        1.3527537509979322     
   3.3999999999999999        1.3527537494878183     
   3.4500000000000002        1.3527537485347638     
   3.5000000000000000        1.3527537479311793     
   3.5499999999999998        1.3527537475500733     
   3.6000000000000001        1.3527537473088420     
   3.6499999999999999        1.3527537471567421     
   3.7000000000000002        1.3527537470605431     
   3.7500000000000000        1.3527537469998412     
   3.7999999999999998        1.3527537469614408     
   3.8500000000000001        1.3527537469372146     
   3.8999999999999999        1.3527537469218707     
   3.9500000000000002        1.3527537469122244     
   4.0000000000000000        1.3527537469060789     
   4.0499999999999998        1.3527537469022994     
   4.0999999999999996        1.3527537468998305     
   4.1500000000000004        1.3527537468983311     
   4.2000000000000002        1.3527537468973834     
   4.2500000000000000        1.3527537468966990     
   4.2999999999999998        1.3527537468964081     
   4.3499999999999996        1.3527537468961843     
   4.4000000000000004        1.3527537468959254     
   4.4500000000000002        1.3527537468957687     
   4.5000000000000000        1.3527537468958775     
 zone T = "ep =   3.98107170553497342E-002 ",
   1.0000000000000000        2.4693146823079544     
   1.0500000000000000       0.92313420060907025     
   1.1000000000000001        1.8609788590734193     
   1.1499999999999999        1.9522571819671986     
   1.2000000000000000        1.2941991328353875     
   1.2500000000000000        1.9046027031093118     
   1.3000000000000000        3.7483842126642233     
   1.3499999999999999       0.87484364624653788     
   1.3999999999999999        2.8447515922641884     
   1.4500000000000000       0.73631954483418594     
   1.5000000000000000        1.3654529330032084     
   1.5500000000000000        1.3817295219861467     
   1.6000000000000001        1.3676058295397462     
   1.6499999999999999        1.2251248633027891     
   1.7000000000000000        1.3203353735980785     
   1.7500000000000000        1.3243129203088684     
   1.8000000000000000        1.3092712148345047     
   1.8499999999999999        1.3166088000843350     
   1.9000000000000001        1.3225977846221784     
   1.9500000000000000        1.3180699616516958     
   2.0000000000000000        1.3190504049312379     
   2.0499999999999998        1.3193073172134573     
   2.1000000000000001        1.3189430618892004     
   2.1499999999999999        1.3189811076038400     
   2.2000000000000002        1.3189144726058790     
   2.2500000000000000        1.3188612452942949     
   2.2999999999999998        1.3188300915180755     
   2.3500000000000001        1.3188068635398489     
   2.3999999999999999        1.3187898770512840     
   2.4500000000000002        1.3187786571629163     
   2.5000000000000000        1.3187709946558837     
   2.5499999999999998        1.3187659210063036     
   2.6000000000000001        1.3187626499812652     
   2.6499999999999999        1.3187604460678848     
   2.7000000000000002        1.3187590198493333     
   2.7500000000000000        1.3187581024532848     
   2.7999999999999998        1.3187575017950737     
   2.8500000000000001        1.3187571200768002     
   2.8999999999999999        1.3187568719596390     
   2.9500000000000002        1.3187567133725726     
   3.0000000000000000        1.3187566119471086     
   3.0499999999999998        1.3187565478477099     
   3.1000000000000001        1.3187565067634455     
   3.1499999999999999        1.3187564806127476     
   3.2000000000000002        1.3187564639640759     
   3.2500000000000000        1.3187564534900025     
   3.2999999999999998        1.3187564468001580     
   3.3500000000000001        1.3187564425948719     
   3.3999999999999999        1.3187564399209275     
   3.4500000000000002        1.3187564382327397     
   3.5000000000000000        1.3187564371637988     
   3.5499999999999998        1.3187564364888460     
   3.6000000000000001        1.3187564360617592     
   3.6499999999999999        1.3187564357924453     
   3.7000000000000002        1.3187564356221899     
   3.7500000000000000        1.3187564355147599     
   3.7999999999999998        1.3187564354468320     
   3.8500000000000001        1.3187564354039771     
   3.8999999999999999        1.3187564353768375     
   3.9500000000000002        1.3187564353597723     
   4.0000000000000000        1.3187564353489374     
   4.0499999999999998        1.3187564353422383     
   4.0999999999999996        1.3187564353378771     
   4.1500000000000004        1.3187564353352299     
   4.2000000000000002        1.3187564353335528     
   4.2500000000000000        1.3187564353323553     
   4.2999999999999998        1.3187564353318220     
   4.3499999999999996        1.3187564353314221     
   4.4000000000000004        1.3187564353309609     
   4.4500000000000002        1.3187564353307062     
   4.5000000000000000        1.3187564353309180     
 zone T = "ep =   3.16227766016837913E-002 ",
   1.0000000000000000      -0.18518919592362898     
   1.0500000000000000       0.86808306942239377     
   1.1000000000000001        3.6850018754462179     
   1.1499999999999999        2.5959730162597867     
   1.2000000000000000        3.0275844754564849     
   1.2500000000000000       0.18171334955150087     
   1.3000000000000000        3.7036630210370096     
   1.3499999999999999       0.96262915146611783     
   1.3999999999999999        2.6284060579582333     
   1.4500000000000000       0.93208446317688787     
   1.5000000000000000        1.3528967843801554     
   1.5500000000000000        1.3717822822618262     
   1.6000000000000001        1.2707462677116057     
   1.6499999999999999        1.1685458783384601     
   1.7000000000000000        1.2811991734840718     
   1.7500000000000000        1.2952687713914603     
   1.8000000000000000        1.2752256640024946     
   1.8499999999999999        1.2794771667321647     
   1.9000000000000001        1.2900785031629063     
   1.9500000000000000        1.2853850560750661     
   2.0000000000000000        1.2848689638517394     
   2.0499999999999998        1.2861028102923042     
   2.1000000000000001        1.2852751028585110     
   2.1499999999999999        1.2854518634880996     
   2.2000000000000002        1.2852980626564923     
   2.2500000000000000        1.2852427466275351     
   2.2999999999999998        1.2851969540686263     
   2.3500000000000001        1.2851629862323797     
   2.3999999999999999        1.2851388005084134     
   2.4500000000000002        1.2851227958916822     
   2.5000000000000000        1.2851118398445383     
   2.5499999999999998        1.2851045548122040     
   2.6000000000000001        1.2850998205723485     
   2.6499999999999999        1.2850966215788970     
   2.7000000000000002        1.2850945357745045     
   2.7500000000000000        1.2850931820653284     
   2.7999999999999998        1.2850922898047250     
   2.8500000000000001        1.2850917166858140     
   2.8999999999999999        1.2850913415986334     
   2.9500000000000002        1.2850910997707321     
   3.0000000000000000        1.2850909439473579     
   3.0499999999999998        1.2850908446360818     
   3.1000000000000001        1.2850907806811884     
   3.1499999999999999        1.2850907397790956     
   3.2000000000000002        1.2850907136454972     
   3.2500000000000000        1.2850906971248219     
   3.2999999999999998        1.2850906865615714     
   3.3500000000000001        1.2850906798988144     
   3.3999999999999999        1.2850906756598581     
   3.4500000000000002        1.2850906729796716     
   3.5000000000000000        1.2850906712817731     
   3.5499999999999998        1.2850906702089062     
   3.6000000000000001        1.2850906695299871     
   3.6499999999999999        1.2850906691016357     
   3.7000000000000002        1.2850906688308301     
   3.7500000000000000        1.2850906686599737     
   3.7999999999999998        1.2850906685519352     
   3.8500000000000001        1.2850906684837948     
   3.8999999999999999        1.2850906684406451     
   3.9500000000000002        1.2850906684135319     
   4.0000000000000000        1.2850906683963026     
   4.0499999999999998        1.2850906683856318     
   4.0999999999999996        1.2850906683787229     
   4.1500000000000004        1.2850906683744980     
   4.2000000000000002        1.2850906683718355     
   4.2500000000000000        1.2850906683699450     
   4.2999999999999998        1.2850906683690981     
   4.3499999999999996        1.2850906683684498     
   4.4000000000000004        1.2850906683677186     
   4.4500000000000002        1.2850906683673347     
   4.5000000000000000        1.2850906683676055     
 zone T = "ep =   2.51188643150957944E-002 ",
   1.0000000000000000       0.42773457232742351     
   1.0500000000000000       0.43786893774716884     
   1.1000000000000001       0.98531964037775921     
   1.1499999999999999        2.0381893455110838     
   1.2000000000000000        1.4048101704089966     
   1.2500000000000000        1.9258408851185116     
   1.3000000000000000        2.2675821784390675     
   1.3499999999999999        1.2477743677256088     
   1.3999999999999999        1.8897612901981744     
   1.4500000000000000        1.1904113875937132     
   1.5000000000000000        2.6142662348918071     
   1.5500000000000000        1.3626080426262628     
   1.6000000000000001       0.37215385494924252     
   1.6499999999999999        1.1539983550013500     
   1.7000000000000000        1.2393129623785342     
   1.7500000000000000        1.2676837812757344     
   1.8000000000000000        1.2444635862678395     
   1.8499999999999999        1.2435660369734178     
   1.9000000000000001        1.2582260702557153     
   1.9500000000000000        1.2547113367640901     
   2.0000000000000000        1.2522281237186328     
   2.0499999999999998        1.2543390348009789     
   2.1000000000000001        1.2532335331690290     
   2.1499999999999999        1.2534578042902267     
   2.2000000000000002        1.2532447787437575     
   2.2500000000000000        1.2531915080736911     
   2.2999999999999998        1.2531278065460871     
   2.3500000000000001        1.2530840365843516     
   2.3999999999999999        1.2530531881915346     
   2.4500000000000002        1.2530325877379553     
   2.5000000000000000        1.2530184477307253     
   2.5499999999999998        1.2530090026520242     
   2.6000000000000001        1.2530028105224114     
   2.6499999999999999        1.2529986184113906     
   2.7000000000000002        1.2529958626860054     
   2.7500000000000000        1.2529940559243289     
   2.7999999999999998        1.2529928555717946     
   2.8500000000000001        1.2529920740490978     
   2.8999999999999999        1.2529915575728423     
   2.9500000000000002        1.2529912203659859     
   3.0000000000000000        1.2529910005208826     
   3.0499999999999998        1.2529908585482781     
   3.1000000000000001        1.2529907662965278     
   3.1499999999999999        1.2529907067676733     
   3.2000000000000002        1.2529906684522849     
   3.2500000000000000        1.2529906440239744     
   3.2999999999999998        1.2529906283452714     
   3.3500000000000001        1.2529906183949810     
   3.3999999999999999        1.2529906120485579     
   3.4500000000000002        1.2529906080228543     
   3.5000000000000000        1.2529906054678814     
   3.5499999999999998        1.2529906038504464     
   3.6000000000000001        1.2529906028259907     
   3.6499999999999999        1.2529906021787713     
   3.7000000000000002        1.2529906017694674     
   3.7500000000000000        1.2529906015110170     
   3.7999999999999998        1.2529906013476444     
   3.8500000000000001        1.2529906012445369     
   3.8999999999999999        1.2529906011793157     
   3.9500000000000002        1.2529906011382621     
   4.0000000000000000        1.2529906011122209     
   4.0499999999999998        1.2529906010960314     
   4.0999999999999996        1.2529906010856020     
   4.1500000000000004        1.2529906010791909     
   4.2000000000000002        1.2529906010751688     
   4.2500000000000000        1.2529906010723491     
   4.2999999999999998        1.2529906010710212     
   4.3499999999999996        1.2529906010699929     
   4.4000000000000004        1.2529906010690286     
   4.4500000000000002        1.2529906010684526     
   4.5000000000000000        1.2529906010687757     
 zone T = "ep =   1.99526231496887987E-002 ",
   1.0000000000000000       0.81374509717077870     
   1.0500000000000000       0.97316852946606891     
   1.1000000000000001        1.2272708862388082     
   1.1499999999999999       0.90373777842275338     
   1.2000000000000000      -0.37553667549573350     
   1.2500000000000000        1.3203685859459213     
   1.3000000000000000        1.1082252104110779     
   1.3499999999999999       0.32663264013436627     
   1.3999999999999999        1.2907480549091057     
   1.4500000000000000        1.1525493521959786     
   1.5000000000000000        1.2968667290634794     
   1.5500000000000000        1.3546648081949006     
   1.6000000000000001        1.3450668834094044     
   1.6499999999999999        1.1716995686759886     
   1.7000000000000000        1.1962070113022398     
   1.7500000000000000        1.2418514003245300     
   1.8000000000000000        1.2173805015777617     
   1.8499999999999999        1.2104955180953734     
   1.9000000000000001        1.2280084426050839     
   1.9500000000000000        1.2265979511198932     
   2.0000000000000000        1.2222235026304902     
   2.0499999999999998        1.2248458938841551     
   2.1000000000000001        1.2237292314351089     
   2.1499999999999999        1.2238801402338670     
   2.2000000000000002        1.2236597847835804     
   2.2500000000000000        1.2236000530122795     
   2.2999999999999998        1.2235197464162877     
   2.3500000000000001        1.2234684065974137     
   2.3999999999999999        1.2234318870787193     
   2.4500000000000002        1.2234072484132439     
   2.5000000000000000        1.2233903210729395     
   2.5499999999999998        1.2233789725231556     
   2.6000000000000001        1.2233714710595049     
   2.6499999999999999        1.2233663895150411     
   2.7000000000000002        1.2233630238720319     
   2.7500000000000000        1.2233607953851051     
   2.7999999999999998        1.2233593028437297     
   2.8500000000000001        1.2233583167829218     
   2.8999999999999999        1.2233576574236575     
   2.9500000000000002        1.2233572201262759     
   3.0000000000000000        1.2233569304986003     
   3.0499999999999998        1.2233567400883953     
   3.1000000000000001        1.2233566145843413     
   3.1499999999999999        1.2233565324258395     
   3.2000000000000002        1.2233564788696067     
   3.2500000000000000        1.2233564442640514     
   3.2999999999999998        1.2233564218651425     
   3.3500000000000001        1.2233564075064385     
   3.3999999999999999        1.2233563982929094     
   3.4500000000000002        1.2233563924126860     
   3.5000000000000000        1.2233563886647825     
   3.5499999999999998        1.2233563862830450     
   3.6000000000000001        1.2233563847707236     
   3.6499999999999999        1.2233563838128663     
   3.7000000000000002        1.2233563832061778     
   3.7500000000000000        1.2233563828226135     
   3.7999999999999998        1.2233563825799925     
   3.8500000000000001        1.2233563824267528     
   3.8999999999999999        1.2233563823298066     
   3.9500000000000002        1.2233563822687354     
   4.0000000000000000        1.2233563822300353     
   4.0499999999999998        1.2233563822059013     
   4.0999999999999996        1.2233563821904332     
   4.1500000000000004        1.2233563821808768     
   4.2000000000000002        1.2233563821748470     
   4.2500000000000000        1.2233563821707187     
   4.2999999999999998        1.2233563821686335     
   4.3499999999999996        1.2233563821671474     
   4.4000000000000004        1.2233563821657829     
   4.4500000000000002        1.2233563821649476     
   4.5000000000000000        1.2233563821652818     
 zone T = "ep =   1.58489319246111343E-002 ",
   1.0000000000000000        1.6431248693913207     
   1.0500000000000000       0.80309584246115651     
   1.1000000000000001        2.2934585370904985     
   1.1499999999999999       0.24231863972074635     
   1.2000000000000000        1.3222144218457652     
   1.2500000000000000       0.87100448931360475     
   1.3000000000000000        1.2520631305249983     
   1.3499999999999999        1.0620881100042254     
   1.3999999999999999        2.4482926070446704     
   1.4500000000000000        1.2973992216376495     
   1.5000000000000000       0.94027089761470606     
   1.5500000000000000        1.3480461067422902     
   1.6000000000000001        1.3435799061114992     
   1.6499999999999999        1.1993802662442570     
   1.7000000000000000        1.1537146421785929     
   1.7500000000000000        1.2180930545348236     
   1.8000000000000000        1.1939269834512225     
   1.8499999999999999        1.1811689542687607     
   1.9000000000000001        1.2002480632575956     
   1.9500000000000000        1.2013530001226798     
   2.0000000000000000        1.1954663730745234     
   2.0499999999999998        1.1982033207819827     
   2.1000000000000001        1.1972863911571379     
   2.1499999999999999        1.1972810748998011     
   2.2000000000000002        1.1970945690057333     
   2.2500000000000000        1.1970175173660011     
   2.2999999999999998        1.1969255135617816     
   2.3500000000000001        1.1968687882514466     
   2.3999999999999999        1.1968277563482834     
   2.4500000000000002        1.1967998887322353     
   2.5000000000000000        1.1967807729085791     
   2.5499999999999998        1.1967679333725216     
   2.6000000000000001        1.1967593927264477     
   2.6499999999999999        1.1967536138473489     
   2.7000000000000002        1.1967497642778802     
   2.7500000000000000        1.1967471944996357     
   2.7999999999999998        1.1967454612565178     
   2.8500000000000001        1.1967443003075491     
   2.8999999999999999        1.1967435144234753     
   2.9500000000000002        1.1967429842765389     
   3.0000000000000000        1.1967426266379304     
   3.0499999999999998        1.1967423864253965     
   3.1000000000000001        1.1967422249940323     
   3.1499999999999999        1.1967421171680275     
   3.2000000000000002        1.1967420455348030     
   3.2500000000000000        1.1967419983461729     
   3.2999999999999998        1.1967419673454964     
   3.3500000000000001        1.1967419471647509     
   3.3999999999999999        1.1967419340676233     
   3.4500000000000002        1.1967419256205682     
   3.5000000000000000        1.1967419201924581     
   3.5499999999999998        1.1967419167187237     
   3.6000000000000001        1.1967419145014415     
   3.6499999999999999        1.1967419130904873     
   3.7000000000000002        1.1967419121939535     
   3.7500000000000000        1.1967419116255771     
   3.7999999999999998        1.1967419112654398     
   3.8500000000000001        1.1967419110375623     
   3.8999999999999999        1.1967419108933128     
   3.9500000000000002        1.1967419108023480     
   4.0000000000000000        1.1967419107446902     
   4.0499999999999998        1.1967419107086883     
   4.0999999999999996        1.1967419106856227     
   4.1500000000000004        1.1967419106713084     
   4.2000000000000002        1.1967419106623036     
   4.2500000000000000        1.1967419106562056     
   4.2999999999999998        1.1967419106530015     
   4.3499999999999996        1.1967419106507649     
   4.4000000000000004        1.1967419106488533     
   4.4500000000000002        1.1967419106476707     
   4.5000000000000000        1.1967419106479613     
 zone T = "ep =   1.25892541179416732E-002 ",
   1.0000000000000000        2.4872765021951673     
   1.0500000000000000       0.91260780382856377     
   1.1000000000000001        2.0055603930390484     
   1.1499999999999999        1.1675431269507062     
   1.2000000000000000        3.9128223239095745     
   1.2500000000000000        1.0090531254964723     
   1.3000000000000000        1.2239907069447231     
   1.3499999999999999       -1.1094946143424698     
   1.3999999999999999       0.73982285220340505     
   1.4500000000000000        1.1379925280371379     
   1.5000000000000000        1.9805527525268412     
   1.5500000000000000        1.3426436114967919     
   1.6000000000000001        1.3416460825679077     
   1.6499999999999999        1.2243258802132793     
   1.7000000000000000        1.1134693337266093     
   1.7500000000000000        1.1966810091400570     
   1.8000000000000000        1.1738646317466279     
   1.8499999999999999        1.1558690356082508     
