 zone T = "ep =    1.00000000000000      ",
   1.30102999566398       -5.48001886413213     
   1.35102999566398       -5.70551481853168     
   1.40102999566398       -5.87918387278011     
   1.45102999566398       -6.10119635327579     
   1.50102999566398       -6.28915302678901     
   1.55102999566398       -6.47904854701325     
   1.60102999566398       -6.67689303087816     
   1.65102999566398       -6.87876025422141     
   1.70102999566398       -7.07503076386175     
   1.75102999566398       -7.27964420824076     
   1.80102999566398       -7.48409313896436     
   1.85102999566398       -7.67660095594438     
   1.90102999566398       -7.87704202791130     
   1.95102999566398       -8.07829289173108     
   2.00102999566398       -8.27348363750757     
   2.05102999566398       -8.47800160603565     
   2.10102999566398       -8.67511417227115     
   2.15102999566398       -8.87549217007702     
   2.20102999566398       -9.07659703310681     
   2.25102999566398       -9.27638543493503     
   2.30102999566398       -9.47259308896729     
   2.35102999566398       -9.67449398965824     
   2.40102999566398       -9.87420863515889     
   2.45102999566398       -10.0744515735782     
   2.50102999566398       -10.2737413850382     
   2.55102999566398       -10.4724639879645     
   2.60102999566398       -10.6730814400001     
   2.65102999566398       -10.8724796962126     
   2.70102999566398       -11.0713315928947     
   2.75102999566398       -11.2699059530645     
   2.80102999566398       -11.4675079840007     
   2.85102999566398       -11.6637096649238     
   2.90102999566398       -11.8578535097285     
   2.95102999566398       -12.0497120032276     
   3.00102999566398       -12.2376686970242     
   3.05102999566398       -12.4158903906486     
   3.10102999566398       -12.5863028852889     
   3.15102999566398       -12.7458797502846     
   3.20102999566398       -12.8845519035832     
   3.25102999566398       -13.0051997635461     
   3.30102999566398       -13.0990706145232     
   3.35102999566398       -13.1808033252098     
   3.40102999566398       -13.2110800054626     
   3.45102999566398       -13.2661699481883     
   3.50102999566398       -13.3201125000303     
   3.55102999566398       -13.3191060233761     
   3.60102999566398       -13.3386397185346     
   3.65102999566398       -13.3231460011778     
   3.70102999566398       -13.3568945842655     
   3.75102999566398       -13.3568945842655     
   3.80102999566398       -13.3303076743553     
   3.85102999566398       -13.3241618951660     
   3.90102999566398       -13.2871368173011     
   3.95102999566398       -13.3449953609658     
   4.00102999566398       -13.3579926745645     
   4.05102999566398       -13.3062297592101     
   4.10102999566398       -13.3460637366138     
   4.15102999566398       -13.3151032809224     
   4.20102999566398       -13.3033117561929     
   4.25102999566398       -13.2504392533512     
   4.30102999566398       -13.4269598693197     
   4.35102999566398       -13.4192956501482     
   4.40102999566398       -13.3817181679905     
   4.45102999566398       -13.4774685154713     
   4.50102999566398       -13.2402600104458     
   4.55102999566398       -13.3313404797931     
   4.60102999566398       -13.3828809383823     
   4.65102999566398       -13.2002414344800     
   4.70102999566398       -13.4951972824318     
   4.75102999566398       -13.6492384007444     
   4.80102999566398       -13.2158092117066     
 zone T = "ep =   0.794328234724281      ",
   1.30102999566398      -0.721419017595503     
   1.35102999566398      -0.721420091499256     
   1.40102999566398      -0.721420643966138     
   1.45102999566398      -0.721421066617467     
   1.50102999566398      -0.721421297663077     
   1.55102999566398      -0.721421447561254     
   1.60102999566398      -0.721421546023711     
   1.65102999566398      -0.721421608963300     
   1.70102999566398      -0.721421647798318     
   1.75102999566398      -0.721421673043001     
   1.80102999566398      -0.721421688819271     
   1.85102999566398      -0.721421698334755     
   1.90102999566398      -0.721421704557321     
   1.95102999566398      -0.721421708483003     
   2.00102999566398      -0.721421710907894     
   2.05102999566398      -0.721421712491712     
   2.10102999566398      -0.721421713461417     
   2.15102999566398      -0.721421714081642     
   2.20102999566398      -0.721421714473259     
   2.25102999566398      -0.721421714718744     
   2.30102999566398      -0.721421714871987     
   2.35102999566398      -0.721421714970867     
   2.40102999566398      -0.721421715032629     
   2.45102999566398      -0.721421715071659     
   2.50102999566398      -0.721421715096201     
   2.55102999566398      -0.721421715111668     
   2.60102999566398      -0.721421715121502     
   2.65102999566398      -0.721421715127676     
   2.70102999566398      -0.721421715131566     
   2.75102999566398      -0.721421715134027     
   2.80102999566398      -0.721421715135576     
   2.85102999566398      -0.721421715136553     
   2.90102999566398      -0.721421715137165     
   2.95102999566398      -0.721421715137559     
   3.00102999566398      -0.721421715137806     
   3.05102999566398      -0.721421715137959     
   3.10102999566398      -0.721421715138057     
   3.15102999566398      -0.721421715138123     
   3.20102999566398      -0.721421715138162     
   3.25102999566398      -0.721421715138187     
   3.30102999566398      -0.721421715138193     
   3.35102999566398      -0.721421715138212     
   3.40102999566398      -0.721421715138217     
   3.45102999566398      -0.721421715138222     
   3.50102999566398      -0.721421715138221     
   3.55102999566398      -0.721421715138224     
   3.60102999566398      -0.721421715138217     
   3.65102999566398      -0.721421715138225     
   3.70102999566398      -0.721421715138237     
   3.75102999566398      -0.721421715138229     
   3.80102999566398      -0.721421715138237     
   3.85102999566398      -0.721421715138228     
   3.90102999566398      -0.721421715138218     
   3.95102999566398      -0.721421715138230     
   4.00102999566398      -0.721421715138238     
   4.05102999566398      -0.721421715138239     
   4.10102999566398      -0.721421715138223     
   4.15102999566398      -0.721421715138228     
   4.20102999566398      -0.721421715138240     
   4.25102999566398      -0.721421715138200     
   4.30102999566398      -0.721421715138242     
   4.35102999566398      -0.721421715138243     
   4.40102999566398      -0.721421715138227     
   4.45102999566398      -0.721421715138232     
   4.50102999566398      -0.721421715138218     
   4.55102999566398      -0.721421715138257     
   4.60102999566398      -0.721421715138264     
   4.65102999566398      -0.721421715138214     
   4.70102999566398      -0.721421715138248     
   4.75102999566398      -0.721421715138277     
   4.80102999566398      -0.721421715138213     
 zone T = "ep =   0.630957344480193      ",
   1.30102999566398      -0.394656663014740     
   1.35102999566398      -0.394656513374372     
   1.40102999566398      -0.394656457554840     
   1.45102999566398      -0.394656399365435     
   1.50102999566398      -0.394656373239477     
   1.55102999566398      -0.394656355670461     
   1.60102999566398      -0.394656343291639     
   1.65102999566398      -0.394656335139910     
   1.70102999566398      -0.394656330242531     
   1.75102999566398      -0.394656326898653     
   1.80102999566398      -0.394656324835058     
   1.85102999566398      -0.394656323669392     
   1.90102999566398      -0.394656322859592     
   1.95102999566398      -0.394656322345391     
   2.00102999566398      -0.394656322037278     
   2.05102999566398      -0.394656321823913     
   2.10102999566398      -0.394656321699072     
   2.15102999566398      -0.394656321617172     
   2.20102999566398      -0.394656321565270     
   2.25102999566398      -0.394656321532975     
   2.30102999566398      -0.394656321513130     
   2.35102999566398      -0.394656321499818     
   2.40102999566398      -0.394656321491618     
   2.45102999566398      -0.394656321486417     
   2.50102999566398      -0.394656321483160     
   2.55102999566398      -0.394656321481108     
   2.60102999566398      -0.394656321479786     
   2.65102999566398      -0.394656321478963     
   2.70102999566398      -0.394656321478443     
   2.75102999566398      -0.394656321478115     
   2.80102999566398      -0.394656321477906     
   2.85102999566398      -0.394656321477774     
   2.90102999566398      -0.394656321477690     
   2.95102999566398      -0.394656321477640     
   3.00102999566398      -0.394656321477605     
   3.05102999566398      -0.394656321477585     
   3.10102999566398      -0.394656321477570     
   3.15102999566398      -0.394656321477565     
   3.20102999566398      -0.394656321477559     
   3.25102999566398      -0.394656321477556     
   3.30102999566398      -0.394656321477553     
   3.35102999566398      -0.394656321477550     
   3.40102999566398      -0.394656321477549     
   3.45102999566398      -0.394656321477546     
   3.50102999566398      -0.394656321477549     
   3.55102999566398      -0.394656321477546     
   3.60102999566398      -0.394656321477554     
   3.65102999566398      -0.394656321477552     
   3.70102999566398      -0.394656321477552     
   3.75102999566398      -0.394656321477554     
   3.80102999566398      -0.394656321477540     
   3.85102999566398      -0.394656321477551     
   3.90102999566398      -0.394656321477555     
   3.95102999566398      -0.394656321477548     
   4.00102999566398      -0.394656321477548     
   4.05102999566398      -0.394656321477555     
   4.10102999566398      -0.394656321477544     
   4.15102999566398      -0.394656321477553     
   4.20102999566398      -0.394656321477554     
   4.25102999566398      -0.394656321477560     
   4.30102999566398      -0.394656321477543     
   4.35102999566398      -0.394656321477546     
   4.40102999566398      -0.394656321477541     
   4.45102999566398      -0.394656321477559     
   4.50102999566398      -0.394656321477546     
   4.55102999566398      -0.394656321477535     
   4.60102999566398      -0.394656321477548     
   4.65102999566398      -0.394656321477550     
   4.70102999566398      -0.394656321477548     
   4.75102999566398      -0.394656321477534     
   4.80102999566398      -0.394656321477542     
