 zone T = "Var            1 : Implicit",
 0.00000E+00  0.39707E+01
-0.10000E+00  0.39769E+01
-0.20000E+00  0.39790E+01
-0.30000E+00  0.39722E+01
-0.40000E+00  0.39500E+01
-0.50000E+00  0.39112E+01
-0.60000E+00  0.37926E+01
-0.70000E+00  0.38342E+01
-0.80000E+00  0.37837E+01
-0.90000E+00  0.37322E+01
-0.10000E+01  0.36782E+01
-0.11000E+01  0.36219E+01
-0.12000E+01  0.35643E+01
-0.13000E+01  0.35062E+01
-0.14000E+01  0.34483E+01
-0.15000E+01  0.33907E+01
-0.16000E+01  0.33334E+01
-0.17000E+01  0.32764E+01
-0.18000E+01  0.32202E+01
-0.19000E+01  0.31658E+01
-0.20000E+01  0.31142E+01
-0.21000E+01  0.30666E+01
-0.22000E+01  0.30243E+01
-0.23000E+01  0.29883E+01
-0.24000E+01  0.29595E+01
-0.25000E+01  0.29384E+01
-0.26000E+01  0.29253E+01
-0.27000E+01  0.29205E+01
-0.28000E+01  0.29238E+01
-0.29000E+01  0.29349E+01
-0.30000E+01  0.29536E+01
-0.31000E+01  0.29792E+01
-0.32000E+01  0.30114E+01
-0.33000E+01  0.30494E+01
-0.34000E+01  0.30926E+01
-0.35000E+01  0.31401E+01
-0.36000E+01  0.31911E+01
-0.37000E+01  0.32447E+01
-0.38000E+01  0.33001E+01
-0.39000E+01  0.33566E+01
-0.40000E+01  0.34135E+01
-0.41000E+01  0.34701E+01
-0.42000E+01  0.35260E+01
-0.43000E+01  0.35807E+01
-0.44000E+01  0.36338E+01
-0.45000E+01  0.36849E+01
-0.46000E+01  0.37338E+01
-0.47000E+01  0.37801E+01
-0.48000E+01  0.38237E+01
-0.49000E+01  0.38642E+01
-0.50000E+01  0.39018E+01
-0.51000E+01  0.39362E+01
-0.52000E+01  0.39673E+01
-0.53000E+01  0.39952E+01
-0.54000E+01  0.40201E+01
-0.55000E+01  0.40419E+01
-0.56000E+01  0.40609E+01
-0.57000E+01  0.40772E+01
-0.58000E+01  0.40911E+01
-0.59000E+01  0.41029E+01
-0.60000E+01  0.41128E+01
-0.61000E+01  0.41209E+01
-0.62000E+01  0.41277E+01
-0.63000E+01  0.41332E+01
-0.64000E+01  0.41377E+01
-0.65000E+01  0.41414E+01
-0.66000E+01  0.41443E+01
-0.67000E+01  0.41466E+01
-0.68000E+01  0.41486E+01
-0.69000E+01  0.41501E+01
-0.70000E+01  0.41513E+01
-0.71000E+01  0.41523E+01
-0.72000E+01  0.41531E+01
-0.73000E+01  0.41538E+01
-0.74000E+01  0.41542E+01
-0.75000E+01  0.41546E+01
-0.76000E+01  0.41550E+01
-0.77000E+01  0.41552E+01
-0.78000E+01  0.41554E+01
-0.79000E+01  0.41555E+01
-0.80000E+01  0.41556E+01
 zone T = "Var            1 : Predicted",
 0.00000E+00  0.39301E+01
-0.10000E+00  0.39207E+01
-0.20000E+00  0.39077E+01
-0.30000E+00  0.38910E+01
-0.40000E+00  0.38700E+01
-0.50000E+00  0.38443E+01
-0.60000E+00  0.38132E+01
-0.70000E+00  0.37763E+01
-0.80000E+00  0.37336E+01
-0.90000E+00  0.36848E+01
-0.10000E+01  0.36299E+01
-0.11000E+01  0.35690E+01
-0.12000E+01  0.35021E+01
-0.13000E+01  0.34297E+01
-0.14000E+01  0.33521E+01
-0.15000E+01  0.32698E+01
-0.16000E+01  0.31838E+01
-0.17000E+01  0.30949E+01
-0.18000E+01  0.30046E+01
-0.19000E+01  0.29143E+01
-0.20000E+01  0.28257E+01
-0.21000E+01  0.27405E+01
-0.22000E+01  0.26603E+01
-0.23000E+01  0.25875E+01
-0.24000E+01  0.25238E+01
-0.25000E+01  0.24701E+01
-0.26000E+01  0.24271E+01
-0.27000E+01  0.23948E+01
-0.28000E+01  0.23740E+01
-0.29000E+01  0.23664E+01
-0.30000E+01  0.23704E+01
-0.31000E+01  0.23845E+01
-0.32000E+01  0.24078E+01
-0.33000E+01  0.24407E+01
-0.34000E+01  0.24813E+01
-0.35000E+01  0.25284E+01
-0.36000E+01  0.25813E+01
-0.37000E+01  0.26384E+01
-0.38000E+01  0.26988E+01
-0.39000E+01  0.27619E+01
-0.40000E+01  0.28269E+01
-0.41000E+01  0.28934E+01
-0.42000E+01  0.29608E+01
-0.43000E+01  0.30289E+01
-0.44000E+01  0.30972E+01
-0.45000E+01  0.31653E+01
-0.46000E+01  0.32329E+01
-0.47000E+01  0.32997E+01
-0.48000E+01  0.33653E+01
-0.49000E+01  0.34294E+01
-0.50000E+01  0.34917E+01
-0.51000E+01  0.35520E+01
-0.52000E+01  0.36098E+01
-0.53000E+01  0.36649E+01
-0.54000E+01  0.37170E+01
-0.55000E+01  0.37659E+01
-0.56000E+01  0.38114E+01
-0.57000E+01  0.38531E+01
-0.58000E+01  0.38911E+01
-0.59000E+01  0.39249E+01
-0.60000E+01  0.39547E+01
-0.61000E+01  0.39802E+01
-0.62000E+01  0.40015E+01
-0.63000E+01  0.40186E+01
-0.64000E+01  0.40316E+01
-0.65000E+01  0.40407E+01
-0.66000E+01  0.40472E+01
-0.67000E+01  0.40519E+01
-0.68000E+01  0.40554E+01
-0.69000E+01  0.40579E+01
-0.70000E+01  0.40598E+01
-0.71000E+01  0.40613E+01
-0.72000E+01  0.40624E+01
-0.73000E+01  0.40632E+01
-0.74000E+01  0.40638E+01
-0.75000E+01  0.40643E+01
-0.76000E+01  0.40647E+01
-0.77000E+01  0.40650E+01
-0.78000E+01  0.40652E+01
-0.79000E+01  0.40654E+01
-0.80000E+01  0.40655E+01
 zone T = "Var            2 : Implicit",
 0.00000E+00  0.35913E+01
-0.10000E+00  0.38415E+01
-0.20000E+00  0.38910E+01
-0.30000E+00  0.39057E+01
-0.40000E+00  0.39003E+01
-0.50000E+00  0.38697E+01
-0.60000E+00  0.39305E+01
-0.70000E+00  0.38342E+01
-0.80000E+00  0.37825E+01
-0.90000E+00  0.37300E+01
-0.10000E+01  0.36728E+01
-0.11000E+01  0.35988E+01
-0.12000E+01  0.35719E+01
-0.13000E+01  0.35815E+01
-0.14000E+01  0.35162E+01
-0.15000E+01  0.37691E+01
-0.16000E+01  0.38254E+01
-0.17000E+01  0.34536E+01
-0.18000E+01  0.32223E+01
-0.19000E+01  0.30499E+01
-0.20000E+01  0.28768E+01
-0.21000E+01  0.27751E+01
-0.22000E+01  0.26681E+01
-0.23000E+01  0.25727E+01
-0.24000E+01  0.24920E+01
-0.25000E+01  0.24148E+01
-0.26000E+01  0.23845E+01
-0.27000E+01  0.23724E+01
-0.28000E+01  0.23618E+01
-0.29000E+01  0.23859E+01
-0.30000E+01  0.23979E+01
-0.31000E+01  0.24874E+01
-0.32000E+01  0.25709E+01
-0.33000E+01  0.25924E+01
-0.34000E+01  0.25857E+01
-0.35000E+01  0.26067E+01
-0.36000E+01  0.26504E+01
-0.37000E+01  0.26639E+01
-0.38000E+01  0.27028E+01
-0.39000E+01  0.27506E+01
-0.40000E+01  0.27949E+01
-0.41000E+01  0.28330E+01
-0.42000E+01  0.28901E+01
-0.43000E+01  0.29348E+01
-0.44000E+01  0.29833E+01
-0.45000E+01  0.30237E+01
-0.46000E+01  0.30648E+01
-0.47000E+01  0.31034E+01
-0.48000E+01  0.31310E+01
-0.49000E+01  0.31616E+01
-0.50000E+01  0.31930E+01
-0.51000E+01  0.32260E+01
-0.52000E+01  0.32665E+01
-0.53000E+01  0.32895E+01
-0.54000E+01  0.33033E+01
-0.55000E+01  0.33245E+01
-0.56000E+01  0.33504E+01
-0.57000E+01  0.33849E+01
-0.58000E+01  0.34378E+01
-0.59000E+01  0.34729E+01
-0.60000E+01  0.34245E+01
-0.61000E+01  0.34273E+01
-0.62000E+01  0.34552E+01
-0.63000E+01  0.34356E+01
-0.64000E+01  0.34170E+01
-0.65000E+01  0.34080E+01
-0.66000E+01  0.34024E+01
-0.67000E+01  0.33987E+01
-0.68000E+01  0.33960E+01
-0.69000E+01  0.33942E+01
-0.70000E+01  0.33927E+01
-0.71000E+01  0.33917E+01
-0.72000E+01  0.33907E+01
-0.73000E+01  0.33901E+01
-0.74000E+01  0.33896E+01
-0.75000E+01  0.33894E+01
-0.76000E+01  0.33891E+01
-0.77000E+01  0.33889E+01
-0.78000E+01  0.33889E+01
-0.79000E+01  0.33886E+01
-0.80000E+01  0.33888E+01
 zone T = "Var            2 : Predicted",
 0.00000E+00  0.39467E+01
-0.10000E+00  0.39314E+01
-0.20000E+00  0.39143E+01
-0.30000E+00  0.38947E+01
-0.40000E+00  0.38722E+01
-0.50000E+00  0.38455E+01
-0.60000E+00  0.38137E+01
-0.70000E+00  0.37762E+01
-0.80000E+00  0.37330E+01
-0.90000E+00  0.36839E+01
-0.10000E+01  0.36286E+01
-0.11000E+01  0.35671E+01
-0.12000E+01  0.34996E+01
-0.13000E+01  0.34261E+01
-0.14000E+01  0.33470E+01
-0.15000E+01  0.32627E+01
-0.16000E+01  0.31739E+01
-0.17000E+01  0.30815E+01
-0.18000E+01  0.29868E+01
-0.19000E+01  0.28911E+01
-0.20000E+01  0.27959E+01
-0.21000E+01  0.27028E+01
-0.22000E+01  0.26129E+01
-0.23000E+01  0.25277E+01
-0.24000E+01  0.24482E+01
-0.25000E+01  0.23751E+01
-0.26000E+01  0.23092E+01
-0.27000E+01  0.22508E+01
-0.28000E+01  0.22001E+01
-0.29000E+01  0.21569E+01
-0.30000E+01  0.21212E+01
-0.31000E+01  0.20923E+01
-0.32000E+01  0.20699E+01
-0.33000E+01  0.20530E+01
-0.34000E+01  0.20408E+01
-0.35000E+01  0.20325E+01
-0.36000E+01  0.20269E+01
-0.37000E+01  0.20235E+01
-0.38000E+01  0.20214E+01
-0.39000E+01  0.20202E+01
-0.40000E+01  0.20195E+01
-0.41000E+01  0.20192E+01
-0.42000E+01  0.20191E+01
-0.43000E+01  0.20190E+01
-0.44000E+01  0.20191E+01
-0.45000E+01  0.20191E+01
-0.46000E+01  0.20192E+01
-0.47000E+01  0.20192E+01
-0.48000E+01  0.20193E+01
-0.49000E+01  0.20193E+01
-0.50000E+01  0.20194E+01
-0.51000E+01  0.20194E+01
-0.52000E+01  0.20194E+01
-0.53000E+01  0.20195E+01
-0.54000E+01  0.20195E+01
-0.55000E+01  0.20195E+01
-0.56000E+01  0.20195E+01
-0.57000E+01  0.20195E+01
-0.58000E+01  0.20195E+01
-0.59000E+01  0.20195E+01
-0.60000E+01  0.20195E+01
-0.61000E+01  0.20195E+01
-0.62000E+01  0.20196E+01
-0.63000E+01  0.20196E+01
-0.64000E+01  0.20196E+01
-0.65000E+01  0.20196E+01
-0.66000E+01  0.20196E+01
-0.67000E+01  0.20196E+01
-0.68000E+01  0.20196E+01
-0.69000E+01  0.20196E+01
-0.70000E+01  0.20196E+01
-0.71000E+01  0.20196E+01
-0.72000E+01  0.20196E+01
-0.73000E+01  0.20196E+01
-0.74000E+01  0.20196E+01
-0.75000E+01  0.20196E+01
-0.76000E+01  0.20196E+01
-0.77000E+01  0.20196E+01
-0.78000E+01  0.20196E+01
-0.79000E+01  0.20196E+01
-0.80000E+01  0.20196E+01
