 zone T = "ep =  1. ",
 1. -3.8000501249638616
 1.05 -4.01087566437742
 1.1 -4.222966454460993
 1.15 -4.407310902912573
 1.2 -4.616677026440641
 1.25 -4.8182602422950875
 1.3 -5.009054225455966
 1.3499999999999999 -5.213804229714174
 1.4 -5.407885446626193
 1.45 -5.608968860148107
 1.5 -5.814273769959828
 1.55 -6.012314648660204
 1.6 -6.211624660549198
 1.65 -6.411778624273143
 1.7 -6.606781792977103
 1.75 -6.807572788007542
 1.8 -7.006099887608707
 1.8499999999999999 -7.20862955131595
 1.9000000000000001 -7.407734092911004
 1.95 -7.605627746419943
 2. -7.8047776399966295
 2.05 -8.005565828570065
 2.1 -8.205847740140493
 2.15 -8.405325816509492
 2.2 -8.605793064866292
 2.25 -8.805468130623193
 2.3 -9.00536359421898
 2.35 -9.204877546269639
 2.4 -9.404346798173343
 2.45 -9.604676520257739
 2.5 -9.804213235560992
 2.55 -10.004460932808534
 2.6 -10.203906015174638
 2.65 -10.404444919806359
 2.7 -10.604021723030103
 2.75 -10.804346576704445
 2.8 -11.004175622293742
 2.85 -11.204437326373759
 2.9 -11.404973530671917
 2.95 -11.60485341551084
 3. -11.803952278853002
 3.05 -12.011825462759237
 3.1 -12.21321162487765
 3.15 -12.423190694031756
 3.2 -12.635119348017723
 3.25 -12.877539979437193
 3.3 -13.07621161434115
 3.35 -13.13595155861016
 3.4 -15.02517084447671
 3.45 -13.98319793948348
 3.5 -13.761117318808811
 3.55 -13.779948577530554
 3.6 -13.558608497155538
 3.65 -14.237543702209189
 3.7 -14.182818616445136
 3.75 -13.330823770057073
 3.8 -13.770608551276412
 3.85 -13.015070517572385
 3.9 -13.47710675411606
 3.95 -13.26031370691692
 4. -14.175534680809115
 4.05 -13.098465325948704
 4.1 -13.220290107053735
 4.15 -12.976123927389635
 4.2 -13.111045558245369
 4.25 -12.594398842886326
 4.3 -12.669820756841984
 4.35 -12.890084984511057
 4.4 -12.441022610528103
 4.45 -13.48587329867553
 4.5 -13.72734598868794
 zone T = "ep =  0.7943282347242815 ",
 1. -3.764778725195148
 1.05 -3.977552764937019
 1.1 -4.191729167888412
 1.15 -4.378943191497988
 1.2 -4.5905557661616925
 1.25 -4.794442504886392
 1.3 -4.987825569712114
 1.3499999999999999 -5.19456173357218
 1.4 -5.390965294582478
 1.45 -5.593982393537191
 1.5 -5.800947584155351
 1.55 -6.000748893110988
 1.6 -6.201679389496652
 1.65 -6.403247547805601
 1.7 -6.599747521799035
 1.75 -6.801698234165378
 1.8 -7.001368009524381
 1.8499999999999999 -7.204781073925599
 1.9000000000000001 -7.404795463107011
 1.95 -7.603572155444741
 2. -7.80347406882439
 2.05 -8.004871539630106
 2.1 -8.205721941570822
 2.15 -8.405736443850179
 2.2 -8.606647377785498
 2.25 -8.806752048993797
 2.3 -9.007020425982917
 2.35 -9.206885727631873
 2.4 -9.406672158681847
 2.45 -9.607242066273642
 2.5 -9.80702929902181
 2.55 -10.007466623512174
 2.6 -10.20711416299397
 2.65 -10.40771673060435
 2.7 -10.607432042922326
 2.75 -10.807703544666172
 2.8 -11.00759129607613
 2.85 -11.207740617557016
 2.9 -11.407971543579455
 2.95 -11.607870147781142
 3. -11.807311602888085
 3.05 -12.009915902506378
 3.1 -12.209886162147708
 3.15 -12.41212225475158
 3.2 -12.614220027211998
 3.25 -12.825504380221584
 3.3 -13.022877703134247
 3.35 -13.168015792167177
 3.4 -13.56987802725272
 3.45 -13.659297627174652
 3.5 -13.727024408160917
 3.55 -13.824658312500036
 3.6 -14.503571318035545
 3.65 -14.167483677154433
 3.7 -14.225222464998224
 3.75 -13.723183901348273
 3.8 -14.086827745540802
 3.85 -13.446396844165562
 3.9 -13.861606102697671
 3.95 -13.70539141279989
 4. -15.266615150156447
 4.05 -13.531958899163534
 4.1 -13.792847537444374
 4.15 -13.464104553913359
 4.2 -13.630822186894223
 4.25 -13.082652157084102
 4.3 -13.143433846165053
 4.35 -13.34353062270751
 4.4 -12.925155260132405
 4.45 -14.083162791454397
 4.5 -14.095001193455511
 zone T = "ep =  0.6309573444801932 ",
 1. -3.921293559328046
 1.05 -4.135218442720491
 1.1 -4.350599528553494
 1.15 -4.539603786942201
 1.2 -4.7525719606152235
 1.25 -4.957911771249093
 1.3 -5.153006558228602
 1.3499999999999999 -5.361061870086082
 1.4 -5.559068665165168
 1.45 -5.763441508967679
 1.5 -5.971587917030259
 1.55 -6.1726805005800305
 1.6 -6.374816875843544
 1.65 -6.577457899690998
 1.7 -6.775110524560152
 1.75 -6.9779664295874735
 1.8 -7.178537279908342
 1.8499999999999999 -7.382657046056203
 1.9000000000000001 -7.583404850147383
 1.95 -7.782896838931515
 2. -7.983413863021401
 2.05 -8.18531609535845
 2.1 -8.386639405892776
 2.15 -8.587101477090698
 2.2 -8.78838632314037
 2.25 -8.988853376350928
 2.3 -9.189438854752488
 2.35 -9.389603465293066
 2.4 -9.589660831117492
 2.45 -9.790440426072353
 2.5 -9.990448602778123
 2.55 -10.191066083268947
 2.6 -10.390887218456843
 2.65 -10.591611363331666
 2.7 -10.7914671732382
 2.75 -10.99181569212019
 2.8 -11.191834799108717
 2.85 -11.392036704470843
 2.9 -11.592293475011708
 2.95 -11.792281191857342
 3. -11.992214514516593
 3.05 -12.193207020239823
 3.1 -12.393123148174373
 3.15 -12.594754287851115
 3.2 -12.794609231539987
 3.25 -12.997881209702381
 3.3 -13.196103679922802
 3.35 -13.381863344151629
 3.4 -13.636004760112177
 3.45 -13.818067375286223
 3.5 -13.977724172060197
 3.55 -14.145872528141757
 3.6 -14.71780067078171
 3.65 -14.524232482686196
 3.7 -14.619633654054152
 3.75 -14.30806351766386
 3.8 -14.714664956928852
 3.85 -14.146294378084495
 3.9 -14.559919246083814
 3.95 -14.348477234851844
 4. -15.60240725207964
 4.05 -14.279040547214874
 4.1 -14.396781914426398
 4.15 -14.159144264620945
 4.2 -14.320490530939303
 4.25 -13.814710683789766
 4.3 -13.832373891918177
 4.35 -14.11143488546275
 4.4 -13.656009577536365
 4.45 -14.789493895436784
 4.5 -14.778498511135322
 zone T = "ep =  0.5011872336272724 ",
 1. -4.26081049315276
 1.05 -4.4760596164946085
 1.1 -4.692684836666813
 1.15 -4.883469496857536
 1.2 -5.0977065725957225
 1.25 -5.304404985939063
 1.3 -5.501149259081896
 1.3499999999999999 -5.710436905004573
 1.4 -5.910014912554295
 1.45 -6.115709444806893
 1.5 -6.3250033908887024
 1.55 -6.527409667315621
 1.6 -6.730787968030973
 1.65 -6.934547520202578
 1.7 -7.13344467462479
 1.75 -7.337269923656248
 1.8 -7.538827848685677
 1.8499999999999999 -7.743714589225374
 1.9000000000000001 -7.94528210888598
 1.95 -8.1455863214222
 2. -8.346803959019027
 2.05 -8.549280318822717
 2.1 -8.751145930339561
 2.15 -8.952128157247943
 2.2 -9.153847124389628
 2.25 -9.354739239027776
 2.3 -9.555698345051406
 2.35 -9.756218293970965
 2.4 -9.956585527956314
 2.45 -10.15763268205951
 2.5 -10.357909431314253
 2.55 -10.558726766344789
 2.6 -10.758757419623347
 2.65 -10.959633210860668
 2.7 -11.159663097677965
 2.75 -11.360142487517598
 2.8 -11.560291892741885
 2.85 -11.760579564838052
 2.9 -11.960873240170363
 2.95 -12.160905222764203
 3. -12.360860771483093
 3.05 -12.561472682059149
 3.1 -12.761595688586405
 3.15 -12.960843636779378
 3.2 -13.160635770392862
 3.25 -13.362933978688192
 3.3 -13.561645629551565
 3.35 -13.754860297680331
 3.4 -13.968448107823317
 3.45 -14.159688016390866
 3.5 -14.370364587694809
 3.55 -14.52955509621229
 3.6 -14.725740461972523
 3.65 -15.00110189948526
 3.7 -15.154388379064285
 3.75 -15.130341869149866
 3.8 -15.13752045377699
 3.85 -15.211766482149102
 3.9 -15.65018003387564
 3.95 -15.556649761518965
 4. -15.630435975679884
 4.05 -15.140633689201133
 4.1 -15.206886717531017
 4.15 -15.258342624190458
 4.2 -15.310520635855529
 4.25 -15.076822613423378
 4.3 -14.85876685282416
 4.35 -15.503091169305707
 4.4 -14.670159036346483
 4.45 -15.371603659810358
 4.5 -15.283648489455228
 zone T = "ep =  0.39810717055349726 ",
 1. -4.780850288244631
 1.05 -4.998648712972505
 1.1 -5.21743735982329
 1.15 -5.410932082168492
 1.2 -5.626971599763673
 1.25 -5.8354721941094
 1.3 -6.034401176790172
 1.3499999999999999 -6.2451768143004305
 1.4 -6.446763150824779
 1.45 -6.654068669764579
 1.5 -6.864698313966542
 1.55 -7.068754991750367
 1.6 -7.273696183518802
 1.65 -7.478860500633819
 1.7 -7.679430395286189
 1.75 -7.88449450906518
 1.8 -8.087369139524176
 1.8499999999999999 -8.293224221679726
 1.9000000000000001 -8.495899974509133
 1.95 -8.69733808945642
 2. -8.899525326758022
 2.05 -9.102771839491089
 2.1 -9.305383385427243
 2.15 -9.507099481652931
 2.2 -9.709415948754675
 2.25 -9.910912856280358
 2.3 -10.112401774454524
 2.35 -10.313414363081485
 2.4 -10.514275410327187
 2.45 -10.715683696563847
 2.5 -10.91633009707025
 2.55 -11.117422051327067
 2.6 -11.317784637563378
 2.65 -11.518906747389687
 2.7 -11.71923692295461
 2.75 -11.91991651547307
 2.8 -12.120298742323106
 2.85 -12.320496046325147
 2.9 -12.520698732632844
 2.95 -12.721002780163865
 3. -12.921316837585202
 3.05 -13.122250536909432
 3.1 -13.322290685170573
 3.15 -13.523980644765597
 3.2 -13.725800562230742
 3.25 -13.931723407321709
 3.3 -14.12993522634684
 3.35 -14.308753178212342
 3.4 -14.588604830633933
 3.45 -14.747721748059659
 3.5 -14.913814419155067
 3.55 -15.040610440768933
 3.6 -15.964889726830815
 3.65 -15.461916667765184
 3.7 -15.614641708496652
 3.75 -15.260396029821516
 3.8 -15.683401838890735
 3.85 -14.932109847639571
 3.9 -15.40762319796091
 3.95 -15.240941750399172
 4. -16.204467243407603
 4.05 -15.045602386326433
 4.1 -15.15925296052488
 4.15 -14.927622632262105
 4.2 -15.079076352170325
 4.25 -14.550183719269734
 4.3 -14.601955097450665
 4.35 -14.761856839816105
 4.4 -14.367984885949454
 4.45 -15.319860662109672
 4.5 -15.715446765388233
 zone T = "ep =  0.31622776601683794 ",
 1. -5.313477521118136
 1.05 -5.535957093383248
 1.1 -5.75865230041565
 1.15 -5.954434279080758
 1.2 -6.173116721716852
 1.25 -6.383504576704312
 1.3 -6.583802650602459
 1.3499999999999999 -6.796028583504191
 1.4 -6.998767207029489
 1.45 -7.207234869277279
 1.5 -7.419009131644478
 1.55 -7.624018722752343
 1.6 -7.829908819210015
 1.65 -8.035949945434734
 1.7 -8.237320168210529
 1.75 -8.443190970806612
 1.8 -8.646821582589624
 1.8499999999999999 -8.853404815525023
 1.9000000000000001 -9.056741648443731
 1.95 -9.258805023771112
 2. -9.461577567057844
 2.05 -9.665367241054648
 2.1 -9.868481606808746
 2.15 -10.070656787422964
 2.2 -10.273395471596388
 2.25 -10.475238369671898
 2.3 -10.67709329941114
 2.35 -10.878463112940414
 2.4 -11.079570474369131
 2.45 -11.281213733731647
 2.5 -11.482079924192831
 2.55 -11.683387040876376
 2.6 -11.883997658434332
 2.65 -12.0853350614182
 2.7 -12.28580193734562
 2.75 -12.485836365785692
 2.8 -12.686284897216584
 2.85 -12.88746345011293
 2.9 -13.088244515766062
 2.95 -13.288079330551948
 3. -13.486991599288194
 3.05 -13.692318329454267
 3.1 -13.892457838760865
 3.15 -14.096917966515504
 3.2 -14.303549202817441
 3.25 -14.531181882269657
 3.3 -14.720405406672413
 3.35 -14.819068131955305
 3.4 -15.578368467474458
 3.45 -15.43456193705273
 3.5 -15.36560722551107
 3.55 -15.483357525371217
 3.6 -15.292387793452468
 3.65 -16.133740109387304
 3.7 -16.00549054691686
 3.75 -15.12814639647137
 3.8 -15.545553661416806
 3.85 -14.818141713200175
 3.9 -15.255831875496272
 3.95 -15.036923003531577
 4. -16.810313609912928
 4.05 -14.884574463515198
 4.1 -15.035323932231423
 4.15 -14.800521998202353
 4.2 -14.963156014021814
 4.25 -14.4213943980272
 4.3 -14.485379198589255
 4.35 -14.690708777411182
 4.4 -14.264036800662714
 4.45 -15.27216395120526
 4.5 -15.302982434064795
 zone T = "ep =  0.251188643150958 ",
 1. -5.474802831143286
 1.05 -5.698103520185923
 1.1 -5.921929449392219
 1.15 -6.113246267818761
 1.2 -6.332482008682172
 1.25 -6.541944204258438
 1.3 -6.738822839367864
 1.3499999999999999 -6.950855659527799
 1.4 -7.150797982932163
 1.45 -7.358182849111704
 1.5 -7.570000142803783
 1.55 -7.773259279821537
 1.6 -7.977728877232586
 1.65 -8.182674162768604
 1.7 -8.38155721552936
 1.75 -8.586601236471676
 1.8 -8.788819852382844
 1.8499999999999999 -8.995217333603877
 1.9000000000000001 -9.197449814822427
 1.95 -9.398094720760215
 2. -9.599879219265166
 2.05 -9.803230742960471
 2.1 -10.005819787267251
 2.15 -10.207277456525995
 2.2 -10.409666013831147
 2.25 -10.611000196517693
 2.3 -10.81239165357008
 2.35 -11.013167879358976
 2.4 -11.21378902053078
 2.45 -11.415280427503262
 2.5 -11.61580604288574
 2.55 -11.816954448650273
 2.6 -12.017136406343864
 2.65 -12.218361429270471
 2.7 -12.41841418677774
 2.75 -12.619117373409985
 2.8 -12.819366401706514
 2.85 -13.019595485358277
 2.9 -13.219709889306742
 2.95 -13.419291940697267
 3. -13.619279796473435
 3.05 -13.822915040988777
 3.1 -14.023798381556517
 3.15 -14.227780610327297
 3.2 -14.443732021831387
 3.25 -14.719636232474391
 3.3 -14.91792657270739
 3.35 -15.050414344262979
 3.4 -15.587219287496492
 3.45 -15.641843991349115
 3.5 -15.676752331948748
 3.55 -15.776946197768288
 3.6 -15.87516119375608
 3.65 -16.11762562506005
 3.7 -16.301660092297947
 3.75 -15.53064027443434
 3.8 -15.988539747827542
 3.85 -15.212111662574138
 3.9 -15.621579623668474
 3.95 -15.436744648577708
 4. -17.13558595399979
 4.05 -15.261383404643473
 4.1 -15.449877381572799
 4.15 -15.185906875386868
 4.2 -15.351417899667483
 4.25 -14.805247350617366
 4.3 -14.875744412266126
 4.35 -15.078850451264373
 4.4 -14.643674605571334
 4.45 -15.754170011149814
 4.5 -15.74295412700281
 zone T = "ep =  0.199526231496888 ",
 1. -5.4855006923978555
 1.05 -5.708006387937471
 1.1 -5.93175752610066
 1.15 -6.119194419268466
 1.2 -6.338552968015606
 1.25 -6.547261712687523
 1.3 -6.74176388444244
 1.3499999999999999 -6.9538843958267025
 1.4 -7.152185539380668
 1.45 -7.359239790508428
 1.5 -7.5715972307181945
 1.55 -7.774177295465282
 1.6 -7.978249306849565
 1.65 -8.183041829357236
 1.7 -8.380807114244625
 1.75 -8.585903467798037
 1.8 -8.787757151655985
 1.8499999999999999 -8.994637725571373
 1.9000000000000001 -9.196686087811422
 1.95 -9.396899136102071
 2. -9.598526463140669
 2.05 -9.802095270585852
 2.1 -10.004793493530567
 2.15 -10.206216439615659
 2.2 -10.408754244403154
 2.25 -10.61005724624337
 2.3 -10.811509224774495
 2.35 -11.012308367334155
 2.4 -11.21286601528472
 2.45 -11.414402440199034
 2.5 -11.614776477023174
 2.55 -11.81599587158493
 2.6 -12.016150135998231
 2.65 -12.217663252283401
 2.7 -12.41789745591289
 2.75 -12.618642600104359
 2.8 -12.818601962202223
 2.85 -13.018751013757289
 2.9 -13.21970559428847
 2.95 -13.420961920195717
 3. -13.622775109513023
 3.05 -13.819628041556248
 3.1 -14.021246844078686
 3.15 -14.217679963368553
 3.2 -14.41368378308291
 3.25 -14.597291563150982
 3.3 -14.801758180795867
 3.35 -15.10317613925938
 3.4 -14.99245544987345
 3.45 -15.196251625583201
 3.5 -15.503091169305707
 3.55 -15.869023273352273
 3.6 -15.425437235281354
 3.65 -16.73189361643866
 3.7 -16.39434678694892
 3.75 -15.368072790915225
 3.8 -15.811990130437067
 3.85 -15.055387185425399
 3.9 -15.499804439273383
 3.95 -15.279685592359801
 4. -16.739580445104952
 4.05 -15.130469023149283
 4.1 -15.360339694259554
 4.15 -15.061962630813552
 4.2 -15.228413544803118
 4.25 -14.669586582193663
 4.3 -14.739942508053728
 4.35 -14.933279312107334
 4.4 -14.50687166153896
 4.45 -15.680684659129021
 4.5 -15.595859505021663
 zone T = "ep =  0.15848931924611132 ",
 1. -5.5199053353413134
 1.05 -5.742123158453095
 1.1 -5.966140171776124
 1.15 -6.150495793213813
 1.2 -6.370180468554319
 1.25 -6.578402129405732
 1.3 -6.771140429863427
 1.3499999999999999 -6.983460651935822
 1.4 -7.180679719111041
 1.45 -7.387697474126699
 1.5 -7.600719489499478
 1.55 -7.803081166795228
 1.6 -8.007203299623269
 1.65 -8.212253589149505
 1.7 -8.409596494399825
 1.75 -8.615164157270268
 1.8 -8.817198502062563
 1.8499999999999999 -9.024901764865493
 1.9000000000000001 -9.227274557981843
 1.95 -9.427627291137686
 2. -9.629594506208665
 2.05 -9.833759183464686
 2.1 -10.036960791288143
 2.15 -10.238721495785612
 2.2 -10.441814141367662
 2.25 -10.643461004666364
 2.3 -10.845283520393606
 2.35 -11.046302381831072
 2.4 -11.247079406842099
 2.45 -11.449104180985001
 2.5 -11.649710811744791
 2.55 -11.851214116067966
 2.6 -12.051385287052758
 2.65 -12.252851497704507
 2.7 -12.45343097928903
 2.75 -12.654300062897423
 2.8 -12.854957679221071
 2.85 -13.054670995143166
 2.9 -13.254870575864294
 2.95 -13.456473141156536
 3. -13.660537092210385
 3.05 -13.850999829442122
 3.1 -14.054265321941614
 3.15 -14.242914325244861
 3.2 -14.432849144987339
 3.25 -14.58359410382699
 3.3 -14.801967040775388
 3.35 -15.342054247309296
 3.4 -14.859720298831483
 3.45 -15.25971048195714
 3.5 -15.769543668482395
 3.55 -16.290947728196727
 3.6 -15.046230433408992
 3.65 -15.900431737603897
 3.7 -15.67530077428822
 3.75 -14.90631187769759
 3.8 -15.25697906111771
 3.85 -14.602784407537042
 3.9 -15.004704450226205
 3.95 -14.818017823745077
