 zone T = "Var            1 : IMPLICIT",
 0.00000E+00  0.12026E+02
-0.10000E+00  0.11872E+02
-0.20000E+00  0.11741E+02
-0.30000E+00  0.11639E+02
-0.40000E+00  0.11570E+02
-0.50000E+00  0.11543E+02
-0.60000E+00  0.11564E+02
-0.70000E+00  0.11643E+02
-0.80000E+00  0.11790E+02
-0.90000E+00  0.12012E+02
-0.10000E+01  0.12266E+02
-0.11000E+01  0.12319E+02
-0.12000E+01  0.12124E+02
-0.13000E+01  0.11924E+02
-0.14000E+01  0.11780E+02
-0.15000E+01  0.11684E+02
-0.16000E+01  0.11620E+02
-0.17000E+01  0.11580E+02
-0.18000E+01  0.11555E+02
-0.19000E+01  0.11541E+02
-0.20000E+01  0.11534E+02
-0.21000E+01  0.11532E+02
-0.22000E+01  0.11532E+02
-0.23000E+01  0.11533E+02
-0.24000E+01  0.11535E+02
-0.25000E+01  0.11538E+02
-0.26000E+01  0.11540E+02
-0.27000E+01  0.11543E+02
-0.28000E+01  0.11545E+02
-0.29000E+01  0.11546E+02
-0.30000E+01  0.11548E+02
-0.31000E+01  0.11549E+02
-0.32000E+01  0.11550E+02
-0.33000E+01  0.11551E+02
-0.34000E+01  0.11552E+02
-0.35000E+01  0.11552E+02
-0.36000E+01  0.11553E+02
-0.37000E+01  0.11553E+02
-0.38000E+01  0.11553E+02
-0.39000E+01  0.11554E+02
-0.40000E+01  0.11554E+02
-0.41000E+01  0.11554E+02
-0.42000E+01  0.11554E+02
-0.43000E+01  0.11554E+02
-0.44000E+01  0.11554E+02
-0.45000E+01  0.11554E+02
-0.46000E+01  0.11554E+02
-0.47000E+01  0.11554E+02
-0.48000E+01  0.11554E+02
-0.49000E+01  0.11554E+02
-0.50000E+01  0.11554E+02
-0.51000E+01  0.11554E+02
-0.52000E+01  0.11554E+02
-0.53000E+01  0.11554E+02
-0.54000E+01  0.11554E+02
-0.55000E+01  0.11554E+02
-0.56000E+01  0.11554E+02
-0.57000E+01  0.11554E+02
-0.58000E+01  0.11554E+02
-0.59000E+01  0.11555E+02
-0.60000E+01  0.11555E+02
-0.61000E+01  0.11555E+02
-0.62000E+01  0.11555E+02
-0.63000E+01  0.11555E+02
-0.64000E+01  0.11555E+02
-0.65000E+01  0.11555E+02
-0.66000E+01  0.11555E+02
-0.67000E+01  0.11555E+02
-0.68000E+01  0.11555E+02
-0.69000E+01  0.11555E+02
-0.70000E+01  0.11555E+02
-0.71000E+01  0.11555E+02
-0.72000E+01  0.11555E+02
-0.73000E+01  0.11555E+02
-0.74000E+01  0.11555E+02
-0.75000E+01  0.11555E+02
-0.76000E+01  0.11555E+02
-0.77000E+01  0.11555E+02
-0.78000E+01  0.11555E+02
-0.79000E+01  0.11555E+02
-0.80000E+01  0.11555E+02
 zone T = "Var            1 : Predicted",
 0.00000E+00  0.82913+246
-0.10000E+00  0.82913+246
-0.20000E+00  0.82913+246
-0.30000E+00  0.82913+246
-0.40000E+00  0.82913+246
-0.50000E+00  0.82913+246
-0.60000E+00  0.82913+246
-0.70000E+00  0.82913+246
-0.80000E+00  0.82913+246
-0.90000E+00  0.82913+246
-0.10000E+01  0.82913+246
-0.11000E+01  0.82913+246
-0.12000E+01  0.82913+246
-0.13000E+01  0.82913+246
-0.14000E+01  0.82913+246
-0.15000E+01  0.82913+246
-0.16000E+01  0.82913+246
-0.17000E+01  0.82913+246
-0.18000E+01  0.82913+246
-0.19000E+01  0.82913+246
-0.20000E+01  0.82913+246
-0.21000E+01  0.82913+246
-0.22000E+01  0.82913+246
-0.23000E+01  0.82913+246
-0.24000E+01  0.82913+246
-0.25000E+01  0.82913+246
-0.26000E+01  0.82913+246
-0.27000E+01  0.82913+246
-0.28000E+01  0.82913+246
-0.29000E+01  0.82913+246
-0.30000E+01  0.82913+246
-0.31000E+01  0.82913+246
-0.32000E+01  0.82913+246
-0.33000E+01  0.82913+246
-0.34000E+01  0.82913+246
-0.35000E+01  0.82913+246
-0.36000E+01  0.82913+246
-0.37000E+01  0.82913+246
-0.38000E+01  0.82913+246
-0.39000E+01  0.82913+246
-0.40000E+01  0.82913+246
-0.41000E+01  0.82913+246
-0.42000E+01  0.82913+246
-0.43000E+01  0.82913+246
-0.44000E+01  0.82913+246
-0.45000E+01  0.82913+246
-0.46000E+01  0.82913+246
-0.47000E+01  0.82913+246
-0.48000E+01  0.82913+246
-0.49000E+01  0.82913+246
-0.50000E+01  0.82913+246
-0.51000E+01  0.82913+246
-0.52000E+01  0.82913+246
-0.53000E+01  0.82913+246
-0.54000E+01  0.82913+246
-0.55000E+01  0.82913+246
-0.56000E+01  0.82913+246
-0.57000E+01  0.82913+246
-0.58000E+01  0.82913+246
-0.59000E+01  0.82913+246
-0.60000E+01  0.82913+246
-0.61000E+01  0.82913+246
-0.62000E+01  0.82913+246
-0.63000E+01  0.82913+246
-0.64000E+01  0.82913+246
-0.65000E+01  0.82913+246
-0.66000E+01  0.82913+246
-0.67000E+01  0.82913+246
-0.68000E+01  0.82913+246
-0.69000E+01  0.82913+246
-0.70000E+01  0.82913+246
-0.71000E+01  0.82913+246
-0.72000E+01  0.82913+246
-0.73000E+01  0.82913+246
-0.74000E+01  0.82913+246
-0.75000E+01  0.82913+246
-0.76000E+01  0.82913+246
-0.77000E+01  0.82913+246
-0.78000E+01  0.82913+246
-0.79000E+01  0.82913+246
-0.80000E+01  0.82913+246
 zone T = "Var            2 : IMPLICIT",
 0.00000E+00  0.14156E+02
-0.10000E+00  0.13914E+02
-0.20000E+00  0.13692E+02
-0.30000E+00  0.13496E+02
-0.40000E+00  0.13329E+02
-0.50000E+00  0.13196E+02
-0.60000E+00  0.13101E+02
-0.70000E+00  0.13048E+02
-0.80000E+00  0.13041E+02
-0.90000E+00  0.13083E+02
-0.10000E+01  0.13182E+02
-0.11000E+01  0.13357E+02
-0.12000E+01  0.13679E+02
-0.13000E+01  0.14544E+02
-0.14000E+01  0.13727E+02
-0.15000E+01  0.13565E+02
-0.16000E+01  0.13507E+02
-0.17000E+01  0.13495E+02
-0.18000E+01  0.13507E+02
-0.19000E+01  0.13534E+02
-0.20000E+01  0.13569E+02
-0.21000E+01  0.13607E+02
-0.22000E+01  0.13646E+02
-0.23000E+01  0.13683E+02
-0.24000E+01  0.13719E+02
-0.25000E+01  0.13751E+02
-0.26000E+01  0.13779E+02
-0.27000E+01  0.13804E+02
-0.28000E+01  0.13826E+02
-0.29000E+01  0.13844E+02
-0.30000E+01  0.13859E+02
-0.31000E+01  0.13872E+02
-0.32000E+01  0.13882E+02
-0.33000E+01  0.13890E+02
-0.34000E+01  0.13897E+02
-0.35000E+01  0.13903E+02
-0.36000E+01  0.13907E+02
-0.37000E+01  0.13911E+02
-0.38000E+01  0.13914E+02
-0.39000E+01  0.13916E+02
-0.40000E+01  0.13918E+02
-0.41000E+01  0.13920E+02
-0.42000E+01  0.13921E+02
-0.43000E+01  0.13922E+02
-0.44000E+01  0.13922E+02
-0.45000E+01  0.13923E+02
-0.46000E+01  0.13924E+02
-0.47000E+01  0.13924E+02
-0.48000E+01  0.13924E+02
-0.49000E+01  0.13924E+02
-0.50000E+01  0.13925E+02
-0.51000E+01  0.13925E+02
-0.52000E+01  0.13925E+02
-0.53000E+01  0.13925E+02
-0.54000E+01  0.13925E+02
-0.55000E+01  0.13925E+02
-0.56000E+01  0.13925E+02
-0.57000E+01  0.13925E+02
-0.58000E+01  0.13925E+02
-0.59000E+01  0.13925E+02
-0.60000E+01  0.13925E+02
-0.61000E+01  0.13925E+02
-0.62000E+01  0.13925E+02
-0.63000E+01  0.13925E+02
-0.64000E+01  0.13925E+02
-0.65000E+01  0.13925E+02
-0.66000E+01  0.13925E+02
-0.67000E+01  0.13925E+02
-0.68000E+01  0.13925E+02
-0.69000E+01  0.13925E+02
-0.70000E+01  0.13925E+02
-0.71000E+01  0.13925E+02
-0.72000E+01  0.13925E+02
-0.73000E+01  0.13925E+02
-0.74000E+01  0.13925E+02
-0.75000E+01  0.13925E+02
-0.76000E+01  0.13925E+02
-0.77000E+01  0.13925E+02
-0.78000E+01  0.13925E+02
-0.79000E+01  0.13925E+02
-0.80000E+01  0.13925E+02
 zone T = "Var            2 : Predicted",
 0.00000E+00  0.11138+246
-0.10000E+00  0.11138+246
-0.20000E+00  0.11138+246
-0.30000E+00  0.11138+246
-0.40000E+00  0.11138+246
-0.50000E+00  0.11138+246
-0.60000E+00  0.11138+246
-0.70000E+00  0.11138+246
-0.80000E+00  0.11138+246
-0.90000E+00  0.11138+246
-0.10000E+01  0.11138+246
-0.11000E+01  0.11138+246
-0.12000E+01  0.11138+246
-0.13000E+01  0.11138+246
-0.14000E+01  0.11138+246
-0.15000E+01  0.11138+246
-0.16000E+01  0.11138+246
-0.17000E+01  0.11138+246
-0.18000E+01  0.11138+246
-0.19000E+01  0.11138+246
-0.20000E+01  0.11138+246
-0.21000E+01  0.11138+246
-0.22000E+01  0.11138+246
-0.23000E+01  0.11138+246
-0.24000E+01  0.11138+246
-0.25000E+01  0.11138+246
-0.26000E+01  0.11138+246
-0.27000E+01  0.11138+246
-0.28000E+01  0.11138+246
-0.29000E+01  0.11138+246
-0.30000E+01  0.11138+246
-0.31000E+01  0.11138+246
-0.32000E+01  0.11138+246
-0.33000E+01  0.11138+246
-0.34000E+01  0.11138+246
-0.35000E+01  0.11138+246
-0.36000E+01  0.11138+246
-0.37000E+01  0.11138+246
-0.38000E+01  0.11138+246
-0.39000E+01  0.11138+246
-0.40000E+01  0.11138+246
-0.41000E+01  0.11138+246
-0.42000E+01  0.11138+246
-0.43000E+01  0.11138+246
-0.44000E+01  0.11138+246
-0.45000E+01  0.11138+246
-0.46000E+01  0.11138+246
-0.47000E+01  0.11138+246
-0.48000E+01  0.11138+246
-0.49000E+01  0.11138+246
-0.50000E+01  0.11138+246
-0.51000E+01  0.11138+246
-0.52000E+01  0.11138+246
-0.53000E+01  0.11138+246
-0.54000E+01  0.11138+246
-0.55000E+01  0.11138+246
-0.56000E+01  0.11138+246
-0.57000E+01  0.11138+246
-0.58000E+01  0.11138+246
-0.59000E+01  0.11138+246
-0.60000E+01  0.11138+246
-0.61000E+01  0.11138+246
-0.62000E+01  0.11138+246
-0.63000E+01  0.11138+246
-0.64000E+01  0.11138+246
-0.65000E+01  0.11138+246
-0.66000E+01  0.11138+246
-0.67000E+01  0.11138+246
-0.68000E+01  0.11138+246
-0.69000E+01  0.11138+246
-0.70000E+01  0.11138+246
-0.71000E+01  0.11138+246
-0.72000E+01  0.11138+246
-0.73000E+01  0.11138+246
-0.74000E+01  0.11138+246
-0.75000E+01  0.11138+246
-0.76000E+01  0.11138+246
-0.77000E+01  0.11138+246
-0.78000E+01  0.11138+246
-0.79000E+01  0.11138+246
-0.80000E+01  0.11138+246
