 zone T = "ep =    1.0000000000000000      ",
   1.0000000000000000       -3.8819447359321688     
   1.0500000000000000       -4.0781808383031120     
   1.1000000000000001       -4.2718823013766478     
   1.1499999999999999       -4.4530019737598669     
   1.2000000000000000       -4.6004510597482398     
   1.2500000000000000       -4.6871962106499083     
   1.3000000000000000       -4.7013110042269766     
   1.3499999999999999       -4.8966660949739893     
   1.3999999999999999       -5.0781063628389314     
   1.4500000000000000       -5.1853935981909016     
   1.5000000000000000       -5.2835940907073473     
   1.5500000000000000       -5.4697675609142671     
   1.6000000000000001       -5.5446838367688294     
   1.6499999999999999       -5.7334039687926666     
   1.7000000000000000       -5.8246272857776242     
   1.7500000000000000       -6.0139252741266169     
   1.8000000000000000       -6.1378238400424827     
   1.8499999999999999       -6.2622968557025587     
   1.9000000000000001       -6.4115342144438738     
   1.9500000000000000       -6.5603170965067967     
   2.0000000000000000       -6.6934018355270641     
   2.0499999999999998       -6.8505710503683437     
   2.1000000000000001       -7.0072418149856031     
   2.1499999999999999       -7.1388715731388954     
   2.2000000000000002       -7.2927447829069481     
   2.2500000000000000       -7.4416881189268862     
   2.2999999999999998       -7.5807321582708163     
   2.3500000000000001       -7.7343279302050085     
   2.3999999999999999       -7.8764077535028774     
   2.4500000000000002       -8.0259095999929873     
   2.5000000000000000       -8.1791923388607994     
   2.5499999999999998       -8.3264704666372946     
   2.6000000000000001       -8.4740308718972486     
   2.6499999999999999       -8.6236473913791052     
   2.7000000000000002       -8.7684265898398142     
   2.7500000000000000       -8.9186287575607786     
   2.7999999999999998       -9.0665675125370182     
   2.8500000000000001       -9.2181713503938028     
   2.8999999999999999       -9.3673341014755334     
   2.9500000000000002       -9.5149185847500668     
   3.0000000000000000       -9.6637449992845994     
   3.0499999999999998       -9.8143313247389585     
   3.1000000000000001       -9.9641377404100879     
   3.1499999999999999       -10.113690341681401     
   3.2000000000000002       -10.263940882413950     
   3.2500000000000000       -10.413319242465352     
   3.2999999999999998       -10.563237963134618     
   3.3500000000000001       -10.712542119994101     
   3.3999999999999999       -10.862070534493144     
   3.4500000000000002       -11.012176578314373     
   3.5000000000000000       -11.161769038652821     
   3.5499999999999998       -11.311836568244953     
   3.6000000000000001       -11.461306077670681     
   3.6499999999999999       -11.611627235521860     
   3.7000000000000002       -11.761182956712485     
   3.7500000000000000       -11.911222590616811     
   3.7999999999999998       -12.060943352945786     
   3.8500000000000001       -12.210895720125857     
   3.8999999999999999       -12.360948168622167     
   3.9500000000000002       -12.510838836230905     
   4.0000000000000000       -12.660652151488769     
   4.0499999999999998       -12.810629281245220     
   4.0999999999999996       -12.960679005706753     
   4.1500000000000004       -13.110752015026408     
   4.2000000000000002       -13.260661249565407     
   4.2500000000000000       -13.410654277925831     
   4.2999999999999998       -13.560663028637492     
   4.3499999999999996       -13.710741103089710     
   4.4000000000000004       -13.860717379258302     
   4.4500000000000002       -14.010838292494405     
   4.5000000000000000       -14.160948351101185     
 zone T = "ep =   0.79432823472428149      ",
   1.0000000000000000       -3.7151648913924715     
   1.0500000000000000       -3.9143747832642428     
   1.1000000000000001       -4.1104132333842500     
   1.1499999999999999       -4.2918562606473447     
   1.2000000000000000       -4.4354100128043914     
   1.2500000000000000       -4.5134938535578746     
   1.3000000000000000       -4.5178920821525841     
   1.3499999999999999       -4.7163750489562108     
   1.3999999999999999       -4.8985656503986670     
   1.4500000000000000       -4.9993478336225516     
   1.5000000000000000       -5.0931646657323055     
   1.5500000000000000       -5.2809143427103642     
   1.6000000000000001       -5.3479386298366594     
   1.6499999999999999       -5.5390643223543448     
   1.7000000000000000       -5.6240483843879234     
   1.7500000000000000       -5.8155779032731871     
   1.8000000000000000       -5.9364573320541147     
   1.8499999999999999       -6.0578403141017940     
   1.9000000000000001       -6.2060893985723524     
   1.9500000000000000       -6.3540261712707178     
   2.0000000000000000       -6.4851305873513478     
   2.0499999999999998       -6.6422944235155743     
   2.1000000000000001       -6.7989204467495865     
   2.1499999999999999       -6.9285540759521318     
   2.2000000000000002       -7.0822375495696086     
   2.2500000000000000       -7.2306870969161094     
   2.2999999999999998       -7.3684817714163611     
   2.3500000000000001       -7.5220455635275361     
   2.3999999999999999       -7.6631822123002591     
   2.4500000000000002       -7.8123703682625516     
   2.5000000000000000       -7.9656628875875217     
   2.5499999999999998       -8.1125060079473172     
   2.6000000000000001       -8.2596676126574842     
   2.6499999999999999       -8.4090788022063538     
   2.7000000000000002       -8.5532883589024991     
   2.7500000000000000       -8.7033641471478465     
   2.7999999999999998       -8.8510124343359617     
   2.8500000000000001       -9.0026265285706710     
   2.8999999999999999       -9.1516232312073633     
   2.9500000000000002       -9.2989266536689144     
   3.0000000000000000       -9.4475794006705378     
   3.0499999999999998       -9.5981391448870959     
   3.1000000000000001       -9.7478647340812881     
   3.1499999999999999       -9.8973249280167863     
   3.2000000000000002       -10.047543173510805     
   3.2500000000000000       -10.196826361266236     
   3.2999999999999998       -10.346697759641316     
   3.3500000000000001       -10.495910541165140     
   3.3999999999999999       -10.645369491115947     
   3.4500000000000002       -10.795454327498375     
   3.5000000000000000       -10.944988957102217     
   3.5499999999999998       -11.095038249728294     
   3.6000000000000001       -11.244445641394545     
   3.6499999999999999       -11.394773230455456     
   3.7000000000000002       -11.544277577696695     
   3.7500000000000000       -11.694305320189871     
   3.7999999999999998       -11.843990402829281     
   3.8500000000000001       -11.993927099131927     
   3.8999999999999999       -12.143972645912056     
   3.9500000000000002       -12.293843951169839     
   4.0000000000000000       -12.443633266741461     
   4.0499999999999998       -12.593598570656249     
   4.0999999999999996       -12.743642031544875     
   4.1500000000000004       -12.893711329636886     
   4.2000000000000002       -13.043595976991327     
   4.2500000000000000       -13.193579892769083     
   4.2999999999999998       -13.343564566762346     
   4.3499999999999996       -13.493608877895092     
   4.4000000000000004       -13.643613920302668     
   4.4500000000000002       -13.793679619672210     
   4.5000000000000000       -13.943715733061509     
 zone T = "ep =   0.63095734448019325      ",
   1.0000000000000000       -3.5568301276191807     
   1.0500000000000000       -3.7592476074575600     
   1.1000000000000001       -3.9578186743339860     
   1.1499999999999999       -4.1394141823193094     
   1.2000000000000000       -4.2781493532521528     
   1.2500000000000000       -4.3462096122128839     
   1.3000000000000000       -4.3400347363969844     
   1.3499999999999999       -4.5419057089345740     
   1.3999999999999999       -4.7246416946468806     
   1.4500000000000000       -4.8177772129643115     
   1.5000000000000000       -4.9067453949485023     
   1.5500000000000000       -5.0959240480805166     
   1.6000000000000001       -5.1540539350650780     
   1.6499999999999999       -5.3475621740799397     
   1.7000000000000000       -5.4255256057879038     
   1.7500000000000000       -5.6191712584626465     
   1.8000000000000000       -5.7365917037344287     
   1.8499999999999999       -5.8544306061212348     
   1.9000000000000001       -6.0013796929092180     
   1.9500000000000000       -6.1482018047922500     
   2.0000000000000000       -6.2770389854020667     
   2.0499999999999998       -6.4340066623877501     
   2.1000000000000001       -6.5903961052308793     
   2.1499999999999999       -6.7177894235821372     
   2.2000000000000002       -6.8711112947633213     
   2.2500000000000000       -7.0189087501637726     
   2.2999999999999998       -7.1552879355928445     
   2.3500000000000001       -7.3087028440818997     
   2.3999999999999999       -7.4487626413771979     
   2.4500000000000002       -7.5975309693715314     
   2.5000000000000000       -7.7507421098595586     
   2.5499999999999998       -7.8970606673511021     
   2.6000000000000001       -8.0437409773966024     
   2.6499999999999999       -8.1928775379321106     
   2.7000000000000002       -8.3364494476480928     
   2.7500000000000000       -8.4863433328952329     
   2.7999999999999998       -8.6336488672082989     
   2.8500000000000001       -8.7852294319330682     
   2.8999999999999999       -8.9340195624507714     
   2.9500000000000002       -9.0810038961039297     
   3.0000000000000000       -9.2294498929000852     
   3.0499999999999998       -9.3799547965861638     
   3.1000000000000001       -9.5295735473033236     
   3.1499999999999999       -9.6789182175023907     
   3.2000000000000002       -9.8290837924047221     
   3.2500000000000000       -9.9782530194588261     
   3.2999999999999998       -10.128060696081006     
   3.3500000000000001       -10.277167064301267     
   3.3999999999999999       -10.426543303271584     
   3.4500000000000002       -10.576595391296577     
   3.5000000000000000       -10.726061561428985     
   3.5499999999999998       -10.876083498702084     
   3.6000000000000001       -11.025420199021443     
   3.6499999999999999       -11.175746918201124     
   3.7000000000000002       -11.325193237100951     
   3.7500000000000000       -11.475203001742436     
   3.7999999999999998       -11.624847656436632     
   3.8500000000000001       -11.774763848916217     
   3.8999999999999999       -11.924798000288817     
   3.9500000000000002       -12.074647080429049     
   4.0000000000000000       -12.224408042652570     
   4.0499999999999998       -12.374360661055624     
   4.0999999999999996       -12.524394704179619     
   4.1500000000000004       -12.674458250794292     
   4.2000000000000002       -12.824324353111118     
   4.2500000000000000       -12.974294250006279     
   4.2999999999999998       -13.124260999268069     
   4.3499999999999996       -13.274302702588971     
   4.4000000000000004       -13.424247396022041     
   4.4500000000000002       -13.574294994775116     
   4.5000000000000000       -13.724350622457674     
 zone T = "ep =   0.50118723362727235      ",
   1.0000000000000000       -3.4079598789922292     
   1.0500000000000000       -3.6137762179621715     
   1.1000000000000001       -3.8150293045326009     
   1.1499999999999999       -3.9965242140472728     
   1.2000000000000000       -4.1294386637506095     
   1.2500000000000000       -4.1862442238849793     
   1.3000000000000000       -4.1689822608055973     
   1.3499999999999999       -4.3745043512020887     
   1.3999999999999999       -4.5574997423997354     
   1.4500000000000000       -4.6418282714437975     
   1.5000000000000000       -4.7256107268213707     
   1.5500000000000000       -4.9159691076920469     
   1.6000000000000001       -4.9642650110648781     
   1.6499999999999999       -5.1600432889075929     
   1.7000000000000000       -5.2302396524748893     
   1.7500000000000000       -5.4257601478137456     
   1.8000000000000000       -5.5392846007578269     
   1.8499999999999999       -5.6531126644294680     
   1.9000000000000001       -5.7983909551437218     
   1.9500000000000000       -5.9437783939691755     
   2.0000000000000000       -6.0700509535761498     
   2.0499999999999998       -6.2265683187498118     
   2.1000000000000001       -6.3824637280525156     
   2.1499999999999999       -6.5073737351640695     
   2.2000000000000002       -6.6601086845908863     
   2.2500000000000000       -6.8070601266592128     
   2.2999999999999998       -6.9418515838673009     
   2.3500000000000001       -7.0949593627351693     
   2.3999999999999999       -7.2338000114012937     
   2.4500000000000002       -7.3820164741918868     
   2.5000000000000000       -7.5348376011690137     
   2.5499999999999998       -7.6803910380217815     
   2.6000000000000001       -7.8264050228229687     
   2.6499999999999999       -7.9751246889072256     
   2.7000000000000002       -8.1179670586587029     
   2.7500000000000000       -8.2675970810994741     
   2.7999999999999998       -8.4145063610845625     
   2.8500000000000001       -8.5660033418229435     
   2.8999999999999999       -8.7145589299083959     
   2.9500000000000002       -8.8612107337035511     
   3.0000000000000000       -9.0094394940019633     
   3.0499999999999998       -9.1598657334865159     
   3.1000000000000001       -9.3093280597045744     
   3.1499999999999999       -9.4585262140872608     
   3.2000000000000002       -9.6086184021952441     
   3.2500000000000000       -9.7576658028210179     
   3.2999999999999998       -9.9073946003751683     
   3.3500000000000001       -10.056374993092438     
   3.3999999999999999       -10.205659656608582     
   3.4500000000000002       -10.355669115208698     
   3.5000000000000000       -10.505054578696772     
   3.5499999999999998       -10.655043810081089     
   3.6000000000000001       -10.804300021590445     
   3.6499999999999999       -10.954618787953242     
   3.7000000000000002       -11.104002122528090     
   3.7500000000000000       -11.253987514911085     
   3.7999999999999998       -11.403587607383946     
   3.8500000000000001       -11.553478782938448     
   3.8999999999999999       -11.703498128872409     
   3.9500000000000002       -11.853321410995774     
   4.0000000000000000       -12.003053221233772     
   4.0499999999999998       -12.152988224192811     
   4.0999999999999996       -12.303012638820833     
   4.1500000000000004       -12.453067644510599     
   4.2000000000000002       -12.602913716521543     
   4.2500000000000000       -12.752868633328310     
   4.2999999999999998       -12.902820039856129     
   4.3499999999999996       -13.052848823590750     
   4.4000000000000004       -13.202770900913517     
   4.4500000000000002       -13.352796702479150     
   4.5000000000000000       -13.502771033169441     
 zone T = "ep =   0.39810717055349726      ",
   1.0000000000000000       -3.2693264486316935     
   1.0500000000000000       -3.4786319757860396     
   1.1000000000000001       -3.6825930320150824     
   1.1499999999999999       -3.8635901425674950     
   1.2000000000000000       -3.9896547835095655     
   1.2500000000000000       -4.0343099113815173     
   1.3000000000000000       -4.0059733696728550     
   1.3499999999999999       -4.2154262492242403     
   1.3999999999999999       -4.3983217609478595     
   1.4500000000000000       -4.4727421176810642     
   1.5000000000000000       -4.5512044955954867     
   1.5500000000000000       -4.7424092115044445     
   1.6000000000000001       -4.7800365369958060     
   1.6499999999999999       -4.9779109366068699     
   1.7000000000000000       -5.0396424874630501     
   1.7500000000000000       -5.2366921605556538     
   1.8000000000000000       -5.3458987802673743     
   1.8499999999999999       -5.4527891088241036     
   1.9000000000000001       -5.5926461487256729     
   1.9500000000000000       -5.7339095159250189     
   2.0000000000000000       -5.8562129962638920     
   2.0499999999999998       -6.0108218798860031     
   2.1000000000000001       -6.1652003858756652     
   2.1499999999999999       -6.2878393617734343     
   2.2000000000000002       -6.4397045582810852     
   2.2500000000000000       -6.5859075134740204     
   2.2999999999999998       -6.7196682025460275     
   2.3500000000000001       -6.8726610986870291     
   2.3999999999999999       -7.0108761057273359     
   2.4500000000000002       -7.1583634328333057     
   2.5000000000000000       -7.3107011949359357     
   2.5499999999999998       -7.4557243952113019     
   2.6000000000000001       -7.6013803867433065     
   2.6499999999999999       -7.7499974946978245     
   2.7000000000000002       -7.8922038565829400     
   2.7500000000000000       -8.0414994266835365     
   2.7999999999999998       -8.1881380101556900     
   2.8500000000000001       -8.3394674591423801     
   2.8999999999999999       -8.4877464200036812     
   2.9500000000000002       -8.6341213063446354     
   3.0000000000000000       -8.7820787896295105     
   3.0499999999999998       -8.9323914019054236     
   3.1000000000000001       -9.0817649035233767     
   3.1499999999999999       -9.2308121406315351     
   3.2000000000000002       -9.3808104562110550     
   3.2500000000000000       -9.5297274967807528     
   3.2999999999999998       -9.6793727190000638     
   3.3500000000000001       -9.8282582214109748     
   3.3999999999999999       -9.9774515436797930     
   3.4500000000000002       -10.127404652169133     
   3.5000000000000000       -10.276721119744250     
   3.5499999999999998       -10.426664299920597     
   3.6000000000000001       -10.575856505822331     
   3.6499999999999999       -10.726155971018265     
   3.7000000000000002       -10.875482807080234     
   3.7500000000000000       -11.025442087677224     
   3.7999999999999998       -11.175003076818641     
   3.8500000000000001       -11.324868234711435     
   3.8999999999999999       -11.474868991807222     
   3.9500000000000002       -11.624668385634807     
   4.0000000000000000       -11.774372375552408     
   4.0499999999999998       -11.924291437013453     
   4.0999999999999996       -12.074303724546812     
   4.1500000000000004       -12.224348108558193     
   4.2000000000000002       -12.374176745682863     
   4.2500000000000000       -12.524116886402634     
   4.2999999999999998       -12.674056670388147     
   4.3499999999999996       -12.824068181605384     
   4.4000000000000004       -12.973981549768066     
   4.4500000000000002       -13.123977872271343     
   4.5000000000000000       -13.273964778412928     
 zone T = "ep =   0.31622776601683794      ",
   1.0000000000000000       -3.1414036986342060     
   1.0500000000000000       -3.3541085510431454     
   1.1000000000000001       -3.5605632190858736     
   1.1499999999999999       -3.7404245341119715     
   1.2000000000000000       -3.8586542176190326     
   1.2500000000000000       -3.8908356673526558     
   1.3000000000000000       -3.8521331032606412     
   1.3499999999999999       -4.0658208905577098     
   1.3999999999999999       -4.2481975184249530     
   1.4500000000000000       -4.3117607207534778     
   1.5000000000000000       -4.3850427064077317     
   1.5500000000000000       -4.5767140209815302     
   1.6000000000000001       -4.6029729279747178     
   1.6499999999999999       -4.7938989344090563     
   1.7000000000000000       -4.8390281888681574     
   1.7500000000000000       -5.0274488081529283     
   1.8000000000000000       -5.1291985291616200     
   1.8499999999999999       -5.2329933469060874     
   1.9000000000000001       -5.3721021836327836     
   1.9500000000000000       -5.5129331438726874     
   2.0000000000000000       -5.6347945677931675     
   2.0499999999999998       -5.7893490435029529     
   2.1000000000000001       -5.9436638281274536     
   2.1499999999999999       -6.0657421198390766     
   2.2000000000000002       -6.2175650050975211     
   2.2500000000000000       -6.3628372021528712     
   2.2999999999999998       -6.4940282841648171     
   2.3500000000000001       -6.6455356757146760     
   2.3999999999999999       -6.7824438688182633     
   2.4500000000000002       -6.9298127138005556     
   2.5000000000000000       -7.0821329572633074     
   2.5499999999999998       -7.2262429807563011     
   2.6000000000000001       -7.3713244806465035     
   2.6499999999999999       -7.5195366115452833     
   2.7000000000000002       -7.6610644860954817     
   2.7500000000000000       -7.8102729286389820     
   2.7999999999999998       -7.9563154621552652     
   2.8500000000000001       -8.1075588222446111     
   2.8999999999999999       -8.2554757828938854     
   2.9500000000000002       -8.4015205598269596     
   3.0000000000000000       -8.5493033140496788     
   3.0499999999999998       -8.6994556486476142     
   3.1000000000000001       -8.8486270222587748     
   3.1499999999999999       -8.9975282983215195     
   3.2000000000000002       -9.1474011237316422     
   3.2500000000000000       -9.2962076764197104     
   3.2999999999999998       -9.4457263895505559     
   3.3500000000000001       -9.5944963599626156     
   3.3999999999999999       -9.7435971026140749     
   3.4500000000000002       -9.8934834138615422     
   3.5000000000000000       -10.042724366112330     
   3.5499999999999998       -10.192611337190876     
   3.6000000000000001       -10.341736299306804     
   3.6499999999999999       -10.491997938772608     
   3.7000000000000002       -10.641272703236895     
   3.7500000000000000       -10.791194050478930     
   3.7999999999999998       -10.940714097134967     
   3.8500000000000001       -11.090548205056306     
   3.8999999999999999       -11.240525157278027     
   3.9500000000000002       -11.390297059449496     
   4.0000000000000000       -11.539975640208391     
   4.0499999999999998       -11.689874294226119     
   4.0999999999999996       -11.839870185611371     
   4.1500000000000004       -11.989900817120720     
   4.2000000000000002       -12.139712142665527     
   4.2500000000000000       -12.289638418970148     
   4.2999999999999998       -12.439562328775013     
   4.3499999999999996       -12.589562982931133     
   4.4000000000000004       -12.739456993041086     
   4.4500000000000002       -12.889441349150706     
   4.5000000000000000       -13.039395526809082     
 zone T = "ep =   0.25118864315095801      ",
   1.0000000000000000       -3.0243723871628014     
   1.0500000000000000       -3.2401294176246389     
   1.1000000000000001       -3.4484918640579969     
   1.1499999999999999       -3.6262303996789926     
   1.2000000000000000       -3.7357691966461513     
   1.2500000000000000       -3.7559300901363257     
   1.3000000000000000       -3.7083570764669505     
   1.3499999999999999       -3.9265934582364048     
   1.3999999999999999       -4.1079844031507786     
   1.4500000000000000       -4.1599964940433170     
   1.5000000000000000       -4.2285650814202373     
   1.5500000000000000       -4.3988568191207023     
   1.6000000000000001       -4.4023777825350638     
   1.6499999999999999       -4.5853390216428220     
   1.7000000000000000       -4.6296872936161497     
   1.7500000000000000       -4.8154645190113294     
   1.8000000000000000       -4.9164746124332224     
   1.8499999999999999       -5.0188695983519693     
   1.9000000000000001       -5.1565058081155213     
   1.9500000000000000       -5.2962856192312149     
   2.0000000000000000       -5.4173379569270228     
   2.0499999999999998       -5.5712950923714457     
   2.1000000000000001       -5.7250390689598927     
   2.1499999999999999       -5.8457955064926654     
   2.2000000000000002       -5.9931710751915004     
   2.2500000000000000       -6.1360113676037784     
   2.2999999999999998       -6.2670145745844366     
   2.3500000000000001       -6.4185347414474636     
   2.3999999999999999       -6.5552341230216724     
   2.4500000000000002       -6.7004597278502427     
   2.5000000000000000       -6.8517639009511457     
   2.5499999999999998       -6.9961111405381455     
   2.6000000000000001       -7.1400789262312445     
   2.6499999999999999       -7.2875950707366171     
   2.7000000000000002       -7.4288247848629281     
   2.7500000000000000       -7.5774553181594753     
   2.7999999999999998       -7.7231492311922070     
   2.8500000000000001       -7.8740026603625317     
   2.8999999999999999       -8.0217046171082398     
   2.9500000000000002       -8.1673973447475330     
   3.0000000000000000       -8.3148820182264060     
   3.0499999999999998       -8.4648117603037605     
   3.1000000000000001       -8.6137974366692109     
   3.1499999999999999       -8.7624923075813026     
   3.2000000000000002       -8.9122383917296712     
   3.2500000000000000       -9.0608467544660360     
   3.2999999999999998       -9.2102527544115098     
   3.3500000000000001       -9.3589051629363311     
   3.3999999999999999       -9.5078935409036411     
   3.4500000000000002       -9.6576915420630893     
   3.5000000000000000       -9.8068431883914826     
   3.5499999999999998       -9.9566503295831019     
   3.6000000000000001       -10.105706755546130     
   3.6499999999999999       -10.255910242973508     
   3.7000000000000002       -10.405128779635781     
   3.7500000000000000       -10.555005771786048     
   3.7999999999999998       -10.704480219134725     
   3.8500000000000001       -10.854277092578885     
   3.8999999999999999       -11.004220400630444     
   3.9500000000000002       -11.153961078504823     
   4.0000000000000000       -11.303611487164575     
   4.0499999999999998       -11.453486377947858     
   4.0999999999999996       -11.603460721563653     
   4.1500000000000004       -11.753472329890556     
   4.2000000000000002       -11.903264083273104     
   4.2500000000000000       -12.053173703109302     
   4.2999999999999998       -12.203082714790572     
   4.3499999999999996       -12.353068633128535     
   4.4000000000000004       -12.502948950721347     
   4.4500000000000002       -12.652918260012061     
   4.5000000000000000       -12.802854136886960     
 zone T = "ep =   0.19952623149688800      ",
   1.0000000000000000       -2.9181753404989172     
   1.0500000000000000       -3.1363412846137382     
   1.1000000000000001       -3.3455642723159436     
   1.1499999999999999       -3.5197830490580659     
   1.2000000000000000       -3.6199920076859016     
   1.2500000000000000       -3.6294312533903650     
   1.3000000000000000       -3.5752092602593657     
   1.3499999999999999       -3.7982558878094559     
   1.3999999999999999       -3.9781429103164161     
   1.4500000000000000       -4.0137086017388492     
   1.5000000000000000       -4.0473986822492671     
   1.5500000000000000       -4.2064290157242930     
   1.6000000000000001       -4.2092076980709390     
   1.6499999999999999       -4.3883263175426652     
   1.7000000000000000       -4.4307266193032451     
   1.7500000000000000       -4.6126795702790400     
   1.8000000000000000       -4.7121041987701791     
   1.8499999999999999       -4.8123103408326360     
   1.9000000000000001       -4.9476412179401512     
   1.9500000000000000       -5.0856440901702911     
   2.0000000000000000       -5.2053934178150456     
   2.0499999999999998       -5.3581291826376809     
   2.1000000000000001       -5.5104993047318303     
   2.1499999999999999       -5.6253915021943381     
   2.2000000000000002       -5.7715487614474537     
   2.2500000000000000       -5.9135389675417711     
   2.2999999999999998       -6.0438983996763813     
   2.3500000000000001       -6.1949400572329809     
   2.3999999999999999       -6.3286250811910767     
   2.4500000000000002       -6.4734082803452884     
   2.5000000000000000       -6.6244069307521967     
   2.5499999999999998       -6.7671532702357222     
   2.6000000000000001       -6.9106725482524709     
   2.6499999999999999       -7.0576194564997259     
   2.7000000000000002       -7.1981094171381610     
   2.7500000000000000       -7.3461831504461594     
   2.7999999999999998       -7.4915848955366666     
   2.8500000000000001       -7.6417487343361374     
   2.8999999999999999       -7.7890491883669153     
   2.9500000000000002       -7.9344352469604287     
   3.0000000000000000       -8.0816083013411184     
   3.0499999999999998       -8.2312531240236879     
   3.1000000000000001       -8.3799977006015478     
   3.1499999999999999       -8.5284583681329664     
   3.2000000000000002       -8.6779800589868490     
   3.2500000000000000       -8.8264347916142913     
   3.2999999999999998       -8.9756687980774377     
   3.3500000000000001       -9.1241620995449413     
   3.3999999999999999       -9.2730282063685010     
   3.4500000000000002       -9.4227012452075751     
   3.5000000000000000       -9.5717493172835777     
   3.5499999999999998       -9.7214679087591840     
   3.6000000000000001       -9.8704406638954065     
   3.6499999999999999       -10.020568732039305     
   3.7000000000000002       -10.169721160061906     
   3.7500000000000000       -10.319537873156317     
   3.7999999999999998       -10.468961528767458     
   3.8500000000000001       -10.618709888681970     
   3.8999999999999999       -10.768611636444941     
   3.9500000000000002       -10.918314345362266     
   4.0000000000000000       -11.067932220564140     
   4.0499999999999998       -11.217776452692867     
   4.0999999999999996       -11.367723884242347     
   4.1500000000000004       -11.517711045680773     
   4.2000000000000002       -11.667481093604584     
   4.2500000000000000       -11.817371093635920     
   4.2999999999999998       -11.967261592105199     
   4.3499999999999996       -12.117231487505849     
   4.4000000000000004       -12.267093820636363     
   4.4500000000000002       -12.417047950124578     
   4.5000000000000000       -12.566968180087148     
 zone T = "ep =   0.15848931924611132      ",
   1.0000000000000000       -2.8225940189144310     
   1.0500000000000000       -3.0422600519798451     
   1.1000000000000001       -3.2508511159805273     
   1.1499999999999999       -3.4198027000802957     
   1.2000000000000000       -3.5103285064815570     
   1.2500000000000000       -3.5110375249164294     
   1.3000000000000000       -3.4528589032994574     
   1.3499999999999999       -3.6807948742065877     
   1.3999999999999999       -3.8585705061445204     
   1.4500000000000000       -3.8433462451180143     
   1.5000000000000000       -3.8783506719632892     
   1.5500000000000000       -4.0305900035831774     
   1.6000000000000001       -4.0307578069596115     
   1.6499999999999999       -4.2051511211782238     
   1.7000000000000000       -4.2442433644029451     
   1.7500000000000000       -4.4212886670577278     
   1.8000000000000000       -4.5181388610372348     
   1.8499999999999999       -4.6151997922937733     
   1.9000000000000001       -4.7472870482493397     
   1.9500000000000000       -4.8826745806311820     
   2.0000000000000000       -5.0004803588012470     
   2.0499999999999998       -5.1512783552691541     
   2.1000000000000001       -5.2991426674945510     
   2.1499999999999999       -5.4122049231234239     
   2.2000000000000002       -5.5563755466970690     
   2.2500000000000000       -5.6968325506995061     
   2.2999999999999998       -5.8259769886531219     
   2.3500000000000001       -5.9752187138978243     
   2.3999999999999999       -6.1073111987746200     
   2.4500000000000002       -6.2510699699970349     
   2.5000000000000000       -6.4012140678931297     
   2.5499999999999998       -6.5424558882740422     
   2.6000000000000001       -6.6852751482944495     
   2.6499999999999999       -6.8311362792400816     
   2.7000000000000002       -6.9711259145915099     
   2.7500000000000000       -7.1183514739860376     
   2.7999999999999998       -7.2631745925905484     
   2.8500000000000001       -7.4128670617609771     
   2.8999999999999999       -7.5596263057542243     
   2.9500000000000002       -7.7045622540544549     
