 zone T = "ep =    1.0000000000000000      ",
   1.0000000000000000       -4.6340369468494194     
   1.0500000000000000       -4.8853379101698948     
   1.1000000000000001       -5.1309954953454406     
   1.1499999999999999       -5.3819197567414383     
   1.2000000000000000       -5.6610893367147535     
   1.2500000000000000       -6.0281741147874506     
   1.3000000000000000       -6.8376439765422994     
   1.3499999999999999       -6.9712434573697335     
   1.3999999999999999       -7.1755753630154100     
   1.4500000000000000       -7.4715344223825317     
   1.5000000000000000       -7.0857970158814068     
   1.5500000000000000       -7.4087660405608364     
   1.6000000000000001       -7.2077498220086902     
   1.6499999999999999       -7.5069066283585322     
   1.7000000000000000       -7.4800281287040047     
   1.7500000000000000       -7.7835040267246045     
   1.8000000000000000       -7.8744193912231175     
   1.8499999999999999       -7.9902705405849082     
   1.9000000000000001       -8.1806064165769552     
   1.9500000000000000       -8.3680939695294860     
   2.0000000000000000       -8.5119558617814537     
   2.0499999999999998       -8.7209693596105549     
   2.1000000000000001       -8.9342696397239170     
   2.1499999999999999       -9.0814688618362212     
   2.2000000000000002       -9.2906109287504446     
   2.2500000000000000       -9.4836017312497933     
   2.2999999999999998       -9.6524346732672317     
   2.3500000000000001       -9.8557024925070014     
   2.3999999999999999       -10.034874830906521     
   2.4500000000000002       -10.231321320247927     
   2.5000000000000000       -10.438180009514980     
   2.5499999999999998       -10.629174687612059     
   2.6000000000000001       -10.823552050364960     
   2.6499999999999999       -11.020495501835523     
   2.7000000000000002       -11.206207904983904     
   2.7500000000000000       -11.405206360213088     
   2.7999999999999998       -11.599195725567833     
   2.8500000000000001       -11.802026255934464     
   2.8999999999999999       -11.996695282978106     
   2.9500000000000002       -12.188474486969589     
   3.0000000000000000       -12.382182902632948     
   3.0499999999999998       -12.576191869242866     
   3.1000000000000001       -12.766505396476065     
   3.1499999999999999       -12.958954575593454     
   3.2000000000000002       -13.145703902831190     
   3.2500000000000000       -13.307206800076383     
   3.2999999999999998       -13.452162650206571     
   3.3500000000000001       -13.560138089364788     
   3.3999999999999999       -13.692138680460573     
   3.4500000000000002       -13.793221767956029     
   3.5000000000000000       -13.890131780964085     
   3.5499999999999998       -13.990801942845447     
   3.6000000000000001       -13.882707762884879     
   3.6499999999999999       -13.963363694498508     
   3.7000000000000002       -14.191161776628066     
   3.7500000000000000       -13.963363694498508     
   3.7999999999999998       -13.958954575593454     
   3.8500000000000001       -13.941752545485832     
   3.8999999999999999       -13.990801942845447     
   3.9500000000000002       -13.972318537151436     
   4.0000000000000000       -14.046104751312354     
   4.0499999999999998       -14.423110853148748     
   4.0999999999999996       -14.155249220737421     
   4.1500000000000004       -13.925205992505793     
   4.2000000000000002       -15.176438519807359     
   4.2500000000000000       -13.745074755648373     
   4.2999999999999998       -14.653559774527022     
   4.3499999999999996       -15.255619765854984     
   4.4000000000000004       -13.604341751856840     
   4.4500000000000002       -13.719061323283455     
   4.5000000000000000       -14.436075830313117     
 zone T = "ep =   0.79432823472428149      ",
   1.0000000000000000       -4.0985293068076949     
   1.0500000000000000       -4.3453530469504527     
   1.1000000000000001       -4.5870983725966008     
   1.1499999999999999       -4.8299435716089221     
   1.2000000000000000       -5.0818449711112956     
   1.2500000000000000       -5.3499441809683965     
   1.3000000000000000       -5.6236502323761997     
   1.3499999999999999       -5.8492307098811702     
   1.3999999999999999       -6.0782658941852139     
   1.4500000000000000       -6.4185591629074930     
   1.5000000000000000       -6.8446822883223373     
   1.5500000000000000       -6.9915323007006158     
   1.6000000000000001       -8.7463694334256505     
   1.6499999999999999       -7.9840819558359790     
   1.7000000000000000       -7.7393661838151484     
   1.7500000000000000       -8.3532613448612310     
   1.8000000000000000       -8.0742029161090922     
   1.8499999999999999       -8.0536151963065130     
   1.9000000000000001       -8.2225080423835077     
   1.9500000000000000       -8.3898650860570285     
   2.0000000000000000       -8.4808537106242330     
   2.0499999999999998       -8.6923386205990205     
   2.1000000000000001       -8.9120802534767858     
   2.1499999999999999       -9.0174850054113573     
   2.2000000000000002       -9.2297450197996955     
   2.2500000000000000       -9.4158760693426586     
   2.2999999999999998       -9.5635372782088641     
   2.3500000000000001       -9.7672433661449993     
   2.3999999999999999       -9.9331399725736755     
   2.4500000000000002       -10.126473403913897     
   2.5000000000000000       -10.336054281460916     
   2.5499999999999998       -10.521285672807620     
   2.6000000000000001       -10.711926617364577     
   2.6499999999999999       -10.906715483922731     
   2.7000000000000002       -11.084742258579405     
   2.7500000000000000       -11.282981924921636     
   2.7999999999999998       -11.474122891282045     
   2.8500000000000001       -11.678610783723855     
   2.8999999999999999       -11.871660855175874     
   2.9500000000000002       -12.060661643648396     
   3.0000000000000000       -12.254665367448526     
   3.0499999999999998       -12.451071457466929     
   3.1000000000000001       -12.647093732277790     
   3.1499999999999999       -12.833358315041382     
   3.2000000000000002       -13.026706359860297     
   3.2500000000000000       -13.187433904108824     
   3.2999999999999998       -13.355799263427889     
   3.3500000000000001       -13.504340661871643     
   3.3999999999999999       -13.709077102376854     
   3.4500000000000002       -13.704169767882110     
   3.5000000000000000       -13.802301425807947     
   3.5499999999999998       -13.917163272250379     
   3.6000000000000001       -14.000347260751678     
   3.6499999999999999       -14.046104751312354     
   3.7000000000000002       -14.291831938509429     
   3.7500000000000000       -14.068099045018521     
   3.7999999999999998       -14.000347260751678     
   3.8500000000000001       -13.958954575593454     
   3.8999999999999999       -13.995548377869909     
   3.9500000000000002       -14.148409796207115     
   4.0000000000000000       -14.386388046124008     
   4.0499999999999998       -14.238586426556203     
   4.0999999999999996       -14.398287269423715     
   4.1500000000000004       -13.901511326707583     
   4.2000000000000002       -14.699317265087696     
   4.2500000000000000       -13.830738129223917     
   4.2999999999999998       -14.632370475457083     
   4.3499999999999996       -14.612167089368796     
   4.4000000000000004       -13.689771947181466     
   4.4500000000000002       -13.675836169238174     
   4.5000000000000000       -14.875408524143378     
 zone T = "ep =   0.63095734448019325      ",
   1.0000000000000000       -3.7394296766166768     
   1.0500000000000000       -3.9880886896986985     
   1.1000000000000001       -4.2312468214711583     
   1.1499999999999999       -4.4745793429060781     
   1.2000000000000000       -4.7237298481405459     
   1.2500000000000000       -4.9791252141758235     
   1.3000000000000000       -5.2153690032658115     
   1.3499999999999999       -5.4482197191530801     
   1.3999999999999999       -5.6806119639257053     
   1.4500000000000000       -5.9892537050768340     
   1.5000000000000000       -6.3305524713695327     
   1.5500000000000000       -6.5103154698298900     
   1.6000000000000001       -7.1883693403059779     
   1.6499999999999999       -7.2082043835105560     
   1.7000000000000000       -7.9591163475126274     
   1.7500000000000000       -8.1744314259577440     
   1.8000000000000000       -8.1364472123507241     
   1.8499999999999999       -7.9217680261275056     
   1.9000000000000001       -8.0698283017859520     
   1.9500000000000000       -8.2201857928195459     
   2.0000000000000000       -8.2718561767921113     
   2.0499999999999998       -8.4855964716090693     
   2.1000000000000001       -8.7104234519212120     
   2.1499999999999999       -8.7876269289259952     
   2.2000000000000002       -9.0020644253259992     
   2.2500000000000000       -9.1841826597384628     
   2.2999999999999998       -9.3189609811781136     
   2.3500000000000001       -9.5232874550057627     
   2.3999999999999999       -9.6814185195823796     
   2.4500000000000002       -9.8731056415671929     
   2.5000000000000000       -10.084473929274191     
   2.5499999999999998       -10.266484213406761     
   2.6000000000000001       -10.455058016854506     
   2.6499999999999999       -10.648720566172731     
   2.7000000000000002       -10.822506268285268     
   2.7500000000000000       -11.020359048053146     
   2.7999999999999998       -11.209976075357027     
   2.8500000000000001       -11.415689433050284     
   2.8999999999999999       -11.608393326461794     
   2.9500000000000002       -11.796287600962980     
   3.0000000000000000       -11.989152870414744     
   3.0499999999999998       -12.187582406241200     
   3.1000000000000001       -12.383580097881698     
   3.1499999999999999       -12.577283519122805     
   3.2000000000000002       -12.769898339373405     
   3.2500000000000000       -12.951129238081498     
   3.2999999999999998       -13.121442658278218     
   3.3500000000000001       -13.294673570121153     
   3.3999999999999999       -13.446733898495172     
   3.4500000000000002       -13.563654663087624     
   3.5000000000000000       -13.689771947181466     
   3.5499999999999998       -13.840646417884166     
   3.6000000000000001       -13.850786049235046     
   3.6499999999999999       -13.905371747520821     
   3.7000000000000002       -14.214227080696759     
   3.7500000000000000       -13.954589770191003     
   3.7999999999999998       -14.020091318947436     
   3.8500000000000001       -13.933400471121065     
   3.8999999999999999       -13.945989598429085     
   3.9500000000000002       -14.539616422220185     
   4.0000000000000000       -14.222196010368036     
   4.0499999999999998       -15.352529778863040     
   4.0999999999999996       -14.169259935180236     
   4.1500000000000004       -13.868229939516254     
   4.2000000000000002       -14.556649761518965     
   4.2500000000000000       -13.821050861820785     
   4.2999999999999998       -14.206401743184802     
   4.3499999999999996       -14.875408524143378     
   4.4000000000000004       -13.553189229409460     
   4.4500000000000002       -13.921166014704054     
   4.5000000000000000       -14.363525163164503     
 zone T = "ep =   0.50118723362727235      ",
   1.0000000000000000       -3.4591526725937736     
   1.0500000000000000       -3.7130634245042162     
   1.1000000000000001       -3.9607384703567692     
   1.1499999999999999       -4.2084379218325711     
   1.2000000000000000       -4.4622365876329004     
   1.2500000000000000       -4.7224481153033162     
   1.3000000000000000       -4.9612542644352047     
   1.3499999999999999       -5.2005311049134724     
   1.3999999999999999       -5.4376913153632938     
   1.4500000000000000       -5.7669504509843046     
   1.5000000000000000       -6.1424636700435622     
   1.5500000000000000       -6.3122388087616832     
   1.6000000000000001       -7.4468786762120551     
   1.6499999999999999       -7.1547507796395955     
   1.7000000000000000       -7.2054908706592853     
   1.7500000000000000       -8.0417362027901493     
   1.8000000000000000       -7.5212945890917338     
   1.8499999999999999       -7.4570516027662785     
   1.9000000000000001       -7.6191633825710818     
   1.9500000000000000       -7.7823843010193334     
   2.0000000000000000       -7.8606820663428625     
   2.0499999999999998       -8.0745677319317934     
   2.1000000000000001       -8.2976926551453314     
   2.1499999999999999       -8.3904737502249809     
   2.2000000000000002       -8.6043688961102269     
   2.2500000000000000       -8.7893161160779787     
   2.2999999999999998       -8.9302878339601417     
   2.3500000000000001       -9.1351898995443825     
   2.3999999999999999       -9.2966763155964394     
   2.4500000000000002       -9.4893977825331230     
   2.5000000000000000       -9.7005872600712237     
   2.5499999999999998       -9.8840735191942777     
   2.6000000000000001       -10.073572792863049     
   2.6499999999999999       -10.267936522669730     
   2.7000000000000002       -10.443203794069083     
   2.7500000000000000       -10.641541312680502     
   2.7999999999999998       -10.831781034108367     
   2.8500000000000001       -11.037583434654039     
   2.8999999999999999       -11.230945315504767     
   2.9500000000000002       -11.419903834841259     
   3.0000000000000000       -11.613511532979560     
   3.0499999999999998       -11.813390925286265     
   3.1000000000000001       -12.010600895117232     
   3.1499999999999999       -12.204776184898066     
   3.2000000000000002       -12.401192260067123     
   3.2500000000000000       -12.590414137420384     
   3.2999999999999998       -12.777341933935380     
   3.3500000000000001       -12.950268396408362     
   3.3999999999999999       -13.139676588915929     
   3.4500000000000002       -13.289008779173050     
   3.5000000000000000       -13.434761776415284     
   3.5499999999999998       -13.541290006109751     
   3.6000000000000001       -13.657924579929473     
   3.6499999999999999       -13.726703065577329     
   3.7000000000000002       -13.917163272250379     
   3.7500000000000000       -13.921166014704054     
   3.7999999999999998       -13.796227278095754     
   3.8500000000000001       -13.769898339373405     
   3.8999999999999999       -13.905371747520821     
   3.9500000000000002       -14.109491730176746     
   4.0000000000000000       -13.817869203034597     
   4.0499999999999998       -14.423110853148748     
   4.0999999999999996       -13.909266791404345     
   4.1500000000000004       -13.837318474535239     
   4.2000000000000002       -14.341805913471267     
   4.2500000000000000       -13.724140848812729     
   4.2999999999999998       -13.933400471121065     
   4.3499999999999996       -15.954589770191003     
   4.4000000000000004       -13.490696781205097     
   4.4500000000000002       -13.600481331043602     
   4.5000000000000000       -15.051499783199059     
 zone T = "ep =   0.39810717055349726      ",
   1.0000000000000000       -3.2333997421463785     
   1.0500000000000000       -3.4964234753937760     
   1.1000000000000001       -3.7523361366897623     
   1.1499999999999999       -4.0087259955793799     
   1.2000000000000000       -4.2738507016908445     
   1.2500000000000000       -4.5517638505623017     
   1.3000000000000000       -4.8173696954702416     
   1.3499999999999999       -5.0662733118528731     
   1.3999999999999999       -5.3132188653249912     
   1.4500000000000000       -5.7268816624454288     
   1.5000000000000000       -6.3340217431635422     
   1.5500000000000000       -6.4076951653366123     
   1.6000000000000001       -6.4861637802183516     
   1.6499999999999999       -7.0469645424896417     
   1.7000000000000000       -6.5454647665664094     
   1.7500000000000000       -6.9610015843752420     
   1.8000000000000000       -6.9197516480707240     
   1.8499999999999999       -6.9574873136223161     
   1.9000000000000001       -7.1335262342614110     
   1.9500000000000000       -7.3098293695967813     
   2.0000000000000000       -7.4174419242867016     
   2.0499999999999998       -7.6315851666563095     
   2.1000000000000001       -7.8526811646181072     
   2.1499999999999999       -7.9649902446285594     
   2.2000000000000002       -8.1782293577945602     
   2.2500000000000000       -8.3668543866132943     
   2.2999999999999998       -8.5163865249529529     
   2.3500000000000001       -8.7219765155949123     
   2.3999999999999999       -8.8883629423773396     
   2.4500000000000002       -9.0825753512747980     
   2.5000000000000000       -9.2933995461883505     
   2.5499999999999998       -9.4790683594002196     
   2.6000000000000001       -9.6699964037770965     
   2.6499999999999999       -9.8653634651443873     
   2.7000000000000002       -10.043032687731090     
   2.7500000000000000       -10.241879473561220     
   2.7999999999999998       -10.433211059833164     
   2.8500000000000001       -10.639026635531716     
   2.8999999999999999       -10.833328749857605     
   2.9500000000000002       -11.023533833259641     
   3.0000000000000000       -11.218464288468734     
   3.0499999999999998       -11.419105766964313     
   3.1000000000000001       -11.617769941399265     
   3.1499999999999999       -11.813861807346820     
   3.2000000000000002       -12.012680995825404     
   3.2500000000000000       -12.208422805813719     
   3.2999999999999998       -12.402164924486918     
   3.3500000000000001       -12.593617886465067     
   3.3999999999999999       -12.782863316537773     
   3.4500000000000002       -12.977323557763711     
   3.5000000000000000       -13.128514967490178     
   3.5499999999999998       -13.292777084653743     
   3.6000000000000001       -13.499744910182493     
   3.6499999999999999       -13.606284907142843     
   3.7000000000000002       -13.787272435442826     
   3.7500000000000000       -13.704169767882110     
   3.7999999999999998       -13.755932683236580     
   3.8500000000000001       -13.917163272250379     
   3.8999999999999999       -13.871804399874554     
   3.9500000000000002       -14.128514967490176     
   4.0000000000000000       -13.925205992505793     
   4.0499999999999998       -14.778498511135322     
   4.0999999999999996       -14.539616422220185     
   4.1500000000000004       -13.879042808798472     
   4.2000000000000002       -14.206401743184802     
   4.2500000000000000       -13.682748163654505     
   4.2999999999999998       -14.148409796207115     
   4.3499999999999996       -15.000347260751678     
   4.4000000000000004       -13.395881199657838     
   4.4500000000000002       -13.544656646859709     
   4.5000000000000000       -14.410521725840727     
 zone T = "ep =   0.31622776601683794      ",
   1.0000000000000000       -3.0540022060818814     
   1.0500000000000000       -3.3311905633172545     
   1.1000000000000001       -3.6004698580436876     
   1.1499999999999999       -3.8716930785400034     
   1.2000000000000000       -4.1576630325614392     
   1.2500000000000000       -4.4723594003602098     
   1.3000000000000000       -4.8060323761017774     
   1.3499999999999999       -5.0741045755130108     
   1.3999999999999999       -5.3481771764202515     
   1.4500000000000000       -6.2912710903697606     
   1.5000000000000000       -5.9803679264527467     
   1.5500000000000000       -6.4114989465941425     
   1.6000000000000001       -5.8467170749593143     
   1.6499999999999999       -6.2095022344399844     
   1.7000000000000000       -6.0616958283949085     
   1.7500000000000000       -6.4128140528144302     
   1.8000000000000000       -6.4579113658097391     
   1.8499999999999999       -6.5336282459162671     
   1.9000000000000001       -6.7163951090346057     
   1.9500000000000000       -6.8996367930545084     
   2.0000000000000000       -7.0217379827948685     
   2.0499999999999998       -7.2373012290436902     
   2.1000000000000001       -7.4584534849328303     
   2.1499999999999999       -7.5800446739073060     
   2.2000000000000002       -7.7936093824756876     
   2.2500000000000000       -7.9845906128551123     
   2.2999999999999998       -8.1381497281557618     
   2.3500000000000001       -8.3447908532221664     
   2.3999999999999999       -8.5133960982110253     
   2.4500000000000002       -8.7086150467189221     
   2.5000000000000000       -8.9197955674149263     
   2.5499999999999998       -9.1065671338549006     
   2.6000000000000001       -9.2982311654440508     
   2.6499999999999999       -9.4942467961503709     
   2.7000000000000002       -9.6727980732591501     
   2.7500000000000000       -9.8720438662289318     
   2.7999999999999998       -10.063865354297485     
   2.8500000000000001       -10.269885307916130     
   2.8999999999999999       -10.464538538743199     
   2.9500000000000002       -10.655152208265424     
   3.0000000000000000       -10.850403218159594     
   3.0499999999999998       -11.051407505425821     
   3.1000000000000001       -11.250636704812621     
   3.1499999999999999       -11.447165710096149     
   3.2000000000000002       -11.647072338987872     
   3.2500000000000000       -11.843394489983872     
   3.2999999999999998       -12.040140829492449     
   3.3500000000000001       -12.232779154978457     
   3.3999999999999999       -12.427475658551199     
   3.4500000000000002       -12.621545740367516     
   3.5000000000000000       -12.807222662397217     
   3.5499999999999998       -12.983778159318486     
   3.6000000000000001       -13.180072804462453     
   3.6499999999999999       -13.289008779173050     
   3.7000000000000002       -13.520020866156806     
   3.7500000000000000       -13.489206918742585     
   3.7999999999999998       -13.539616422220185     
   3.8500000000000001       -13.657924579929473     
   3.8999999999999999       -13.745074755648373     
   3.9500000000000002       -13.799253732725942     
   4.0000000000000000       -13.802301425807947     
   4.0499999999999998       -14.115740679453747     
   4.0999999999999996       -14.214227080696759     
   4.1500000000000004       -13.673556402943277     
   4.2000000000000002       -14.247019594093066     
   4.2500000000000000       -13.689771947181466     
   4.2999999999999998       -14.875408524143378     
   4.3499999999999996       -15.000347260751678     
   4.4000000000000004       -13.539616422220185     
   4.4500000000000002       -13.411764343231823     
   4.5000000000000000       -14.632370475457083     
 zone T = "ep =   0.25118864315095801      ",
   1.0000000000000000       -2.9180902029796183     
   1.0500000000000000       -3.2161627775957111     
   1.1000000000000001       -3.5061082117610352     
   1.1499999999999999       -3.8017481551281653     
   1.2000000000000000       -4.1255140253030582     
   1.2500000000000000       -4.5204592466400637     
   1.3000000000000000       -5.0876767433449936     
   1.3499999999999999       -5.4346462484048725     
   1.3999999999999999       -5.9325841563644124     
   1.4500000000000000       -5.4463084358216234     
   1.5000000000000000       -5.3335738330411937     
   1.5500000000000000       -5.6430775425644253     
   1.6000000000000001       -5.4254526627724848     
   1.6499999999999999       -5.7631037732333663     
   1.7000000000000000       -5.6874344285443978     
   1.7500000000000000       -6.0251076083445207     
   1.8000000000000000       -6.0973310752278023     
   1.8499999999999999       -6.1843586858117794     
   1.9000000000000001       -6.3698869982621726     
   1.9500000000000000       -6.5567494011446428     
   2.0000000000000000       -6.6832303787691263     
   2.0499999999999998       -6.9016263108228486     
   2.1000000000000001       -7.1248544176395079     
   2.1499999999999999       -7.2470179548473812     
   2.2000000000000002       -7.4619487349839000     
   2.2500000000000000       -7.6542646829093766     
   2.2999999999999998       -7.8073767219700292     
   2.3500000000000001       -8.0156594156356249     
   2.3999999999999999       -8.1836224870653922     
   2.4500000000000002       -8.3793899245789714     
   2.5000000000000000       -8.5918344391540078     
   2.5499999999999998       -8.7785531777745369     
   2.6000000000000001       -8.9701960060553159     
   2.6499999999999999       -9.1665206473859051     
   2.7000000000000002       -9.3441824869340806     
   2.7500000000000000       -9.5437605932404832     
   2.7999999999999998       -9.7353718510080398     
   2.8500000000000001       -9.9420840850726382     
   2.8999999999999999       -10.136722416486855     
   2.9500000000000002       -10.326975084991398     
   3.0000000000000000       -10.522098305754980     
   3.0499999999999998       -10.723492446037778     
   3.1000000000000001       -10.923056085584804     
   3.1499999999999999       -11.119978349468315     
   3.2000000000000002       -11.320556089771324     
   3.2500000000000000       -11.516870908854765     
   3.2999999999999998       -11.714515010622183     
   3.3500000000000001       -11.910638351927727     
   3.3999999999999999       -12.106277466563720     
   3.4500000000000002       -12.301570319091390     
   3.5000000000000000       -12.493992581293401     
   3.5499999999999998       -12.679278415649192     
   3.6000000000000001       -12.856638699196854     
   3.6499999999999999       -13.025682079947051     
   3.7000000000000002       -13.248726057907085     
   3.7500000000000000       -13.324161895165979     
   3.7999999999999998       -13.373664794515385     
   3.8500000000000001       -13.521620479316597     
   3.8999999999999999       -13.572572727616135     
   3.9500000000000002       -14.062495167500522     
   4.0000000000000000       -13.737105825977096     
   4.0499999999999998       -14.103331421471928     
   4.0999999999999996       -14.015070517572385     
   4.1500000000000004       -13.706616503829197     
   4.2000000000000002       -14.592861934173410     
   4.2500000000000000       -13.616133276586398     
   4.2999999999999998       -14.025170844476710     
   4.3499999999999996       -14.214227080696759     
   4.4000000000000004       -13.337589429070105     
   4.4500000000000002       -13.526454976162215     
   4.5000000000000000       -15.051499783199059     
 zone T = "ep =   0.19952623149688800      ",
   1.0000000000000000       -2.8245324573737527     
   1.0500000000000000       -3.1522493947999206     
   1.1000000000000001       -3.4734098684186958     
   1.1499999999999999       -3.8097970875983926     
   1.2000000000000000       -4.2091356751882145     
   1.2500000000000000       -4.8650087368470807     
   1.3000000000000000       -5.0541951095082620     
   1.3499999999999999       -5.2072167351896104     
   1.3999999999999999       -5.2580938802874808     
   1.4500000000000000       -4.9529940259079055     
   1.5000000000000000       -4.9689874243991792     
   1.5500000000000000       -5.2665277523981757     
   1.6000000000000001       -5.1104268160173980     
   1.6499999999999999       -5.4547762681312326     
   1.7000000000000000       -5.3891542717355607     
   1.7500000000000000       -5.7337841495538102     
   1.8000000000000000       -5.8119595946141587     
   1.8499999999999999       -5.8957831204798241     
   1.9000000000000001       -6.0816221710669796     
   1.9500000000000000       -6.2704378345377156     
   2.0000000000000000       -6.3945914328018185     
   2.0499999999999998       -6.6175598691137978     
   2.1000000000000001       -6.8448793986446734     
   2.1499999999999999       -6.9605592029709049     
   2.2000000000000002       -7.1778861358590333     
   2.2500000000000000       -7.3709523989131123     
   2.2999999999999998       -7.5196823426348143     
   2.3500000000000001       -7.7304633141138019     
   2.3999999999999999       -7.8951294441495197     
   2.4500000000000002       -8.0911272800716603     
   2.5000000000000000       -8.3058566312376172     
   2.5499999999999998       -8.4914760460489038     
   2.6000000000000001       -8.6823943462053634     
   2.6499999999999999       -8.8787784805556615     
   2.7000000000000002       -9.0537976779525735     
   2.7500000000000000       -9.2536939505100939     
   2.7999999999999998       -9.4444450583070783     
   2.8500000000000001       -9.6523826958773338     
   2.8999999999999999       -9.8465527147529350     
   2.9500000000000002       -10.035690141487784     
   3.0000000000000000       -10.230395031099260     
   3.0499999999999998       -10.432244666257331     
   3.1000000000000001       -10.631981852421463     
   3.1499999999999999       -10.828721553006124     
   3.2000000000000002       -11.029504685244596     
   3.2500000000000000       -11.226796467795149     
   3.2999999999999998       -11.424941296665191     
   3.3500000000000001       -11.621686964505212     
   3.3999999999999999       -11.818598923269379     
   3.4500000000000002       -12.015220300116344     
   3.5000000000000000       -12.211943180252266     
   3.5499999999999998       -12.401192260067123     
   3.6000000000000001       -12.605312242723048     
   3.6499999999999999       -12.777919837522854     
   3.7000000000000002       -12.971866382522458     
   3.7500000000000000       -13.103943535007938     
   3.7999999999999998       -13.341805913471267     
   3.8500000000000001       -13.513680688125786     
   3.8999999999999999       -13.537949262852722     
   3.9500000000000002       -13.719061323283455     
   4.0000000000000000       -13.634443484079949     
   4.0499999999999998       -14.238586426556203     
   4.0999999999999996       -13.790236914406567     
   4.1500000000000004       -13.905371747520821     
   4.2000000000000002       -14.778498511135322     
   4.2500000000000000       -13.453530507973252     
   4.2999999999999998       -14.331340479793102     
   4.3499999999999996       -13.941752545485832     
   4.4000000000000004       -13.301377256415659     
   4.4500000000000002       -13.423110853148748     
   4.5000000000000000       -13.882707762884879     
 zone T = "ep =   0.15848931924611132      ",
   1.0000000000000000       -2.7724217586359319     
   1.0500000000000000       -3.1406994928965908     
   1.1000000000000001       -3.5086450302163681     
   1.1499999999999999       -3.9179049143397120     
   1.2000000000000000       -4.5233314580590180     
   1.2500000000000000       -4.8663450088310940     
   1.3000000000000000       -4.4994835443034198     
   1.3499999999999999       -4.7337530658178624     
   1.3999999999999999       -4.8450067686291440     
   1.4500000000000000       -4.6574650928271017     
   1.5000000000000000       -4.7221876293458527     
   1.5500000000000000       -5.0240124654798723     
   1.6000000000000001       -4.8638657624930941     
   1.6499999999999999       -5.2328786793579845     
   1.7000000000000000       -5.1457074235170701     
   1.7500000000000000       -5.5107983132095688     
   1.8000000000000000       -5.5838542027074158     
   1.8499999999999999       -5.6536568532765177     
   1.9000000000000001       -5.8376834956259938     
   1.9500000000000000       -6.0275391294610845     
   2.0000000000000000       -6.1444349488484606     
   2.0499999999999998       -6.3741338500368014     
   2.1000000000000001       -6.6076973885034871     
   2.1499999999999999       -6.7104873491013635     
   2.2000000000000002       -6.9311869122247920     
   2.2500000000000000       -7.1247488943820994     
   2.2999999999999998       -7.2654018633795836     
   2.3500000000000001       -7.4798487277516355     
   2.3999999999999999       -7.6386164056636154     
   2.4500000000000002       -7.8346355947847046     
   2.5000000000000000       -8.0527925098956246     
   2.5499999999999998       -8.2363356997563741     
   2.6000000000000001       -8.4258274389225747     
   2.6499999999999999       -8.6221056612546256     
   2.7000000000000002       -8.7927069400659246     
   2.7500000000000000       -8.9929533858820605     
   2.7999999999999998       -9.1821942690202398     
   2.8500000000000001       -9.3919270205978229     
   2.8999999999999999       -9.5852603429210053     
   2.9500000000000002       -9.7724699788029472     
