 zone T = "ep =    1.00000000000000      ",
   2.60205999132796      -0.793032090423986     
   2.65205999132796      -0.832743792506384     
   2.70205999132796      -0.877488072994701     
   2.75205999132796      -0.927587385882531     
   2.80205999132796      -0.983302270331984     
   2.85205999132796       -1.04481858781932     
   2.90205999132796       -1.11223536383920     
   2.95205999132796       -1.18556194311771     
   3.00205999132796       -1.26472510794891     
   3.05205999132796       -1.34956989194148     
   3.10205999132796       -1.43988194122383     
   3.15205999132796       -1.53540093025131     
   3.20205999132796       -1.63583168548559     
   3.25205999132796       -1.74086092963336     
   3.30205999132796       -1.85017450695117     
   3.35205999132796       -1.96346088793383     
