 zone T = "ep =   1.25892541179416732E-002 ",
   1.0000000000000000       -2.7967135712778788     
   1.0500000000000000       -3.3769552908929663     
   1.1000000000000001       -3.7436724936577503     
   1.1499999999999999       -4.0963085403890194     
   1.2000000000000000       -4.2580581360474312     
   1.2500000000000000       -4.1353424704033905     
   1.3000000000000000       -3.9305734751499330     
   1.3499999999999999       -4.7820981649029770     
   1.3999999999999999       -5.0990142717702422     
   1.4500000000000000       -4.9305086036853947     
   1.5000000000000000       -5.5780829871061206     
   1.5500000000000000       -4.9324900480960583     
   1.6000000000000001       -4.7177564529118694     
   1.6499999999999999       -5.2152579298345856     
   1.7000000000000000       -4.8356297429686386     
   1.7500000000000000       -5.1885168428973607     
   1.8000000000000000       -5.8211692640804920     
   1.8499999999999999       -5.3286871642595148     
   1.9000000000000001       -5.1899023996807365     
   1.9500000000000000       -5.3512032394820723     
   2.0000000000000000       -5.3930562050376825     
   2.0499999999999998       -6.0427900485028889     
   2.1000000000000001       -6.2633103906625029     
   2.1499999999999999       -6.0760916023310401     
   2.2000000000000002       -6.2058993132447853     
   2.2500000000000000       -6.4713517296176937     
   2.2999999999999998       -6.3994776371143285     
   2.3500000000000001       -6.9424100166089708     
   2.3999999999999999       -6.8158057754069166     
   2.4500000000000002       -7.0449985848439001     
   2.5000000000000000       -7.4286002277156520     
   2.5499999999999998       -7.5686882909964304     
   2.6000000000000001       -7.6416168939148177     
   2.6499999999999999       -7.8967495042455216     
   2.7000000000000002       -7.8739663060270244     
   2.7500000000000000       -8.1154167913983724     
   2.7999999999999998       -8.2380239453168222     
   2.8500000000000001       -8.5455634263682576     
   2.8999999999999999       -8.7297717775152037     
   2.9500000000000002       -8.8228166604694671     
   3.0000000000000000       -8.9816861443412535     
   3.0499999999999998       -9.2286756888738264     
   3.1000000000000001       -9.4383334391501670     
   3.1499999999999999       -9.6253021566344046     
   3.2000000000000002       -9.8543054031631971     
   3.2500000000000000       -10.036899449111120     
   3.2999999999999998       -10.239780706607998     
   3.3500000000000001       -10.414868984345864     
   3.3999999999999999       -10.593406087152456     
   3.4500000000000002       -10.811881271158136     
   3.5000000000000000       -10.992438346828177     
   3.5499999999999998       -11.206929421210793     
   3.6000000000000001       -11.380952441406196     
   3.6499999999999999       -11.605739946710429     
   3.7000000000000002       -11.789108027368838     
   3.7500000000000000       -11.992978862099722     
   3.7999999999999998       -12.184621968861562     
   3.8500000000000001       -12.400221769200916     
   3.8999999999999999       -12.618931317901701     
   3.9500000000000002       -12.846024746458168     
   4.0000000000000000       -13.063610173201315     
   4.0499999999999998       -13.675836169238174     
   4.0999999999999996       -13.510544974272927     
   4.1500000000000004       -13.384046830309106     
   4.2000000000000002       -13.556649761518965     
   4.2500000000000000       -13.699317265087696     
   4.2999999999999998       -13.452162650206571     
   4.3499999999999996       -13.556649761518965     
   4.4000000000000004       -13.563654663087624     
   4.4500000000000002       -13.750469787535078     
   4.5000000000000000       -13.480373506114748     
