 zone T = "Var            1 : Implicit",
 0.00000E+00  0.40524E+01
-0.10000E+00  0.40470E+01
-0.20000E+00  0.40672E+01
-0.30000E+00  0.41096E+01
-0.40000E+00  0.41373E+01
-0.50000E+00  0.41697E+01
-0.60000E+00  0.42158E+01
-0.70000E+00  0.42539E+01
-0.80000E+00  0.42773E+01
-0.90000E+00  0.42660E+01
-0.10000E+01  0.42179E+01
-0.11000E+01  0.41180E+01
-0.12000E+01  0.39538E+01
-0.13000E+01  0.37421E+01
-0.14000E+01  0.34950E+01
-0.15000E+01  0.34151E+01
-0.16000E+01  0.33642E+01
-0.17000E+01  0.32733E+01
-0.18000E+01  0.31446E+01
-0.19000E+01  0.30859E+01
-0.20000E+01  0.29503E+01
-0.21000E+01  0.29023E+01
-0.22000E+01  0.28492E+01
-0.23000E+01  0.27847E+01
-0.24000E+01  0.27660E+01
-0.25000E+01  0.27355E+01
-0.26000E+01  0.27306E+01
-0.27000E+01  0.27361E+01
-0.28000E+01  0.27472E+01
-0.29000E+01  0.27611E+01
-0.30000E+01  0.27831E+01
-0.31000E+01  0.28054E+01
-0.32000E+01  0.28132E+01
-0.33000E+01  0.28353E+01
-0.34000E+01  0.28626E+01
-0.35000E+01  0.28962E+01
-0.36000E+01  0.29322E+01
-0.37000E+01  0.29795E+01
-0.38000E+01  0.30311E+01
-0.39000E+01  0.30873E+01
-0.40000E+01  0.31496E+01
-0.41000E+01  0.32075E+01
-0.42000E+01  0.32706E+01
-0.43000E+01  0.33367E+01
-0.44000E+01  0.34126E+01
-0.45000E+01  0.34637E+01
-0.46000E+01  0.35168E+01
-0.47000E+01  0.35721E+01
-0.48000E+01  0.36275E+01
-0.49000E+01  0.36823E+01
-0.50000E+01  0.37455E+01
-0.51000E+01  0.37770E+01
-0.52000E+01  0.38153E+01
-0.53000E+01  0.38530E+01
-0.54000E+01  0.38894E+01
-0.55000E+01  0.39336E+01
-0.56000E+01  0.39465E+01
-0.57000E+01  0.39611E+01
-0.58000E+01  0.39759E+01
-0.59000E+01  0.39899E+01
-0.60000E+01  0.40032E+01
-0.61000E+01  0.40132E+01
-0.62000E+01  0.40238E+01
-0.63000E+01  0.40330E+01
-0.64000E+01  0.40455E+01
-0.65000E+01  0.40924E+01
-0.66000E+01  0.40537E+01
-0.67000E+01  0.40510E+01
-0.68000E+01  0.40509E+01
-0.69000E+01  0.40517E+01
-0.70000E+01  0.40512E+01
-0.71000E+01  0.40522E+01
-0.72000E+01  0.40520E+01
-0.73000E+01  0.40527E+01
-0.74000E+01  0.40526E+01
-0.75000E+01  0.40531E+01
-0.76000E+01  0.40532E+01
-0.77000E+01  0.40533E+01
-0.78000E+01  0.40539E+01
-0.79000E+01  0.40531E+01
-0.80000E+01  0.40541E+01
 zone T = "Var            1 : Predicted",
 0.00000E+00  0.18835E+01
-0.10000E+00  0.18863E+01
-0.20000E+00  0.18893E+01
-0.30000E+00  0.18925E+01
-0.40000E+00  0.18958E+01
-0.50000E+00  0.18989E+01
-0.60000E+00  0.19017E+01
-0.70000E+00  0.19041E+01
-0.80000E+00  0.19059E+01
-0.90000E+00  0.19070E+01
-0.10000E+01  0.19075E+01
-0.11000E+01  0.19074E+01
-0.12000E+01  0.19068E+01
-0.13000E+01  0.19060E+01
-0.14000E+01  0.19049E+01
-0.15000E+01  0.19037E+01
-0.16000E+01  0.19025E+01
-0.17000E+01  0.19013E+01
-0.18000E+01  0.19002E+01
-0.19000E+01  0.18992E+01
-0.20000E+01  0.18983E+01
-0.21000E+01  0.18976E+01
-0.22000E+01  0.18969E+01
-0.23000E+01  0.18964E+01
-0.24000E+01  0.18959E+01
-0.25000E+01  0.18955E+01
-0.26000E+01  0.18952E+01
-0.27000E+01  0.18950E+01
-0.28000E+01  0.18948E+01
-0.29000E+01  0.18946E+01
-0.30000E+01  0.18945E+01
-0.31000E+01  0.18944E+01
-0.32000E+01  0.18944E+01
-0.33000E+01  0.18943E+01
-0.34000E+01  0.18943E+01
-0.35000E+01  0.18942E+01
-0.36000E+01  0.18942E+01
-0.37000E+01  0.18942E+01
-0.38000E+01  0.18942E+01
-0.39000E+01  0.18942E+01
-0.40000E+01  0.18942E+01
-0.41000E+01  0.18942E+01
-0.42000E+01  0.18942E+01
-0.43000E+01  0.18941E+01
-0.44000E+01  0.18941E+01
-0.45000E+01  0.18941E+01
-0.46000E+01  0.18941E+01
-0.47000E+01  0.18941E+01
-0.48000E+01  0.18941E+01
-0.49000E+01  0.18941E+01
-0.50000E+01  0.18941E+01
-0.51000E+01  0.18941E+01
-0.52000E+01  0.18941E+01
-0.53000E+01  0.18941E+01
-0.54000E+01  0.18941E+01
-0.55000E+01  0.18941E+01
-0.56000E+01  0.18941E+01
-0.57000E+01  0.18941E+01
-0.58000E+01  0.18941E+01
-0.59000E+01  0.18941E+01
-0.60000E+01  0.18941E+01
-0.61000E+01  0.18941E+01
-0.62000E+01  0.18941E+01
-0.63000E+01  0.18941E+01
-0.64000E+01  0.18941E+01
-0.65000E+01  0.18941E+01
-0.66000E+01  0.18941E+01
-0.67000E+01  0.18941E+01
-0.68000E+01  0.18941E+01
-0.69000E+01  0.18941E+01
-0.70000E+01  0.18941E+01
-0.71000E+01  0.18941E+01
-0.72000E+01  0.18941E+01
-0.73000E+01  0.18941E+01
-0.74000E+01  0.18941E+01
-0.75000E+01  0.18941E+01
-0.76000E+01  0.18941E+01
-0.77000E+01  0.18941E+01
-0.78000E+01  0.18941E+01
-0.79000E+01  0.18941E+01
-0.80000E+01  0.18941E+01
 zone T = "Var            2 : Implicit",
 0.00000E+00  0.39784E+01
-0.10000E+00  0.39720E+01
-0.20000E+00  0.39584E+01
-0.30000E+00  0.39343E+01
-0.40000E+00  0.38975E+01
-0.50000E+00  0.38479E+01
-0.60000E+00  0.37891E+01
-0.70000E+00  0.37241E+01
-0.80000E+00  0.36532E+01
-0.90000E+00  0.35746E+01
-0.10000E+01  0.34865E+01
-0.11000E+01  0.33885E+01
-0.12000E+01  0.32815E+01
-0.13000E+01  0.31663E+01
-0.14000E+01  0.30412E+01
-0.15000E+01  0.28739E+01
-0.16000E+01  0.28121E+01
-0.17000E+01  0.27221E+01
-0.18000E+01  0.26211E+01
-0.19000E+01  0.25153E+01
-0.20000E+01  0.24085E+01
-0.21000E+01  0.23043E+01
-0.22000E+01  0.21994E+01
-0.23000E+01  0.20301E+01
-0.24000E+01  0.20405E+01
-0.25000E+01  0.19902E+01
-0.26000E+01  0.19396E+01
-0.27000E+01  0.18991E+01
-0.28000E+01  0.18736E+01
-0.29000E+01  0.18610E+01
-0.30000E+01  0.18560E+01
-0.31000E+01  0.18544E+01
-0.32000E+01  0.18546E+01
-0.33000E+01  0.18581E+01
-0.34000E+01  0.18483E+01
-0.35000E+01  0.19063E+01
-0.36000E+01  0.19706E+01
-0.37000E+01  0.20119E+01
-0.38000E+01  0.20438E+01
-0.39000E+01  0.20763E+01
-0.40000E+01  0.21117E+01
-0.41000E+01  0.21491E+01
-0.42000E+01  0.21873E+01
-0.43000E+01  0.22255E+01
-0.44000E+01  0.22626E+01
-0.45000E+01  0.22982E+01
-0.46000E+01  0.23317E+01
-0.47000E+01  0.23632E+01
-0.48000E+01  0.23928E+01
-0.49000E+01  0.24207E+01
-0.50000E+01  0.24472E+01
-0.51000E+01  0.24725E+01
-0.52000E+01  0.24968E+01
-0.53000E+01  0.25202E+01
-0.54000E+01  0.25427E+01
-0.55000E+01  0.25646E+01
-0.56000E+01  0.25856E+01
-0.57000E+01  0.26059E+01
-0.58000E+01  0.26254E+01
-0.59000E+01  0.26439E+01
-0.60000E+01  0.26612E+01
-0.61000E+01  0.26773E+01
-0.62000E+01  0.26917E+01
-0.63000E+01  0.27037E+01
-0.64000E+01  0.27111E+01
-0.65000E+01  0.27083E+01
-0.66000E+01  0.27382E+01
-0.67000E+01  0.27622E+01
-0.68000E+01  0.27803E+01
-0.69000E+01  0.27956E+01
-0.70000E+01  0.28087E+01
-0.71000E+01  0.28202E+01
-0.72000E+01  0.28302E+01
-0.73000E+01  0.28387E+01
-0.74000E+01  0.28460E+01
-0.75000E+01  0.28523E+01
-0.76000E+01  0.28575E+01
-0.77000E+01  0.28621E+01
-0.78000E+01  0.28657E+01
-0.79000E+01  0.28692E+01
-0.80000E+01  0.28717E+01
 zone T = "Var            2 : Predicted",
 0.00000E+00  0.19867E+01
-0.10000E+00  0.19875E+01
-0.20000E+00  0.19878E+01
-0.30000E+00  0.19870E+01
-0.40000E+00  0.19848E+01
-0.50000E+00  0.19807E+01
-0.60000E+00  0.19744E+01
-0.70000E+00  0.19654E+01
-0.80000E+00  0.19538E+01
-0.90000E+00  0.19397E+01
-0.10000E+01  0.19235E+01
-0.11000E+01  0.19057E+01
-0.12000E+01  0.18870E+01
-0.13000E+01  0.18680E+01
-0.14000E+01  0.18493E+01
-0.15000E+01  0.18314E+01
-0.16000E+01  0.18146E+01
-0.17000E+01  0.17991E+01
-0.18000E+01  0.17852E+01
-0.19000E+01  0.17731E+01
-0.20000E+01  0.17631E+01
-0.21000E+01  0.17555E+01
-0.22000E+01  0.17504E+01
-0.23000E+01  0.17479E+01
-0.24000E+01  0.17481E+01
-0.25000E+01  0.17507E+01
-0.26000E+01  0.17553E+01
-0.27000E+01  0.17613E+01
-0.28000E+01  0.17680E+01
-0.29000E+01  0.17748E+01
-0.30000E+01  0.17812E+01
-0.31000E+01  0.17870E+01
-0.32000E+01  0.17919E+01
-0.33000E+01  0.17961E+01
-0.34000E+01  0.17995E+01
-0.35000E+01  0.18022E+01
-0.36000E+01  0.18043E+01
-0.37000E+01  0.18058E+01
-0.38000E+01  0.18070E+01
-0.39000E+01  0.18078E+01
-0.40000E+01  0.18084E+01
-0.41000E+01  0.18088E+01
-0.42000E+01  0.18092E+01
-0.43000E+01  0.18095E+01
-0.44000E+01  0.18097E+01
-0.45000E+01  0.18098E+01
-0.46000E+01  0.18100E+01
-0.47000E+01  0.18101E+01
-0.48000E+01  0.18102E+01
-0.49000E+01  0.18102E+01
-0.50000E+01  0.18103E+01
-0.51000E+01  0.18103E+01
-0.52000E+01  0.18104E+01
-0.53000E+01  0.18104E+01
-0.54000E+01  0.18103E+01
-0.55000E+01  0.18103E+01
-0.56000E+01  0.18102E+01
-0.57000E+01  0.18102E+01
-0.58000E+01  0.18101E+01
-0.59000E+01  0.18101E+01
-0.60000E+01  0.18101E+01
-0.61000E+01  0.18100E+01
-0.62000E+01  0.18100E+01
-0.63000E+01  0.18100E+01
-0.64000E+01  0.18100E+01
-0.65000E+01  0.18100E+01
-0.66000E+01  0.18100E+01
-0.67000E+01  0.18100E+01
-0.68000E+01  0.18100E+01
-0.69000E+01  0.18100E+01
-0.70000E+01  0.18100E+01
-0.71000E+01  0.18100E+01
-0.72000E+01  0.18100E+01
-0.73000E+01  0.18100E+01
-0.74000E+01  0.18100E+01
-0.75000E+01  0.18100E+01
-0.76000E+01  0.18100E+01
-0.77000E+01  0.18100E+01
-0.78000E+01  0.18100E+01
-0.79000E+01  0.18099E+01
-0.80000E+01  0.18099E+01
