 zone T = "Var            1 : IMPLICIT",
 0.00000E+00  0.21233E+01
-0.10000E+00  0.21192E-07
-0.20000E+00 -0.26026E-07
-0.30000E+00  0.16848E-06
-0.40000E+00 -0.61791E-07
-0.50000E+00 -0.18679E-05
-0.60000E+00 -0.38616E-05
-0.70000E+00 -0.75498E-05
-0.80000E+00 -0.87679E-05
-0.90000E+00  0.61484E-05
-0.10000E+01  0.46151E-04
-0.11000E+01  0.10954E-03
-0.12000E+01  0.18802E-03
-0.13000E+01  0.27224E-03
-0.14000E+01  0.35519E-03
-0.15000E+01  0.43276E-03
-0.16000E+01  0.50281E-03
-0.17000E+01  0.56436E-03
-0.18000E+01  0.61722E-03
-0.19000E+01  0.66186E-03
-0.20000E+01  0.69917E-03
-0.21000E+01  0.73015E-03
-0.22000E+01  0.75580E-03
-0.23000E+01  0.77696E-03
-0.24000E+01  0.79437E-03
-0.25000E+01  0.80862E-03
-0.26000E+01  0.82023E-03
-0.27000E+01  0.82964E-03
-0.28000E+01  0.83722E-03
-0.29000E+01  0.84328E-03
-0.30000E+01  0.84811E-03
-0.31000E+01  0.85192E-03
-0.32000E+01  0.85490E-03
-0.33000E+01  0.85723E-03
-0.34000E+01  0.85903E-03
-0.35000E+01  0.86040E-03
-0.36000E+01  0.86144E-03
-0.37000E+01  0.86222E-03
-0.38000E+01  0.86280E-03
-0.39000E+01  0.86322E-03
-0.40000E+01  0.86352E-03
-0.41000E+01  0.86373E-03
-0.42000E+01  0.86386E-03
-0.43000E+01  0.86395E-03
-0.44000E+01  0.86400E-03
-0.45000E+01  0.86404E-03
-0.46000E+01  0.86406E-03
-0.47000E+01  0.86407E-03
-0.48000E+01  0.86408E-03
-0.49000E+01  0.86409E-03
-0.50000E+01  0.86409E-03
-0.51000E+01  0.86409E-03
-0.52000E+01  0.86410E-03
-0.53000E+01  0.86410E-03
-0.54000E+01  0.86410E-03
-0.55000E+01  0.86410E-03
-0.56000E+01  0.86410E-03
-0.57000E+01  0.86410E-03
-0.58000E+01  0.86410E-03
-0.59000E+01  0.86410E-03
-0.60000E+01  0.86410E-03
-0.61000E+01  0.86410E-03
-0.62000E+01  0.86410E-03
-0.63000E+01  0.86410E-03
-0.64000E+01  0.86410E-03
-0.65000E+01  0.86410E-03
-0.66000E+01  0.86410E-03
-0.67000E+01  0.86410E-03
-0.68000E+01  0.86410E-03
-0.69000E+01  0.86410E-03
-0.70000E+01  0.86410E-03
-0.71000E+01  0.86410E-03
-0.72000E+01  0.86410E-03
-0.73000E+01  0.86410E-03
-0.74000E+01  0.86410E-03
-0.75000E+01  0.86410E-03
-0.76000E+01  0.86410E-03
-0.77000E+01  0.86410E-03
-0.78000E+01  0.86410E-03
-0.79000E+01  0.86410E-03
-0.80000E+01  0.86410E-03
 zone T = "Var            1 : Predicted",
 0.00000E+00  0.30125E+01
-0.10000E+00  0.29909E+01
-0.20000E+00  0.29898E+01
-0.30000E+00  0.29988E+01
-0.40000E+00  0.30039E+01
-0.50000E+00  0.30027E+01
-0.60000E+00  0.29907E+01
-0.70000E+00  0.29631E+01
-0.80000E+00  0.29447E+01
-0.90000E+00  0.29315E+01
-0.10000E+01  0.29164E+01
-0.11000E+01  0.28963E+01
-0.12000E+01  0.28688E+01
-0.13000E+01  0.28334E+01
-0.14000E+01  0.27900E+01
-0.15000E+01  0.27382E+01
-0.16000E+01  0.26794E+01
-0.17000E+01  0.26117E+01
-0.18000E+01  0.25361E+01
-0.19000E+01  0.24536E+01
-0.20000E+01  0.23648E+01
-0.21000E+01  0.22701E+01
-0.22000E+01  0.21703E+01
-0.23000E+01  0.20661E+01
-0.24000E+01  0.19582E+01
-0.25000E+01  0.18474E+01
-0.26000E+01  0.17343E+01
-0.27000E+01  0.16199E+01
-0.28000E+01  0.15049E+01
-0.29000E+01  0.13899E+01
-0.30000E+01  0.12760E+01
-0.31000E+01  0.11637E+01
-0.32000E+01  0.10540E+01
-0.33000E+01  0.94746E+00
-0.34000E+01  0.84483E+00
-0.35000E+01  0.74755E+00
-0.36000E+01  0.65524E+00
-0.37000E+01  0.56867E+00
-0.38000E+01  0.49142E+00
-0.39000E+01  0.42283E+00
-0.40000E+01  0.35895E+00
-0.41000E+01  0.29081E+00
-0.42000E+01  0.21028E+00
-0.43000E+01  0.15445E+00
-0.44000E+01  0.11522E+00
-0.45000E+01  0.86263E-01
-0.46000E+01  0.64784E-01
-0.47000E+01  0.48744E-01
-0.48000E+01  0.36739E-01
-0.49000E+01  0.27748E-01
-0.50000E+01  0.21009E-01
-0.51000E+01  0.15943E-01
-0.52000E+01  0.12120E-01
-0.53000E+01  0.92204E-02
-0.54000E+01  0.70089E-02
-0.55000E+01  0.53128E-02
-0.56000E+01  0.40050E-02
-0.57000E+01  0.29919E-02
-0.58000E+01  0.22036E-02
-0.59000E+01  0.15880E-02
-0.60000E+01  0.11058E-02
-0.61000E+01  0.72705E-03
-0.62000E+01  0.42898E-03
-0.63000E+01  0.19396E-03
-0.64000E+01  0.83983E-05
-0.65000E+01 -0.13830E-03
-0.66000E+01 -0.25437E-03
-0.67000E+01 -0.34629E-03
-0.68000E+01 -0.41913E-03
-0.69000E+01 -0.47687E-03
-0.70000E+01 -0.52266E-03
-0.71000E+01 -0.55899E-03
-0.72000E+01 -0.58781E-03
-0.73000E+01 -0.61069E-03
-0.74000E+01 -0.62885E-03
-0.75000E+01 -0.64327E-03
-0.76000E+01 -0.65472E-03
-0.77000E+01 -0.66381E-03
-0.78000E+01 -0.67103E-03
-0.79000E+01 -0.67676E-03
-0.80000E+01 -0.68132E-03
 zone T = "Var            2 : IMPLICIT",
 0.00000E+00  0.25137E+01
-0.10000E+00 -0.11979E-06
-0.20000E+00 -0.13818E-07
-0.30000E+00  0.78866E-07
-0.40000E+00  0.46391E-07
-0.50000E+00 -0.73094E-06
-0.60000E+00 -0.12492E-05
-0.70000E+00 -0.11736E-05
-0.80000E+00 -0.77706E-06
-0.90000E+00  0.34924E-06
-0.10000E+01  0.21177E-05
-0.11000E+01  0.37855E-05
-0.12000E+01  0.46205E-05
-0.13000E+01  0.44319E-05
-0.14000E+01  0.36745E-05
-0.15000E+01  0.29835E-05
-0.16000E+01  0.26779E-05
-0.17000E+01  0.26805E-05
-0.18000E+01  0.27537E-05
-0.19000E+01  0.27252E-05
-0.20000E+01  0.25528E-05
-0.21000E+01  0.22767E-05
-0.22000E+01  0.19567E-05
-0.23000E+01  0.16394E-05
-0.24000E+01  0.13506E-05
-0.25000E+01  0.11005E-05
-0.26000E+01  0.89022E-06
-0.27000E+01  0.71666E-06
-0.28000E+01  0.57500E-06
-0.29000E+01  0.46023E-06
-0.30000E+01  0.36772E-06
-0.31000E+01  0.29341E-06
-0.32000E+01  0.23387E-06
-0.33000E+01  0.18626E-06
-0.34000E+01  0.14826E-06
-0.35000E+01  0.11795E-06
-0.36000E+01  0.93796E-07
-0.37000E+01  0.74569E-07
-0.38000E+01  0.59269E-07
-0.39000E+01  0.47100E-07
-0.40000E+01  0.37424E-07
-0.41000E+01  0.29732E-07
-0.42000E+01  0.23620E-07
-0.43000E+01  0.18762E-07
-0.44000E+01  0.14903E-07
-0.45000E+01  0.11837E-07
-0.46000E+01  0.94020E-08
-0.47000E+01  0.74673E-08
-0.48000E+01  0.59305E-08
-0.49000E+01  0.47097E-08
-0.50000E+01  0.37400E-08
-0.51000E+01  0.29698E-08
-0.52000E+01  0.23579E-08
-0.53000E+01  0.18719E-08
-0.54000E+01  0.14859E-08
-0.55000E+01  0.11792E-08
-0.56000E+01  0.93562E-09
-0.57000E+01  0.74213E-09
-0.58000E+01  0.58842E-09
-0.59000E+01  0.46632E-09
-0.60000E+01  0.36933E-09
-0.61000E+01  0.29226E-09
-0.62000E+01  0.23102E-09
-0.63000E+01  0.18255E-09
-0.64000E+01  0.14379E-09
-0.65000E+01  0.11338E-09
-0.66000E+01  0.88601E-10
-0.67000E+01  0.69162E-10
-0.68000E+01  0.54221E-10
-0.69000E+01  0.41893E-10
-0.70000E+01  0.32191E-10
-0.71000E+01  0.24438E-10
-0.72000E+01  0.18851E-10
-0.73000E+01  0.14022E-10
-0.74000E+01  0.10544E-10
-0.75000E+01  0.75699E-11
-0.76000E+01  0.49246E-11
-0.77000E+01  0.29051E-11
-0.78000E+01  0.17304E-11
-0.79000E+01  0.46577E-13
-0.80000E+01 -0.10032E-11
 zone T = "Var            2 : Predicted",
 0.00000E+00  0.29932E+01
-0.10000E+00  0.29876E+01
-0.20000E+00  0.29873E+01
-0.30000E+00  0.30039E+01
-0.40000E+00  0.30023E+01
-0.50000E+00  0.29994E+01
-0.60000E+00  0.29856E+01
-0.70000E+00  0.29617E+01
-0.80000E+00  0.29448E+01
-0.90000E+00  0.29321E+01
-0.10000E+01  0.29171E+01
-0.11000E+01  0.28969E+01
-0.12000E+01  0.28693E+01
-0.13000E+01  0.28338E+01
-0.14000E+01  0.27904E+01
-0.15000E+01  0.27385E+01
-0.16000E+01  0.26798E+01
-0.17000E+01  0.26120E+01
-0.18000E+01  0.25364E+01
-0.19000E+01  0.24540E+01
-0.20000E+01  0.23651E+01
-0.21000E+01  0.22705E+01
-0.22000E+01  0.21707E+01
-0.23000E+01  0.20665E+01
-0.24000E+01  0.19586E+01
-0.25000E+01  0.18478E+01
-0.26000E+01  0.17348E+01
-0.27000E+01  0.16203E+01
-0.28000E+01  0.15053E+01
-0.29000E+01  0.13903E+01
-0.30000E+01  0.12764E+01
-0.31000E+01  0.11641E+01
-0.32000E+01  0.10544E+01
-0.33000E+01  0.94790E+00
-0.34000E+01  0.84527E+00
-0.35000E+01  0.74799E+00
-0.36000E+01  0.65569E+00
-0.37000E+01  0.56911E+00
-0.38000E+01  0.49186E+00
-0.39000E+01  0.42327E+00
-0.40000E+01  0.35939E+00
-0.41000E+01  0.29126E+00
-0.42000E+01  0.21073E+00
-0.43000E+01  0.15490E+00
-0.44000E+01  0.11567E+00
-0.45000E+01  0.86709E-01
-0.46000E+01  0.65231E-01
-0.47000E+01  0.49191E-01
-0.48000E+01  0.37186E-01
-0.49000E+01  0.28195E-01
-0.50000E+01  0.21456E-01
-0.51000E+01  0.16390E-01
-0.52000E+01  0.12567E-01
-0.53000E+01  0.96674E-02
-0.54000E+01  0.74560E-02
-0.55000E+01  0.57598E-02
-0.56000E+01  0.44521E-02
-0.57000E+01  0.34389E-02
-0.58000E+01  0.26506E-02
-0.59000E+01  0.20350E-02
-0.60000E+01  0.15528E-02
-0.61000E+01  0.11741E-02
-0.62000E+01  0.87599E-03
-0.63000E+01  0.64096E-03
-0.64000E+01  0.45536E-03
-0.65000E+01  0.30864E-03
-0.66000E+01  0.19254E-03
-0.67000E+01  0.10060E-03
-0.68000E+01  0.27741E-04
-0.69000E+01 -0.30018E-04
-0.70000E+01 -0.75828E-04
-0.71000E+01 -0.11217E-03
-0.72000E+01 -0.14101E-03
-0.73000E+01 -0.16390E-03
-0.74000E+01 -0.18207E-03
-0.75000E+01 -0.19650E-03
-0.76000E+01 -0.20796E-03
-0.77000E+01 -0.21706E-03
-0.78000E+01 -0.22428E-03
-0.79000E+01 -0.23002E-03
-0.80000E+01 -0.23458E-03
