 zone T = "ep =    1.00000000000000      ",
   1.00000000000000      -0.166959512123238     
   1.05000000000000      -0.278566210287085     
   1.10000000000000      -0.381585396976193     
   1.15000000000000      -0.474011970502796     
   1.20000000000000      -0.569272954806109     
   1.25000000000000      -0.661386109773163     
   1.30000000000000      -0.744350311713488     
   1.35000000000000      -0.831500758035534     
   1.40000000000000      -0.906958071113404     
   1.45000000000000      -0.982769092015126     
   1.50000000000000       -1.05581380673566     
   1.55000000000000       -1.12494529763348     
   1.60000000000000       -1.19043744874990     
   1.65000000000000       -1.25572847883256     
   1.70000000000000       -1.31751638323151     
   1.75000000000000       -1.37936272884796     
   1.80000000000000       -1.43864431802103     
   1.85000000000000       -1.49781142351289     
   1.90000000000000       -1.55585838329359     
   1.95000000000000       -1.61197450260805     
   2.00000000000000       -1.66754067093212     
   2.05000000000000       -1.72339420090988     
   2.10000000000000       -1.77784763760169     
   2.15000000000000       -1.83221644215814     
   2.20000000000000       -1.88598092696753     
   2.25000000000000       -1.93896351810040     
   2.30000000000000       -1.99201270607601     
   2.35000000000000       -2.04431072562681     
   2.40000000000000       -2.09662476177317     
   2.45000000000000       -2.14859942363102     
   2.50000000000000       -2.20041924663628     
   2.55000000000000       -2.25196825862142     
   2.60000000000000       -2.30331998519902     
   2.65000000000000       -2.35466306576120     
   2.70000000000000       -2.40572076725726     
   2.75000000000000       -2.45674962998905     
   2.80000000000000       -2.50752125681981     
   2.85000000000000       -2.55831247367872     
   2.90000000000000       -2.60908408544074     
   2.95000000000000       -2.65968603617221     
   3.00000000000000       -2.71017056525672     
   3.05000000000000       -2.76067121337374     
   3.10000000000000       -2.81112522873047     
   3.15000000000000       -2.86155884747476     
   3.20000000000000       -2.91186937738655     
   3.25000000000000       -2.96219874621556     
   3.30000000000000       -3.01247068645029     
   3.35000000000000       -3.06271540038088     
   3.40000000000000       -3.11291878490972     
   3.45000000000000       -3.16312967054651     
   3.50000000000000       -3.21329753555305     
   3.55000000000000       -3.26344287648500     
   3.60000000000000       -3.31357622648341     
   3.65000000000000       -3.36370453837638     
   3.70000000000000       -3.41381182224658     
   3.75000000000000       -3.46391699175353     
   3.80000000000000       -3.51400297981249     
   3.85000000000000       -3.56407966305192     
   3.90000000000000       -3.61414589615990     
   3.95000000000000       -3.66420863151719     
   4.00000000000000       -3.71425435751308     
   4.05000000000000       -3.76430801098301     
   4.10000000000000       -3.81435236075392     
   4.15000000000000       -3.86439191113133     
   4.20000000000000       -3.91442246429739     
   4.25000000000000       -3.96445520738228     
   4.30000000000000       -4.01448369931310     
   4.35000000000000       -4.06450687019846     
   4.40000000000000       -4.11452787800389     
   4.45000000000000       -4.16454755427370     
   4.50000000000000       -4.21456513884262     
 zone T = "ep =   0.794328234724281      ",
   1.00000000000000      -0.371512556093958     
   1.05000000000000      -0.506439729263700     
   1.10000000000000      -0.627907041082930     
   1.15000000000000      -0.734419177794150     
   1.20000000000000      -0.841766549410348     
   1.25000000000000      -0.943574965566816     
   1.30000000000000       -1.03354810994608     
   1.35000000000000       -1.12687089428960     
   1.40000000000000       -1.20630470918526     
   1.45000000000000       -1.28538466905418     
   1.50000000000000       -1.36087402814448     
   1.55000000000000       -1.43174242913768     
   1.60000000000000       -1.49841013147395     
   1.65000000000000       -1.56465567326286     
   1.70000000000000       -1.62703927602822     
   1.75000000000000       -1.68937436910440     
   1.80000000000000       -1.74893793612069     
   1.85000000000000       -1.80833279835168     
   1.90000000000000       -1.86652947275990     
   1.95000000000000       -1.92269414621009     
   2.00000000000000       -1.97827998148905     
   2.05000000000000       -2.03416486407236     
   2.10000000000000       -2.08859806202410     
   2.15000000000000       -2.14295163316251     
   2.20000000000000       -2.19668628225141     
   2.25000000000000       -2.24962193590837     
   2.30000000000000       -2.30263642403193     
   2.35000000000000       -2.35488509401297     
   2.40000000000000       -2.40716014000155     
   2.45000000000000       -2.45909399296873     
   2.50000000000000       -2.51087729259666     
   2.55000000000000       -2.56238953437981     
   2.60000000000000       -2.61370652145157     
   2.65000000000000       -2.66502124977899     
   2.70000000000000       -2.71604905902680     
   2.75000000000000       -2.76705289065661     
   2.80000000000000       -2.81779773539255     
   2.85000000000000       -2.86856747954600     
   2.90000000000000       -2.91932138054566     
   2.95000000000000       -2.96990499598915     
   3.00000000000000       -3.02037162147151     
   3.05000000000000       -3.07085795229023     
   3.10000000000000       -3.12129926887743     
   3.15000000000000       -3.17172220822308     
   3.20000000000000       -3.22202119408061     
   3.25000000000000       -3.27234155483788     
   3.30000000000000       -3.32260486149658     
   3.35000000000000       -3.37284189640706     
   3.40000000000000       -3.42303803882827     
   3.45000000000000       -3.47324318863905     
   3.50000000000000       -3.52340541654976     
   3.55000000000000       -3.57354561103980     
   3.60000000000000       -3.62367445702681     
   3.65000000000000       -3.67379897954816     
   3.70000000000000       -3.72390270289973     
   3.75000000000000       -3.77400492981005     
   3.80000000000000       -3.82408809756009     
   3.85000000000000       -3.87416226466202     
   3.90000000000000       -3.92422619986890     
   3.95000000000000       -3.97428697607504     
   4.00000000000000       -4.02433070270997     
   4.05000000000000       -4.07438289104778     
   4.10000000000000       -4.12442584793255     
   4.15000000000000       -4.17446415649188     
   4.20000000000000       -4.22449348650376     
   4.25000000000000       -4.27452527432752     
   4.30000000000000       -4.32455289758452     
   4.35000000000000       -4.37457523965968     
   4.40000000000000       -4.42459551608073     
   4.45000000000000       -4.47461456478928     
   4.50000000000000       -4.52463159078060     
 zone T = "ep =   0.630957344480193      ",
   1.00000000000000      -0.648507713884067     
   1.05000000000000      -0.812214693344576     
   1.10000000000000      -0.955279706714353     
   1.15000000000000       -1.07729057003666     
   1.20000000000000       -1.19713506211241     
   1.25000000000000       -1.30816465869531     
   1.30000000000000       -1.40349289987335     
   1.35000000000000       -1.50133139251316     
   1.40000000000000       -1.58225353079081     
   1.45000000000000       -1.66221468487890     
   1.50000000000000       -1.73775726377461     
   1.55000000000000       -1.80806793882917     
   1.60000000000000       -1.87372082384232     
   1.65000000000000       -1.93897977749817     
   1.70000000000000       -2.00017471725160     
   1.75000000000000       -2.06141808130726     
   1.80000000000000       -2.11983483582736     
   1.85000000000000       -2.17819672241801     
   1.90000000000000       -2.23543052091682     
   1.95000000000000       -2.29064998616743     
   2.00000000000000       -2.34537733303220     
   2.05000000000000       -2.40052200736814     
   2.10000000000000       -2.45424869684910     
   2.15000000000000       -2.50798274044135     
   2.20000000000000       -2.56115123853670     
   2.25000000000000       -2.61356634221575     
   2.30000000000000       -2.66612636153436     
   2.35000000000000       -2.71795511555504     
   2.40000000000000       -2.76986218175786     
   2.45000000000000       -2.82146338642903     
   2.50000000000000       -2.87295144017948     
   2.55000000000000       -2.92419740278455     
   2.60000000000000       -2.97527644658149     
   2.65000000000000       -3.02638112290962     
   2.70000000000000       -3.07721885392432     
   2.75000000000000       -3.12805452484894     
   2.80000000000000       -3.17864657532170     
   2.85000000000000       -3.22928196595596     
   2.90000000000000       -3.27991717913586     
   2.95000000000000       -3.33039338403223     
   3.00000000000000       -3.38076333920027     
   3.05000000000000       -3.43116463108923     
   3.10000000000000       -3.48153021991290     
   3.15000000000000       -3.53188609240646     
   3.20000000000000       -3.58212407758861     
   3.25000000000000       -3.63239088075512     
   3.30000000000000       -3.68260609421860     
   3.35000000000000       -3.73280028219926     
   3.40000000000000       -3.78295801711134     
   3.45000000000000       -3.83312936902103     
   3.50000000000000       -3.88326116932737     
   3.55000000000000       -3.93337417867108     
   3.60000000000000       -3.98347884804993     
   3.65000000000000       -4.03358195506197     
   3.70000000000000       -4.08366648947998     
   3.75000000000000       -4.13375174861334     
   3.80000000000000       -4.18381968088350     
   3.85000000000000       -4.23388026950925     
   3.90000000000000       -4.28393207225687     
   3.95000000000000       -4.33398208627892     
   4.00000000000000       -4.38401607842693     
   4.05000000000000       -4.43405977081654     
