 zone T = "ep =    1.00000000000000      ",
   1.00000000000000       -1.30912911895916     
   1.05000000000000       -1.43062702082007     
   1.10000000000000       -1.53958094919195     
   1.15000000000000       -1.64334876885985     
   1.20000000000000       -1.75103249469829     
   1.25000000000000       -1.85295621331316     
   1.30000000000000       -1.94988115330201     
   1.35000000000000       -2.04576591192903     
   1.40000000000000       -2.13963579939000     
   1.45000000000000       -2.22814406709250     
   1.50000000000000       -2.31570926899951     
   1.55000000000000       -2.40026031765722     
   1.60000000000000       -2.48254071672314     
   1.65000000000000       -2.56254811509762     
   1.70000000000000       -2.64028125308021     
   1.75000000000000       -2.71577877441912     
   1.80000000000000       -2.78962648568191     
   1.85000000000000       -2.86154533998758     
   1.90000000000000       -2.93146610933800     
   1.95000000000000       -2.99992048861942     
   2.00000000000000       -3.06671696807048     
   2.05000000000000       -3.13235264834688     
   2.10000000000000       -3.19648273526871     
   2.15000000000000       -3.25933098028360     
   2.20000000000000       -3.32103355409660     
   2.25000000000000       -3.38165442699693     
   2.30000000000000       -3.44131438283229     
   2.35000000000000       -3.50002142822696     
   2.40000000000000       -3.55789626062578     
   2.45000000000000       -3.61501425508786     
   2.50000000000000       -3.67143400206961     
   2.55000000000000       -3.72721807741631     
   2.60000000000000       -3.78241906646752     
   2.65000000000000       -3.83709374730698     
   2.70000000000000       -3.89129143196390     
   2.75000000000000       -3.94506372335968     
   2.80000000000000       -3.99844201142223     
   2.85000000000000       -4.05147235313467     
   2.90000000000000       -4.10418766723318     
   2.95000000000000       -4.15661798402142     
   3.00000000000000       -4.20878325245636     
   3.05000000000000       -4.26073704260878     
   3.10000000000000       -4.31247698463155     
   3.15000000000000       -4.36403281409317     
   3.20000000000000       -4.41542149796663     
   3.25000000000000       -4.46666338109888     
   3.30000000000000       -4.51777181656415     
   3.35000000000000       -4.56876177397725     
   3.40000000000000       -4.61964520500062     
   3.45000000000000       -4.67043440931805     
   3.50000000000000       -4.72113821407774     
   3.55000000000000       -4.77176617507921     
   3.60000000000000       -4.82232651904933     
   3.65000000000000       -4.87282662546245     
   3.70000000000000       -4.92327257411829     
   3.75000000000000       -4.97367052956249     
   3.80000000000000       -5.02402528423244     
   3.85000000000000       -5.07434163183609     
   3.90000000000000       -5.12462369527081     
   3.95000000000000       -5.17487527312091     
   4.00000000000000       -5.22509858600945     
   4.05000000000000       -5.27529946127762     
   4.10000000000000       -5.32547777565714     
   4.15000000000000       -5.37563674754753     
   4.20000000000000       -5.42577835983705     
   4.25000000000000       -5.47590473182872     
   4.30000000000000       -5.52601736819344     
   4.35000000000000       -5.57611772396551     
   4.40000000000000       -5.62620718886759     
   4.45000000000000       -5.67628695894617     
   4.50000000000000       -5.72635806579974     
 zone T = "ep =   0.794328234724281      ",
   1.00000000000000       -1.23877471430918     
   1.05000000000000       -1.35390944130564     
   1.10000000000000       -1.46945933175149     
   1.15000000000000       -1.58116262314527     
   1.20000000000000       -1.68979892008803     
   1.25000000000000       -1.79202570998565     
   1.30000000000000       -1.89321718589572     
   1.35000000000000       -1.98863802799182     
   1.40000000000000       -2.08263641918690     
   1.45000000000000       -2.17507878570654     
   1.50000000000000       -2.26437839939914     
   1.55000000000000       -2.35102798033359     
   1.60000000000000       -2.43546381438458     
   1.65000000000000       -2.51726806472426     
   1.70000000000000       -2.59739302809246     
   1.75000000000000       -2.67548516264273     
   1.80000000000000       -2.75168386926603     
   1.85000000000000       -2.82593308491139     
   1.90000000000000       -2.89823752689181     
   1.95000000000000       -2.96895276302934     
   2.00000000000000       -3.03790893521955     
   2.05000000000000       -3.10568641410331     
   2.10000000000000       -3.17183099819528     
   2.15000000000000       -3.23664431963508     
   2.20000000000000       -3.30018434729638     
   2.25000000000000       -3.36250483787081     
   2.30000000000000       -3.42374396843354     
   2.35000000000000       -3.48395685911230     
   2.40000000000000       -3.54321569682751     
   2.45000000000000       -3.60161289724484     
   2.50000000000000       -3.65920112193678     
   2.55000000000000       -3.71605806629679     
   2.60000000000000       -3.77224511243229     
   2.65000000000000       -3.82782564407887     
   2.70000000000000       -3.88284113972529     
   2.75000000000000       -3.93736029120411     
   2.80000000000000       -3.99140881563393     
   2.85000000000000       -4.04505184797225     
   2.90000000000000       -4.09832282370639     
   2.95000000000000       -4.15125122385338     
   3.00000000000000       -4.20385537298382     
   3.05000000000000       -4.25622223326588     
   3.10000000000000       -4.30832677168655     
   3.15000000000000       -4.36021035137180     
   3.20000000000000       -4.41189149774335     
   3.25000000000000       -4.46339703076256     
   3.30000000000000       -4.51474144387713     
   3.35000000000000       -4.56594269048439     
   3.40000000000000       -4.61701494455007     
   3.45000000000000       -4.66797396525583     
   3.50000000000000       -4.71882906373602     
   3.55000000000000       -4.76959228042316     
   3.60000000000000       -4.82027355175573     
   3.65000000000000       -4.87088197752602     
   3.70000000000000       -4.92142447461971     
   3.75000000000000       -4.97190893733835     
   3.80000000000000       -5.02234072720178     
   3.85000000000000       -5.07272586191285     
   3.90000000000000       -5.12306923981887     
   3.95000000000000       -5.17337565701605     
   4.00000000000000       -5.22364681287737     
   4.05000000000000       -5.27389225592258     
   4.10000000000000       -5.32410949874608     
   4.15000000000000       -5.37430319971762     
   4.20000000000000       -5.42447567468843     
   4.25000000000000       -5.47462970189258     
   4.30000000000000       -5.52476698709650     
   4.35000000000000       -5.57488926456220     
   4.40000000000000       -5.62499828768129     
   4.45000000000000       -5.67509551851485     
   4.50000000000000       -5.72518219275326     
 zone T = "ep =   0.630957344480193      ",
   1.00000000000000       -1.18266980865675     
   1.05000000000000       -1.29230999883536     
   1.10000000000000       -1.41081903219119     
   1.15000000000000       -1.52388163055196     
   1.20000000000000       -1.62685218600769     
   1.25000000000000       -1.73171296208813     
   1.30000000000000       -1.83315162409436     
   1.35000000000000       -1.93327460547418     
   1.40000000000000       -2.02858243763184     
   1.45000000000000       -2.12198661527657     
   1.50000000000000       -2.21276301871125     
   1.55000000000000       -2.30154332827201     
   1.60000000000000       -2.38802927524108     
   1.65000000000000       -2.47278965337716     
   1.70000000000000       -2.55489031343929     
   1.75000000000000       -2.63540742757064     
   1.80000000000000       -2.71369630930383     
   1.85000000000000       -2.79038609294987     
   1.90000000000000       -2.86527464358055     
   1.95000000000000       -2.93835233453780     
   2.00000000000000       -3.00956992716124     
   2.05000000000000       -3.07971913203664     
   2.10000000000000       -3.14807403776362     
   2.15000000000000       -3.21503794621158     
   2.20000000000000       -3.28060248955949     
   2.25000000000000       -3.34484773835950     
   2.30000000000000       -3.40792021767505     
   2.35000000000000       -3.46983037921859     
   2.40000000000000       -3.53070537698253     
   2.45000000000000       -3.59058741588910     
   2.50000000000000       -3.64956868995237     
   2.55000000000000       -3.70770762440497     
   2.60000000000000       -3.76507067436206     
   2.65000000000000       -3.82173203094878     
   2.70000000000000       -3.87773768991429     
   2.75000000000000       -3.93315802063113     
   2.80000000000000       -3.98803048529644     
   2.85000000000000       -4.04242022868362     
   2.90000000000000       -4.09636901613734     
   2.95000000000000       -4.14991078361637     
   3.00000000000000       -4.20306649429641     
   3.05000000000000       -4.25593578468822     
   3.10000000000000       -4.30849093357502     
   3.15000000000000       -4.36078091046287     
   3.20000000000000       -4.41282679299552     
   3.25000000000000       -4.46466026798476     
   3.30000000000000       -4.51629880732257     
   3.35000000000000       -4.56776400776384     
   3.40000000000000       -4.61907272931462     
   3.45000000000000       -4.67024369622808     
   3.50000000000000       -4.72128860698259     
   3.55000000000000       -4.77222151689878     
   3.60000000000000       -4.82305468738177     
   3.65000000000000       -4.87379895893698     
   3.70000000000000       -4.92446284563843     
   3.75000000000000       -4.97505581215116     
   3.80000000000000       -5.02558448461755     
   3.85000000000000       -5.07605615061381     
   3.90000000000000       -5.12647679046233     
   3.95000000000000       -5.17685218863079     
   4.00000000000000       -5.22718467367267     
   4.05000000000000       -5.27748526771282     
