 zone T = "Differential Variable - IMPLICIT",
 0.00000E+00  0.88126E+00
-0.10000E+00  0.90473E+00
-0.20000E+00  0.92882E+00
-0.30000E+00  0.95365E+00
-0.40000E+00  0.97932E+00
-0.50000E+00  0.10059E+01
-0.60000E+00  0.10336E+01
-0.70000E+00  0.10625E+01
-0.80000E+00  0.10926E+01
-0.90000E+00  0.11240E+01
-0.10000E+01  0.11568E+01
-0.11000E+01  0.11910E+01
-0.12000E+01  0.12265E+01
-0.13000E+01  0.12631E+01
-0.14000E+01  0.13008E+01
-0.15000E+01  0.13392E+01
-0.16000E+01  0.13782E+01
-0.17000E+01  0.14178E+01
-0.18000E+01  0.14577E+01
-0.19000E+01  0.14979E+01
-0.20000E+01  0.15383E+01
-0.21000E+01  0.15789E+01
-0.22000E+01  0.16196E+01
-0.23000E+01  0.16605E+01
-0.24000E+01  0.17014E+01
-0.25000E+01  0.17424E+01
-0.26000E+01  0.17835E+01
-0.27000E+01  0.18246E+01
-0.28000E+01  0.18657E+01
-0.29000E+01  0.19068E+01
-0.30000E+01  0.19480E+01
-0.31000E+01  0.19892E+01
-0.32000E+01  0.20304E+01
-0.33000E+01  0.20716E+01
-0.34000E+01  0.21128E+01
-0.35000E+01  0.21541E+01
-0.36000E+01  0.21953E+01
-0.37000E+01  0.22365E+01
-0.38000E+01  0.22778E+01
-0.39000E+01  0.23190E+01
-0.40000E+01  0.23603E+01
-0.41000E+01  0.24014E+01
-0.42000E+01  0.24427E+01
-0.43000E+01  0.24837E+01
-0.44000E+01  0.25243E+01
-0.45000E+01  0.25664E+01
-0.46000E+01  0.26079E+01
-0.47000E+01  0.26461E+01
-0.48000E+01  0.26880E+01
-0.49000E+01  0.27266E+01
-0.50000E+01  0.27566E+01
-0.51000E+01  0.27947E+01
-0.52000E+01  0.28226E+01
-0.53000E+01  0.28473E+01
-0.54000E+01  0.28340E+01
-0.55000E+01  0.28775E+01
-0.56000E+01  0.28617E+01
-0.57000E+01  0.28463E+01
-0.58000E+01  0.28843E+01
-0.59000E+01  0.28631E+01
-0.60000E+01  0.28786E+01
-0.61000E+01  0.28586E+01
-0.62000E+01  0.28788E+01
-0.63000E+01  0.28491E+01
-0.64000E+01  0.28706E+01
-0.65000E+01  0.28592E+01
-0.66000E+01  0.28632E+01
-0.67000E+01  0.28710E+01
-0.68000E+01  0.28451E+01
-0.69000E+01  0.28706E+01
-0.70000E+01  0.28698E+01
-0.71000E+01  0.28619E+01
-0.72000E+01  0.28884E+01
-0.73000E+01  0.28780E+01
-0.74000E+01  0.28727E+01
-0.75000E+01  0.28572E+01
-0.76000E+01  0.28571E+01
-0.77000E+01  0.28628E+01
-0.78000E+01  0.28598E+01
-0.79000E+01  0.28612E+01
-0.80000E+01  0.28517E+01
 zone T = "Differential Variable - IMPLICIT",
 0.00000E+00  0.57717E+00
-0.10000E+00  0.60205E+00
-0.20000E+00  0.62788E+00
-0.30000E+00  0.65485E+00
-0.40000E+00  0.68314E+00
-0.50000E+00  0.71293E+00
-0.60000E+00  0.74438E+00
-0.70000E+00  0.77762E+00
-0.80000E+00  0.81268E+00
-0.90000E+00  0.84950E+00
-0.10000E+01  0.88788E+00
-0.11000E+01  0.92750E+00
-0.12000E+01  0.96798E+00
-0.13000E+01  0.10089E+01
-0.14000E+01  0.10501E+01
-0.15000E+01  0.10913E+01
-0.16000E+01  0.11326E+01
-0.17000E+01  0.11738E+01
-0.18000E+01  0.12151E+01
-0.19000E+01  0.12564E+01
-0.20000E+01  0.12976E+01
-0.21000E+01  0.13389E+01
-0.22000E+01  0.13801E+01
-0.23000E+01  0.14214E+01
-0.24000E+01  0.14626E+01
-0.25000E+01  0.15039E+01
-0.26000E+01  0.15451E+01
-0.27000E+01  0.15864E+01
-0.28000E+01  0.16276E+01
-0.29000E+01  0.16689E+01
-0.30000E+01  0.17102E+01
-0.31000E+01  0.17514E+01
-0.32000E+01  0.17927E+01
-0.33000E+01  0.18339E+01
-0.34000E+01  0.18752E+01
-0.35000E+01  0.19164E+01
-0.36000E+01  0.19577E+01
-0.37000E+01  0.19989E+01
-0.38000E+01  0.20402E+01
-0.39000E+01  0.20814E+01
-0.40000E+01  0.21227E+01
-0.41000E+01  0.21640E+01
-0.42000E+01  0.22052E+01
-0.43000E+01  0.22465E+01
-0.44000E+01  0.22877E+01
-0.45000E+01  0.23290E+01
-0.46000E+01  0.23702E+01
-0.47000E+01  0.24116E+01
-0.48000E+01  0.24526E+01
-0.49000E+01  0.24939E+01
-0.50000E+01  0.25351E+01
-0.51000E+01  0.25763E+01
-0.52000E+01  0.26182E+01
-0.53000E+01  0.26592E+01
-0.54000E+01  0.26989E+01
-0.55000E+01  0.27404E+01
-0.56000E+01  0.27791E+01
-0.57000E+01  0.28205E+01
-0.58000E+01  0.28610E+01
-0.59000E+01  0.28739E+01
-0.60000E+01  0.28917E+01
-0.61000E+01  0.29060E+01
-0.62000E+01  0.29241E+01
-0.63000E+01  0.28981E+01
-0.64000E+01  0.29418E+01
-0.65000E+01  0.29415E+01
-0.66000E+01  0.29113E+01
-0.67000E+01  0.29334E+01
-0.68000E+01  0.29149E+01
-0.69000E+01  0.29221E+01
-0.70000E+01  0.29060E+01
-0.71000E+01  0.29132E+01
-0.72000E+01  0.29045E+01
-0.73000E+01  0.29271E+01
-0.74000E+01  0.29139E+01
-0.75000E+01  0.29212E+01
-0.76000E+01  0.29323E+01
-0.77000E+01  0.29581E+01
-0.78000E+01  0.29174E+01
-0.79000E+01  0.29058E+01
-0.80000E+01  0.29174E+01
 zone T = "Algebraic Variable - IMPLICIT",
 0.00000E+00  0.34783E+00
-0.10000E+00  0.37760E+00
-0.20000E+00  0.40969E+00
-0.30000E+00  0.44464E+00
-0.40000E+00  0.48315E+00
-0.50000E+00  0.52605E+00
-0.60000E+00  0.57435E+00
-0.70000E+00  0.62923E+00
-0.80000E+00  0.69207E+00
-0.90000E+00  0.76435E+00
-0.10000E+01  0.84709E+00
-0.11000E+01  0.93768E+00
-0.12000E+01  0.10196E+01
-0.13000E+01  0.10741E+01
-0.14000E+01  0.11161E+01
-0.15000E+01  0.11570E+01
-0.16000E+01  0.11981E+01
-0.17000E+01  0.12394E+01
-0.18000E+01  0.12806E+01
-0.19000E+01  0.13219E+01
-0.20000E+01  0.13631E+01
-0.21000E+01  0.14044E+01
-0.22000E+01  0.14456E+01
-0.23000E+01  0.14869E+01
-0.24000E+01  0.15281E+01
-0.25000E+01  0.15694E+01
-0.26000E+01  0.16107E+01
-0.27000E+01  0.16519E+01
-0.28000E+01  0.16932E+01
-0.29000E+01  0.17344E+01
-0.30000E+01  0.17757E+01
-0.31000E+01  0.18169E+01
-0.32000E+01  0.18582E+01
-0.33000E+01  0.18994E+01
-0.34000E+01  0.19407E+01
-0.35000E+01  0.19819E+01
-0.36000E+01  0.20232E+01
-0.37000E+01  0.20645E+01
-0.38000E+01  0.21057E+01
-0.39000E+01  0.21470E+01
-0.40000E+01  0.21882E+01
-0.41000E+01  0.22295E+01
-0.42000E+01  0.22707E+01
-0.43000E+01  0.23120E+01
-0.44000E+01  0.23532E+01
-0.45000E+01  0.23945E+01
-0.46000E+01  0.24357E+01
-0.47000E+01  0.24771E+01
-0.48000E+01  0.25181E+01
-0.49000E+01  0.25594E+01
-0.50000E+01  0.26005E+01
-0.51000E+01  0.26415E+01
-0.52000E+01  0.26835E+01
-0.53000E+01  0.27256E+01
-0.54000E+01  0.27640E+01
-0.55000E+01  0.28026E+01
-0.56000E+01  0.28364E+01
-0.57000E+01  0.28712E+01
-0.58000E+01  0.29104E+01
-0.59000E+01  0.29128E+01
-0.60000E+01  0.29149E+01
-0.61000E+01  0.29273E+01
-0.62000E+01  0.29594E+01
-0.63000E+01  0.29045E+01
-0.64000E+01  0.29379E+01
-0.65000E+01  0.29278E+01
-0.66000E+01  0.29129E+01
-0.67000E+01  0.29201E+01
-0.68000E+01  0.28939E+01
-0.69000E+01  0.29039E+01
-0.70000E+01  0.28764E+01
-0.71000E+01  0.28888E+01
-0.72000E+01  0.28492E+01
-0.73000E+01  0.28419E+01
-0.74000E+01  0.28391E+01
-0.75000E+01  0.28351E+01
-0.76000E+01  0.27798E+01
-0.77000E+01  0.27463E+01
-0.78000E+01  0.27297E+01
-0.79000E+01  0.27191E+01
-0.80000E+01  0.27093E+01
