 zone T = "ep =   0.630957344480193      ",
   3.85387196432176       -8.64589854049914     
   3.87887196432176       -8.72085806435488     
   3.90387196432176       -8.79581328906410     
   3.92887196432176       -8.87076433685491     
   3.95387196432176       -8.94571636359123     
   3.97887196432176       -9.02066976498179     
   4.00387196432176       -9.09562349593876     
   4.02887196432176       -9.17057652977332     
   4.05387196432176       -9.24553009861699     
   4.07887196432176       -9.32048027678933     
   4.10387196432176       -9.39543086602355     
   4.12887196432176       -9.47037470146232     
   4.15387196432176       -9.54531357378348     
   4.17887196432176       -9.62024931490668     
   4.20387196432176       -9.69518069775495     
   4.22887196432176       -9.77010221861638     
   4.25387196432176       -9.84501776085956     
   4.27887196432176       -9.91990934511650     
   4.30387196432176       -9.99479838499144     
   4.32887196432176       -10.0696646400214     
   4.35387196432176       -10.1445073069356     
   4.37887196432176       -10.2193260336266     
   4.40387196432176       -10.2941185438435     
   4.42887196432176       -10.3688611491828     
   4.45387196432176       -10.4435895724205     
   4.47887196432176       -10.5182452822557     
   4.50387196432176       -10.5928405318313     
   4.52887196432176       -10.6673734739551     
   4.55387196432176       -10.7418122879706     
   4.57887196432176       -10.8161401423214     
   4.60387196432176       -10.8903804368234     
   4.62887196432176       -10.9644303528613     
   4.65387196432176       -11.0383467367214     
   4.67887196432176       -11.1120351624018     
   4.70387196432176       -11.1855079850871     
   4.72887196432176       -11.2586722605308     
   4.75387196432176       -11.3315891181271     
   4.77887196432176       -11.4039461223663     
   4.80387196432176       -11.4759415471613     
   4.82887196432176       -11.5473663043526     
   4.85387196432176       -11.6180432361461     
   4.87887196432176       -11.6883248879449     
   4.90387196432176       -11.7573282407591     
   4.92887196432176       -11.8253979256171     
   4.95387196432176       -11.8925966672585     
   4.97887196432176       -11.9580264917535     
   5.00387196432176       -12.0221705821893     
   5.02887196432176       -12.0843660741348     
   5.05387196432176       -12.1445944324020     
   5.07887196432176       -12.2026294629948     
   5.10387196432176       -12.2580197119174     
   5.12887196432176       -12.3110745068493     
   5.15387196432176       -12.3611124118195     
   5.17887196432176       -12.4078009128770     
   5.20387196432176       -12.4514784890044     
   5.22887196432176       -12.4917758499233     
   5.25387196432176       -12.5288483850209     
   5.27887196432176       -12.5616515255398     
   5.30387196432176       -12.5920684024311     
   5.32887196432176       -12.6189766186828     
   5.35387196432176       -12.6431474299045     
