 zone T = "ep =    1.00000000000000      ",
   1.00000000000000       -3.34992134719901     
   1.05000000000000       -3.53003131642659     
   1.10000000000000       -3.71341920556150     
   1.15000000000000       -3.90372282349138     
   1.20000000000000       -4.09196312824452     
   1.25000000000000       -4.28305730499175     
   1.30000000000000       -4.47618269071713     
   1.35000000000000       -4.66947691928018     
   1.40000000000000       -4.86401490582158     
   1.45000000000000       -5.05902221142556     
   1.50000000000000       -5.25455295873444     
   1.55000000000000       -5.45090118854462     
   1.60000000000000       -5.64758343420461     
   1.65000000000000       -5.84476896040385     
   1.70000000000000       -6.04227081715693     
   1.75000000000000       -6.24007672570229     
   1.80000000000000       -6.43810710157476     
   1.85000000000000       -6.63642281968034     
   1.90000000000000       -6.83492999851223     
   1.95000000000000       -7.03355376654277     
   2.00000000000000       -7.23235333266093     
   2.05000000000000       -7.43134360579466     
   2.10000000000000       -7.63042573339960     
   2.15000000000000       -7.82960789223312     
   2.20000000000000       -8.02890313875073     
   2.25000000000000       -8.22825162653877     
   2.30000000000000       -8.42768744487016     
   2.35000000000000       -8.62716714224842     
   2.40000000000000       -8.82670521832680     
   2.45000000000000       -9.02632211902449     
   2.50000000000000       -9.22595503574185     
   2.55000000000000       -9.42565275298771     
   2.60000000000000       -9.62535770702535     
   2.65000000000000       -9.82514717889921     
   2.70000000000000       -10.0249148139500     
   2.75000000000000       -10.2247727121849     
   2.80000000000000       -10.4245842027269     
   2.85000000000000       -10.6244662999722     
   2.90000000000000       -10.8244148699356     
   2.95000000000000       -11.0242667930317     
   3.00000000000000       -11.2238498766303     
   3.05000000000000       -11.4254241928477     
   3.10000000000000       -11.6253953551026     
   3.15000000000000       -11.8273796519808     
   3.20000000000000       -12.0290907453535     
   3.25000000000000       -12.2375645321803     
   3.30000000000000       -12.4361580908460     
   3.35000000000000       -12.6011063190592     
   3.40000000000000       -12.9309772630003     
   3.45000000000000       -13.0757090832704     
   3.50000000000000       -13.1890143417285     
   3.55000000000000       -13.3379829900231     
   3.60000000000000       -14.6000011823138     
   3.65000000000000       -13.6906579613927     
   3.70000000000000       -13.8352513859975     
   3.75000000000000       -13.3111370937048     
   3.80000000000000       -13.6859533035297     
   3.85000000000000       -13.0541543616064     
   3.90000000000000       -13.5064634118436     
   3.95000000000000       -13.2811080731177     
   4.00000000000000       -15.0381358216411     
   4.05000000000000       -13.1508766601456     
   4.10000000000000       -13.2999320155415     
   4.15000000000000       -13.0545642022929     
   4.20000000000000       -13.2047568696150     
   4.25000000000000       -12.6707799006151     
   4.30000000000000       -12.7369742415247     
   4.35000000000000       -12.9423854741603     
   4.40000000000000       -12.5091801868991     
   4.45000000000000       -13.5669775138951     
   4.50000000000000       -13.6246836467908     
 zone T = "ep =   0.794328234724281      ",
   1.00000000000000       -3.40599399010577     
   1.05000000000000       -3.59096202641753     
   1.10000000000000       -3.77783532035135     
   1.15000000000000       -3.96808644843118     
   1.20000000000000       -4.15880569597467     
   1.25000000000000       -4.35158636925690     
   1.30000000000000       -4.54481464584601     
   1.35000000000000       -4.73997675037154     
   1.40000000000000       -4.93464298639127     
   1.45000000000000       -5.13061067744547     
   1.50000000000000       -5.32745827023438     
   1.55000000000000       -5.52422167926872     
   1.60000000000000       -5.72131275274824     
   1.65000000000000       -5.91902910774128     
   1.70000000000000       -6.11636860332684     
   1.75000000000000       -6.31465937146793     
   1.80000000000000       -6.51283851972065     
   1.85000000000000       -6.71174993790968     
   1.90000000000000       -6.91043084328720     
   1.95000000000000       -7.10903140372224     
   2.00000000000000       -7.30793288217678     
   2.05000000000000       -7.50721147189063     
   2.10000000000000       -7.70648758259089     
   2.15000000000000       -7.90575991943921     
   2.20000000000000       -8.10524229851883     
   2.25000000000000       -8.30466523322727     
   2.30000000000000       -8.50419434218048     
   2.35000000000000       -8.70370525876665     
   2.40000000000000       -8.90326293762218     
   2.45000000000000       -9.10298949568190     
   2.50000000000000       -9.30263206733821     
   2.55000000000000       -9.50241437030349     
   2.60000000000000       -9.70210018828797     
   2.65000000000000       -9.90198185902170     
   2.70000000000000       -10.1017316490667     
   2.75000000000000       -10.3016216761469     
   2.80000000000000       -10.5014355640663     
   2.85000000000000       -10.7013205376420     
   2.90000000000000       -10.9012637437463     
   2.95000000000000       -11.1010999359324     
   3.00000000000000       -11.3007317233701     
   3.05000000000000       -11.5018902434438     
   3.10000000000000       -11.7016957985745     
   3.15000000000000       -11.9029260463356     
   3.20000000000000       -12.1044453461159     
   3.25000000000000       -12.3105452773763     
   3.30000000000000       -12.5079943593726     
   3.35000000000000       -12.6804752370317     
   3.40000000000000       -12.9774379812875     
   3.45000000000000       -13.1312785950800     
   3.50000000000000       -13.2649479907890     
   3.55000000000000       -13.4148865312432     
   3.60000000000000       -14.5313438962542     
   3.65000000000000       -13.7713199265082     
   3.70000000000000       -13.8572456797036     
   3.75000000000000       -13.4655106076932     
   3.80000000000000       -13.8096265840673     
   3.85000000000000       -13.2169002798381     
   3.90000000000000       -13.6157599040327     
   3.95000000000000       -13.4541303031506     
   4.00000000000000       -15.0942517636200     
   4.05000000000000       -13.3048899069902     
   4.10000000000000       -13.4928474526438     
   4.15000000000000       -13.2371273124535     
   4.20000000000000       -13.4059700589116     
   4.25000000000000       -12.8529500805841     
   4.30000000000000       -12.9159447750948     
   4.35000000000000       -13.1167646807017     
   4.40000000000000       -12.6898014518849     
   4.45000000000000       -13.8280930855525     
   4.50000000000000       -13.8348391463064     
 zone T = "ep =   0.630957344480193      ",
   1.00000000000000       -3.53708743146298     
   1.05000000000000       -3.72562129516873     
   1.10000000000000       -3.91508901027002     
   1.15000000000000       -4.10497609147528     
   1.20000000000000       -4.29748995789821     
   1.25000000000000       -4.49138303944159     
   1.30000000000000       -4.68441430442233     
   1.35000000000000       -4.88085856203540     
   1.40000000000000       -5.07538038439945     
   1.45000000000000       -5.27191269364804     
   1.50000000000000       -5.46964783102363     
   1.55000000000000       -5.66654511634514     
   1.60000000000000       -5.86378569375905     
   1.65000000000000       -6.06176486103105     
   1.70000000000000       -6.25879189443804     
   1.75000000000000       -6.45733605920839     
   1.80000000000000       -6.65549672461690     
   1.85000000000000       -6.85478423349119     
   1.90000000000000       -7.05349105916587     
   1.95000000000000       -7.25196125715390     
   2.00000000000000       -7.45084988103092     
   2.05000000000000       -7.65028416896642     
   2.10000000000000       -7.84964484325075     
   2.15000000000000       -8.04892007997407     
   2.20000000000000       -8.24849639059618     
   2.25000000000000       -8.44792330850203     
   2.30000000000000       -8.64747843106350     
   2.35000000000000       -8.84696785200219     
   2.40000000000000       -9.04649880932508     
   2.45000000000000       -9.24628097722637     
   2.50000000000000       -9.44589733069198     
   2.55000000000000       -9.64572184338474     
   2.60000000000000       -9.84536400935226     
   2.65000000000000       -10.0453012962014     
   2.70000000000000       -10.2450151094727     
   2.75000000000000       -10.4449118682762     
   2.80000000000000       -10.6447159792154     
   2.85000000000000       -10.8446045790032     
   2.90000000000000       -11.0445609944255     
   2.95000000000000       -11.2444046841244     
   3.00000000000000       -11.4440711502078     
   3.05000000000000       -11.6448944102638     
   3.10000000000000       -11.8448214507331     
   3.15000000000000       -12.0456358592527     
   3.20000000000000       -12.2466418796164     
   3.25000000000000       -12.4511268035697     
   3.30000000000000       -12.6491645017211     
   3.35000000000000       -12.8296679985423     
   3.40000000000000       -13.0978042560898     
   3.45000000000000       -13.2668100696207     
   3.50000000000000       -13.4176763990788     
   3.55000000000000       -13.5820805043993     
   3.60000000000000       -14.2597104819571     
   3.65000000000000       -13.9339177963542     
   3.70000000000000       -14.0737761779102     
   3.75000000000000       -13.7279898649836     
   3.80000000000000       -14.0686281348081     
   3.85000000000000       -13.5009847986418     
   3.90000000000000       -13.8999527803104     
   3.95000000000000       -13.7365304381058     
   4.00000000000000       -15.2191905002283     
   4.05000000000000       -13.5873503600931     
   4.10000000000000       -13.8052744149908     
   4.15000000000000       -13.5160474214049     
   4.20000000000000       -13.6713592331913     
   4.25000000000000       -13.1345525983873     
   4.30000000000000       -13.2018212981969     
   4.35000000000000       -13.4015415606327     
   4.40000000000000       -12.9724316494016     
   4.45000000000000       -14.0227824178415     
   4.50000000000000       -14.1114348854627     
 zone T = "ep =   0.501187233627272      ",
   1.00000000000000       -3.74862269766511     
   1.05000000000000       -3.93811093790876     
   1.10000000000000       -4.12815217440267     
   1.15000000000000       -4.31694856399997     
   1.20000000000000       -4.50963887395765     
   1.25000000000000       -4.70330482784609     
   1.30000000000000       -4.89542376909126     
   1.35000000000000       -5.09177856550524     
   1.40000000000000       -5.28549613057714     
   1.45000000000000       -5.48164093457873     
   1.50000000000000       -5.67920948819813     
   1.55000000000000       -5.87556469591519     
   1.60000000000000       -6.07232177773229     
   1.65000000000000       -6.26991263960026     
   1.70000000000000       -6.46628318028933     
   1.75000000000000       -6.66451534529052     
   1.80000000000000       -6.86225712647838     
   1.85000000000000       -7.06137248830764     
   1.90000000000000       -7.25975063705094     
   1.95000000000000       -7.45784143066329     
   2.00000000000000       -7.65644262223840     
   2.05000000000000       -7.85570499371147     
   2.10000000000000       -8.05488135543243     
   2.15000000000000       -8.25395029493633     
   2.20000000000000       -8.45338985898339     
   2.25000000000000       -8.65265093044915     
   2.30000000000000       -8.85206858729544     
   2.35000000000000       -9.05141089509969     
   2.40000000000000       -9.25080577688701     
   2.45000000000000       -9.45050829697367     
   2.50000000000000       -9.65001277517997     
   2.55000000000000       -9.84977226774711     
   2.60000000000000       -10.0493130774155     
   2.65000000000000       -10.2492082812654     
   2.70000000000000       -10.4488411835838     
   2.75000000000000       -10.6486863767142     
   2.80000000000000       -10.8484383038613     
   2.85000000000000       -11.0482874801934     
   2.90000000000000       -11.2481942019846     
   2.95000000000000       -11.4480278756523     
   3.00000000000000       -11.6477460648079     
   3.05000000000000       -11.8482575461647     
   3.10000000000000       -12.0481621273853     
   3.15000000000000       -12.2487474311929     
   3.20000000000000       -12.4495352283901     
   3.25000000000000       -12.6523975575272     
   3.30000000000000       -12.8515347408066     
   3.35000000000000       -13.0387778673900     
   3.40000000000000       -13.2834892773323     
   3.45000000000000       -13.4636660940256     
   3.50000000000000       -13.6343136307431     
   3.55000000000000       -13.8096265840673     
   3.60000000000000       -14.2761852148920     
   3.65000000000000       -14.1888281091004     
   3.70000000000000       -14.3452955760657     
   3.75000000000000       -14.0881178213349     
   3.80000000000000       -14.4060851902202     
   3.85000000000000       -13.8966741707506     
   3.90000000000000       -14.2930136929309     
   3.95000000000000       -14.1431404464170     
   4.00000000000000       -16.6468263918681     
   4.05000000000000       -14.0042097011682     
   4.10000000000000       -14.1614326111824     
   4.15000000000000       -13.8987576929247     
   4.20000000000000       -14.0767327066884     
   4.25000000000000       -13.5290963074687     
   4.30000000000000       -13.5964466356066     
   4.35000000000000       -13.8089467088590     
   4.40000000000000       -13.3696757779043     
   4.45000000000000       -14.4381370324827     
   4.50000000000000       -14.5071894546127     
 zone T = "ep =   0.398107170553497      ",
   1.00000000000000       -4.04193400061735     
   1.05000000000000       -4.22755501843492     
   1.10000000000000       -4.41439073192159     
   1.15000000000000       -4.60053329801152     
   1.20000000000000       -4.79037180142587     
   1.25000000000000       -4.98125244839429     
   1.30000000000000       -5.17103413934651     
   1.35000000000000       -5.36471121019516     
   1.40000000000000       -5.55635744457564     
   1.45000000000000       -5.75032723222260     
   1.50000000000000       -5.94576567583976     
   1.55000000000000       -6.14031145817364     
   1.60000000000000       -6.33541390856954     
   1.65000000000000       -6.53140498465054     
   1.70000000000000       -6.72648939625293     
   1.75000000000000       -6.92336528542009     
   1.80000000000000       -7.11995755864847     
   1.85000000000000       -7.31788798195556     
   1.90000000000000       -7.51528821239988     
   1.95000000000000       -7.71255369140897     
   2.00000000000000       -7.91037070541619     
   2.05000000000000       -8.10885891638584     
   2.10000000000000       -8.30736054802519     
   2.15000000000000       -8.50584408024742     
   2.20000000000000       -8.70472444679756     
   2.25000000000000       -8.90351334265215     
   2.30000000000000       -9.10249646841039     
   2.35000000000000       -9.30146697275076     
   2.40000000000000       -9.50053036027077     
   2.45000000000000       -9.69990542722844     
   2.50000000000000       -9.89914569988396     
   2.55000000000000       -10.0986432854405     
   2.60000000000000       -10.2979802341055     
   2.65000000000000       -10.4976517534343     
   2.70000000000000       -10.6971212419617     
   2.75000000000000       -10.8967921137802     
   2.80000000000000       -11.0964081999871     
   2.85000000000000       -11.2961222460058     
   2.90000000000000       -11.4958920327813     
   2.95000000000000       -11.6956296809986     
   3.00000000000000       -11.8953225577742     
   3.05000000000000       -12.0954226128697     
   3.10000000000000       -12.2952645787155     
   3.15000000000000       -12.4953987841303     
   3.20000000000000       -12.6955421261766     
   3.25000000000000       -12.8968345442798     
   3.30000000000000       -13.0961912253704     
   3.35000000000000       -13.2900212407939     
   3.40000000000000       -13.5102704537634     
   3.45000000000000       -13.7006671061151     
   3.50000000000000       -13.8859111988460     
   3.55000000000000       -14.0743122337058     
   3.60000000000000       -14.3825990441118     
   3.65000000000000       -14.4670757934291     
   3.70000000000000       -14.6396204250977     
   3.75000000000000       -14.5422342389584     
   3.80000000000000       -14.8313508184606     
   3.85000000000000       -14.4269195990723     
   3.90000000000000       -14.8078562771696     
   3.95000000000000       -14.6744099135001     
   4.00000000000000       -15.7618568398161     
   4.05000000000000       -14.5479165542278     
   4.10000000000000       -14.7827034100913     
   4.15000000000000       -14.4966605878691     
   4.20000000000000       -14.6653388483318     
   4.25000000000000       -14.1080158944680     
   4.30000000000000       -14.1697051371484     
   4.35000000000000       -14.3906731996434     
   4.40000000000000       -13.9460394972609     
   4.45000000000000       -14.9951011894159     
   4.50000000000000       -15.1034748081948     
 zone T = "ep =   0.316227766016838      ",
   1.00000000000000       -4.46143021869685     
   1.05000000000000       -4.63472998949758     
   1.10000000000000       -4.81224398537626     
   1.15000000000000       -4.99286461483714     
   1.20000000000000       -5.17537698400178     
   1.25000000000000       -5.35968895569978     
   1.30000000000000       -5.54501383828151     
   1.35000000000000       -5.73239026227687     
   1.40000000000000       -5.92026337718229     
   1.45000000000000       -6.10970104924142     
   1.50000000000000       -6.30048971132755     
   1.55000000000000       -6.49161460435793     
   1.60000000000000       -6.68363137713250     
   1.65000000000000       -6.87651762577396     
   1.70000000000000       -7.06957505327012     
   1.75000000000000       -7.26382574706492     
   1.80000000000000       -7.45841174426377     
   1.85000000000000       -7.65393779235508     
   1.90000000000000       -7.84959387922430     
   1.95000000000000       -8.04553481351082     
   2.00000000000000       -8.24199911646209     
   2.05000000000000       -8.43900107317358     
   2.10000000000000       -8.63626003630550     
   2.15000000000000       -8.83372330649661     
   2.20000000000000       -9.03155260763027     
   2.25000000000000       -9.22952339556979     
   2.30000000000000       -9.42773155696768     
   2.35000000000000       -9.62608086137739     
   2.40000000000000       -9.82459584471020     
   2.45000000000000       -10.0233576900456     
   2.50000000000000       -10.2221663389903     
   2.55000000000000       -10.4211760735994     
   2.60000000000000       -10.6202015753896     
   2.65000000000000       -10.8194403160790     
   2.70000000000000       -11.0186623214547     
   2.75000000000000       -11.2180256850557     
   2.80000000000000       -11.4174231599368     
   2.85000000000000       -11.6169082706441     
   2.90000000000000       -11.8164547457599     
   2.95000000000000       -12.0160339869043     
   3.00000000000000       -12.2156472575701     
   3.05000000000000       -12.4153251891963     
   3.10000000000000       -12.6150496327355     
   3.15000000000000       -12.8148210293562     
   3.20000000000000       -13.0145740498383     
   3.25000000000000       -13.2144268465747     
   3.30000000000000       -13.4143409704332     
   3.35000000000000       -13.6137275507738     
   3.40000000000000       -13.8147844493070     
   3.45000000000000       -14.0145881711062     
   3.50000000000000       -14.2127413643416     
   3.55000000000000       -14.4118810211035     
   3.60000000000000       -14.6179502641318     
   3.65000000000000       -14.8134892287952     
   3.70000000000000       -15.0107920063516     
   3.75000000000000       -15.1755205732393     
   3.80000000000000       -15.4001053423268     
   3.85000000000000       -15.4828741503801     
   3.90000000000000       -15.7303724433181     
   3.95000000000000       -15.8407116713561     
   4.00000000000000       -16.2818426885920     
   4.05000000000000       -15.9219206534376     
   4.10000000000000       -17.1795598918200     
   4.15000000000000       -16.1069544621114     
   4.20000000000000       -16.2900285860930     
   4.25000000000000       -15.6900394068142     
   4.30000000000000       -15.7984596129875     
   4.35000000000000       -16.0072824397707     
   4.40000000000000       -15.5414799990977     
   4.45000000000000       -16.7717651284764     
   4.50000000000000       -16.4002236625787     
 zone T = "ep =   0.251188643150958      ",
   1.00000000000000       -6.09100821573774     
   1.05000000000000       -7.31385622456543     
   1.10000000000000       -6.71653011752936     
   1.15000000000000       -6.68574941949642     
   1.20000000000000       -6.70926324849451     
   1.25000000000000       -6.79770560695943     
   1.30000000000000       -6.93660722231150     
   1.35000000000000       -7.06380374000553     
   1.40000000000000       -7.22701345318946     
   1.45000000000000       -7.38649811920271     
   1.50000000000000       -7.54892671229467     
   1.55000000000000       -7.72347149818619     
   1.60000000000000       -7.90234685079924     
   1.65000000000000       -8.08153623573665     
   1.70000000000000       -8.26915448424977     
   1.75000000000000       -8.45287290480247     
   1.80000000000000       -8.64124895902508     
   1.85000000000000       -8.82709602202506     
   1.90000000000000       -9.01730982988476     
   1.95000000000000       -9.21039895245270     
   2.00000000000000       -9.40326442776439     
   2.05000000000000       -9.59517054551977     
   2.10000000000000       -9.78866147114071     
   2.15000000000000       -9.98342728819348     
   2.20000000000000       -10.1779683437678     
   2.25000000000000       -10.3739117117227     
   2.30000000000000       -10.5700183609527     
   2.35000000000000       -10.7670328103172     
   2.40000000000000       -10.9644061031256     
   2.45000000000000       -11.1613335661200     
   2.50000000000000       -11.3593033775464     
   2.55000000000000       -11.5568834400285     
   2.60000000000000       -11.7554859005459     
   2.65000000000000       -11.9533089228753     
   2.70000000000000       -12.1522123731294     
   2.75000000000000       -12.3507318884457     
   2.80000000000000       -12.5497263748346     
   2.85000000000000       -12.7486386900506     
   2.90000000000000       -12.9475770047401     
   2.95000000000000       -13.1468267241915     
   3.00000000000000       -13.3463900417505     
   3.05000000000000       -13.5449686572318     
   3.10000000000000       -13.7443540954061     
   3.15000000000000       -13.9430453442079     
   3.20000000000000       -14.1420109412761     
   3.25000000000000       -14.3378261378367     
   3.30000000000000       -14.5384516673343     
   3.35000000000000       -14.7556361719142     
   3.40000000000000       -14.9038804390938     
   3.45000000000000       -15.1274117699934     
   3.50000000000000       -15.3679903794886     
   3.55000000000000       -15.6002918339570     
   3.60000000000000       -15.5738222330531     
   3.65000000000000       -16.0429432726014     
   3.70000000000000       -16.3492026448960     
   3.75000000000000       -15.9619680885513     
   3.80000000000000       -16.4311812035910     
   3.85000000000000       -15.5444801053910     
   3.90000000000000       -15.9732207194509     
   3.95000000000000       -15.7515048019144     
   4.00000000000000       -18.1519763701880     
   4.05000000000000       -15.5876745705678     
   4.10000000000000       -15.7834749305765     
   4.15000000000000       -15.5105403975089     
   4.20000000000000       -15.6664187357060     
   4.25000000000000       -15.1363748341119     
   4.30000000000000       -15.1984211091794     
   4.35000000000000       -15.3960722108832     
   4.40000000000000       -14.9707045986285     
   4.45000000000000       -16.0764294087954     
   4.50000000000000       -16.0751679425746     
 zone T = "ep =   0.199526231496888      ",
   1.00000000000000       -4.60023487202026     
   1.05000000000000       -4.77627465462512     
   1.10000000000000       -4.95454019026005     
   1.15000000000000       -5.13424377109926     
   1.20000000000000       -5.31273577749440     
   1.25000000000000       -5.49125383650669     
   1.30000000000000       -5.67166335253356     
   1.35000000000000       -5.85105265870833     
   1.40000000000000       -6.03337910885759     
   1.45000000000000       -6.21587227989862     
   1.50000000000000       -6.39926696201677     
   1.55000000000000       -6.58427695717942     
   1.60000000000000       -6.77059390243805     
   1.65000000000000       -6.95761824755454     
   1.70000000000000       -7.14629925800947     
   1.75000000000000       -7.33537769004716     
   1.80000000000000       -7.52571675590286     
   1.85000000000000       -7.71648423123252     
   1.90000000000000       -7.90836505318827     
   1.95000000000000       -8.10123565380463     
   2.00000000000000       -8.29466506687012     
   2.05000000000000       -8.48850123243319     
   2.10000000000000       -8.68303579202315     
   2.15000000000000       -8.87816383318389     
   2.20000000000000       -9.07368423087707     
   2.25000000000000       -9.26976157567006     
   2.30000000000000       -9.46619449643333     
   2.35000000000000       -9.66306077718080     
   2.40000000000000       -9.86025028971649     
   2.45000000000000       -10.0576381749752     
   2.50000000000000       -10.2553892582318     
   2.55000000000000       -10.4532967038866     
   2.60000000000000       -10.6515242587449     
   2.65000000000000       -10.8498146574631     
   2.70000000000000       -11.0483992227524     
   2.75000000000000       -11.2470665820022     
   2.80000000000000       -11.4459185379904     
   2.85000000000000       -11.6448666502928     
   2.90000000000000       -11.8439162968990     
   2.95000000000000       -12.0430935213357     
   3.00000000000000       -12.2423808053272     
   3.05000000000000       -12.4416372582771     
   3.10000000000000       -12.6410381777481     
   3.15000000000000       -12.8404153363134     
   3.20000000000000       -13.0398825737619     
   3.25000000000000       -13.2390523881040     
   3.30000000000000       -13.4388426624668     
   3.35000000000000       -13.6403161242686     
   3.40000000000000       -13.8340367239728     
   3.45000000000000       -14.0365681411830     
   3.50000000000000       -14.2410524702424     
   3.55000000000000       -14.4445175659285     
   3.60000000000000       -14.6134026363811     
   3.65000000000000       -14.8488800474061     
   3.70000000000000       -15.0531197418692     
   3.75000000000000       -15.4429674819473     
   3.80000000000000       -15.5606548601774     
   3.85000000000000       -15.6760817793473     
   3.90000000000000       -16.4463757869529     
   3.95000000000000       -15.7497811457777     
   4.00000000000000       -16.2742507151148     
   4.05000000000000       -15.4703177426006     
   4.10000000000000       -15.5647836564023     
   4.15000000000000       -15.3392686454059     
   4.20000000000000       -15.5186633250527     
   4.25000000000000       -14.9696056191416     
   4.30000000000000       -15.0296092400625     
