 zone T = "ep =    1.00000000000000      ",
   1.00000000000000       -2.94050361105336     
   1.05000000000000       -3.07246725943856     
   1.10000000000000       -3.20779385512394     
   1.15000000000000       -3.34336985873801     
   1.20000000000000       -3.48357603040761     
   1.25000000000000       -3.62287660845447     
   1.30000000000000       -3.76197473790406     
   1.35000000000000       -3.90375485315066     
   1.40000000000000       -4.04714699146548     
   1.45000000000000       -4.18952723087492     
   1.50000000000000       -4.33396380810168     
   1.55000000000000       -4.47858581291243     
   1.60000000000000       -4.62398863350602     
   1.65000000000000       -4.76983414933635     
   1.70000000000000       -4.91602552278402     
   1.75000000000000       -5.06256340760451     
   1.80000000000000       -5.20963931499750     
   1.85000000000000       -5.35706806362165     
   1.90000000000000       -5.50457593943943     
   1.95000000000000       -5.65242357770851     
   2.00000000000000       -5.80044074395183     
   2.05000000000000       -5.94887909011483     
   2.10000000000000       -6.09740469960814     
   2.15000000000000       -6.24606377015414     
   2.20000000000000       -6.39488422442017     
   2.25000000000000       -6.54382753349787     
   2.30000000000000       -6.69287587256355     
   2.35000000000000       -6.84203337765338     
   2.40000000000000       -6.99126883676748     
   2.45000000000000       -7.14060246912003     
   2.50000000000000       -7.29000093175314     
   2.55000000000000       -7.43946939610585     
   2.60000000000000       -7.58899457146140     
   2.65000000000000       -7.73857129270736     
   2.70000000000000       -7.88819279561726     
   2.75000000000000       -8.03785708034905     
   2.80000000000000       -8.18755499693390     
   2.85000000000000       -8.33728914240568     
   2.90000000000000       -8.48705076281950     
   2.95000000000000       -8.63683804818620     
   3.00000000000000       -8.78664333604455     
   3.05000000000000       -8.93647892300501     
   3.10000000000000       -9.08632963258331     
   3.15000000000000       -9.23619592437584     
   3.20000000000000       -9.38607592451633     
   3.25000000000000       -9.53596939851081     
   3.30000000000000       -9.68587454517266     
   3.35000000000000       -9.83578998698528     
   3.40000000000000       -9.98571412719509     
   3.45000000000000       -10.1356466426522     
   3.50000000000000       -10.2855861934040     
   3.55000000000000       -10.4355320011351     
   3.60000000000000       -10.5854833639372     
   3.65000000000000       -10.7354398017558     
   3.70000000000000       -10.8853999664720     
   3.75000000000000       -11.0353634487376     
   3.80000000000000       -11.1853295680047     
   3.85000000000000       -11.3352970999348     
   3.90000000000000       -11.4852650519415     
   3.95000000000000       -11.6352325753296     
   4.00000000000000       -11.7851969077384     
   4.05000000000000       -11.9351588599030     
   4.10000000000000       -12.0851119927614     
   4.15000000000000       -12.2350529293272     
   4.20000000000000       -12.3849772024211     
   4.25000000000000       -12.5348771683764     
   4.30000000000000       -12.6847402245362     
   4.35000000000000       -12.8345530400429     
   4.40000000000000       -12.9842930922734     
   4.45000000000000       -13.1339298498894     
   4.50000000000000       -13.2834207284862     
 zone T = "ep =   0.794328234724281      ",
   1.00000000000000       -2.91639586697855     
   1.05000000000000       -3.04024265135867     
   1.10000000000000       -3.17509628464089     
   1.15000000000000       -3.31140766192911     
   1.20000000000000       -3.44845602627389     
   1.25000000000000       -3.58575893345129     
   1.30000000000000       -3.72456722551384     
   1.35000000000000       -3.86352834662873     
   1.40000000000000       -4.00487154087441     
   1.45000000000000       -4.14739346278391     
   1.50000000000000       -4.29102160592884     
   1.55000000000000       -4.43468544281563     
   1.60000000000000       -4.57885220206811     
   1.65000000000000       -4.72379366143772     
   1.70000000000000       -4.86933561897832     
   1.75000000000000       -5.01543184600667     
   1.80000000000000       -5.16209295451298     
   1.85000000000000       -5.30895558991482     
   1.90000000000000       -5.45605437886200     
   1.95000000000000       -5.60349935634973     
   2.00000000000000       -5.75113471283233     
   2.05000000000000       -5.89933817819493     
   2.10000000000000       -6.04754351223296     
   2.15000000000000       -6.19593752310817     
   2.20000000000000       -6.34452534292800     
   2.25000000000000       -6.49324531201904     
   2.30000000000000       -6.64212841657297     
   2.35000000000000       -6.79111721607815     
   2.40000000000000       -6.94020681303099     
   2.45000000000000       -7.08940898959779     
   2.50000000000000       -7.23869348320984     
   2.55000000000000       -7.38806015512139     
   2.60000000000000       -7.53747934705819     
   2.65000000000000       -7.68698707322697     
   2.70000000000000       -7.83652472721950     
   2.75000000000000       -7.98612775321649     
   2.80000000000000       -8.13576171850217     
   2.85000000000000       -8.28544336090972     
   2.90000000000000       -8.43516296696916     
   2.95000000000000       -8.58490739699831     
   3.00000000000000       -8.73465564999912     
   3.05000000000000       -8.88447430929667     
   3.10000000000000       -9.03429727732514     
   3.15000000000000       -9.18414077459941     
   3.20000000000000       -9.33399478070504     
   3.25000000000000       -9.48386735833934     
   3.30000000000000       -9.63375348083763     
   3.35000000000000       -9.78365378839282     
   3.40000000000000       -9.93356155762147     
   3.45000000000000       -10.0834813916583     
   3.50000000000000       -10.2334086152319     
   3.55000000000000       -10.3833432847609     
   3.60000000000000       -10.5332852742955     
   3.65000000000000       -10.6832346735069     
   3.70000000000000       -10.8331875010877     
   3.75000000000000       -10.9831451936508     
   3.80000000000000       -11.1331063262249     
   3.85000000000000       -11.2830693247403     
   3.90000000000000       -11.4330339574556     
   3.95000000000000       -11.5829999026841     
   4.00000000000000       -11.7329612401429     
   4.05000000000000       -11.8829247631077     
   4.10000000000000       -12.0328825153629     
   4.15000000000000       -12.1828298512519     
   4.20000000000000       -12.3327639595649     
   4.25000000000000       -12.4826794058038     
   4.30000000000000       -12.6325664563751     
   4.35000000000000       -12.7824128433067     
   4.40000000000000       -12.9322011634148     
   4.45000000000000       -13.0819047781358     
   4.50000000000000       -13.2314910672309     
 zone T = "ep =   0.630957344480193      ",
   1.00000000000000       -2.89587707971732     
   1.05000000000000       -3.01964206477713     
   1.10000000000000       -3.15239733780857     
   1.15000000000000       -3.28576154494617     
   1.20000000000000       -3.41830008461780     
   1.25000000000000       -3.55366255661897     
   1.30000000000000       -3.69135870079313     
   1.35000000000000       -3.83031907055653     
   1.40000000000000       -3.96892722864759     
   1.45000000000000       -4.11068676919197     
   1.50000000000000       -4.25192230394464     
   1.55000000000000       -4.39441834663418     
   1.60000000000000       -4.53795422312947     
   1.65000000000000       -4.68203786834851     
   1.70000000000000       -4.82681907712339     
   1.75000000000000       -4.97209508303631     
   1.80000000000000       -5.11764486489573     
   1.85000000000000       -5.26394835753100     
   1.90000000000000       -5.41056384482537     
   1.95000000000000       -5.55748148203143     
   2.00000000000000       -5.70466199215155     
   2.05000000000000       -5.85244251406587     
   2.10000000000000       -6.00028995069112     
   2.15000000000000       -6.14833973128783     
   2.20000000000000       -6.29665213748922     
   2.25000000000000       -6.44512585091574     
   2.30000000000000       -6.59375583563804     
   2.35000000000000       -6.74252893671856     
   2.40000000000000       -6.89142160920649     
   2.45000000000000       -7.04046866262785     
   2.50000000000000       -7.18958917335604     
   2.55000000000000       -7.33882469462917     
   2.60000000000000       -7.48812312855544     
   2.65000000000000       -7.63752651473838     
   2.70000000000000       -7.78696910625504     
   2.75000000000000       -7.93648440315903     
   2.80000000000000       -8.08604352194612     
   2.85000000000000       -8.23565518736589     
   2.90000000000000       -8.38531477127859     
   2.95000000000000       -8.53500430736541     
   3.00000000000000       -8.68470412033204     
   3.05000000000000       -8.83448065021738     
   3.10000000000000       -8.98426500256139     
   3.15000000000000       -9.13407419064818     
   3.20000000000000       -9.28389789781589     
   3.25000000000000       -9.43374320438863     
   3.30000000000000       -9.58360492169099     
   3.35000000000000       -9.73348365431341     
   3.40000000000000       -9.88337224046406     
   3.45000000000000       -10.0332751001466     
   3.50000000000000       -10.1831869837283     
   3.55000000000000       -10.3331080890978     
   3.60000000000000       -10.4830380352562     
   3.65000000000000       -10.6329768864998     
   3.70000000000000       -10.7829203600728     
   3.75000000000000       -10.9328698669369     
   3.80000000000000       -11.0828238425566     
   3.85000000000000       -11.2327810404652     
   3.90000000000000       -11.3827407409621     
   3.95000000000000       -11.5327029285820     
   4.00000000000000       -11.6826621550219     
   4.05000000000000       -11.8326250787930     
   4.10000000000000       -11.9825820140417     
   4.15000000000000       -12.1325357374769     
   4.20000000000000       -12.2824756267918     
   4.25000000000000       -12.4324024289582     
   4.30000000000000       -12.5823062561033     
   4.35000000000000       -12.7321776509961     
   4.40000000000000       -12.8820029929377     
   4.45000000000000       -13.0317622157413     
   4.50000000000000       -13.1814269546324     
 zone T = "ep =   0.501187233627272      ",
   1.00000000000000       -2.88561101471558     
   1.05000000000000       -3.00657304697372     
   1.10000000000000       -3.13536465566688     
   1.15000000000000       -3.26512568246445     
   1.20000000000000       -3.39498433530553     
   1.25000000000000       -3.52794451290447     
   1.30000000000000       -3.66312828930397     
   1.35000000000000       -3.80010616692335     
   1.40000000000000       -3.93682101329546     
   1.45000000000000       -4.07652695248901     
   1.50000000000000       -4.21619878114462     
   1.55000000000000       -4.35730958247430     
   1.60000000000000       -4.49945221114308     
   1.65000000000000       -4.64239693732053     
   1.70000000000000       -4.78600841652295     
   1.75000000000000       -4.93033544031787     
   1.80000000000000       -5.07499074753668     
   1.85000000000000       -5.22047248382402     
   1.90000000000000       -5.36635164266811     
   1.95000000000000       -5.51264350781075     
   2.00000000000000       -5.65927892630275     
   2.05000000000000       -5.80647891748081     
   2.10000000000000       -5.95382811131597     
   2.15000000000000       -6.10146443073899     
   2.20000000000000       -6.24939453133510     
   2.25000000000000       -6.39751606807184     
   2.30000000000000       -6.54584296942572     
   2.35000000000000       -6.69434813239322     
   2.40000000000000       -6.84300666532456     
   2.45000000000000       -6.99182990089936     
   2.50000000000000       -7.14076605367476     
   2.55000000000000       -7.28982129077870     
   2.60000000000000       -7.43897330145914     
   2.65000000000000       -7.58822758304557     
   2.70000000000000       -7.73754987829878     
   2.75000000000000       -7.88695485657257     
   2.80000000000000       -8.03641698505092     
   2.85000000000000       -8.18594272542542     
   2.90000000000000       -8.33552037142008     
   2.95000000000000       -8.48514139336301     
   3.00000000000000       -8.63479006275510     
   3.05000000000000       -8.78450090267994     
   3.10000000000000       -8.93423476582552     
   3.15000000000000       -9.08399778867252     
   3.20000000000000       -9.23378331542135     
   3.25000000000000       -9.38359330712224     
   3.30000000000000       -9.53342384805441     
   3.35000000000000       -9.68327385131691     
   3.40000000000000       -9.83313826644659     
   3.45000000000000       -9.98301853426603     
   3.50000000000000       -10.1329110213401     
   3.55000000000000       -10.2828149346015     
   3.60000000000000       -10.4327293910227     
   3.65000000000000       -10.5826536994445     
   3.70000000000000       -10.7325850418681     
   3.75000000000000       -10.8825235903588     
   3.80000000000000       -11.0324679845939     
   3.85000000000000       -11.1824171269839     
   3.90000000000000       -11.3323701216393     
   3.95000000000000       -11.4823265042000     
   4.00000000000000       -11.6322824785911     
   4.05000000000000       -11.7822420735141     
   4.10000000000000       -11.9321978790368     
   4.15000000000000       -12.0821497586855     
   4.20000000000000       -12.2320981453975     
   4.25000000000000       -12.3820298968301     
   4.30000000000000       -12.5319466683211     
   4.35000000000000       -12.6818371042187     
   4.40000000000000       -12.8316908533983     
   4.45000000000000       -12.9814913256274     
   4.50000000000000       -13.1312157788049     
 zone T = "ep =   0.398107170553497      ",
   1.00000000000000       -2.88194406388918     
   1.05000000000000       -2.99794466978490     
   1.10000000000000       -3.12096676480792     
   1.15000000000000       -3.24722191466108     
   1.20000000000000       -3.37556863290129     
   1.25000000000000       -3.50542198130401     
   1.30000000000000       -3.63686724957435     
   1.35000000000000       -3.77014276971814     
   1.40000000000000       -3.90569459170260     
   1.45000000000000       -4.04239811275326     
   1.50000000000000       -4.18070998042933     
   1.55000000000000       -4.32000655656142     
   1.60000000000000       -4.46020862709404     
   1.65000000000000       -4.60164185172631     
   1.70000000000000       -4.74377250588784     
   1.75000000000000       -4.88683206355672     
   1.80000000000000       -5.03053572398994     
   1.85000000000000       -5.17492748316508     
   1.90000000000000       -5.31989328281674     
   1.95000000000000       -5.46537603098348     
   2.00000000000000       -5.61130673953908     
   2.05000000000000       -5.75771513876774     
   2.10000000000000       -5.90448383506566     
   2.15000000000000       -6.05159110175620     
   2.20000000000000       -6.19900995294921     
   2.25000000000000       -6.34669869709113     
   2.30000000000000       -6.49463599864938     
   2.35000000000000       -6.64279577028403     
   2.40000000000000       -6.79114664904592     
   2.45000000000000       -6.93968014094343     
   2.50000000000000       -7.08836354784405     
   2.55000000000000       -7.23719358177416     
   2.60000000000000       -7.38614822281810     
   2.65000000000000       -7.53521807332101     
   2.70000000000000       -7.68438511201164     
   2.75000000000000       -7.83364296471778     
   2.80000000000000       -7.98298061446606     
   2.85000000000000       -8.13239048099259     
   2.90000000000000       -8.28186511305116     
   2.95000000000000       -8.43139538388158     
   3.00000000000000       -8.58097365108308     
   3.05000000000000       -8.73060310658830     
   3.10000000000000       -8.88027100243952     
   3.15000000000000       -9.02997476005373     
   3.20000000000000       -9.17970997867664     
   3.25000000000000       -9.32947408945164     
   3.30000000000000       -9.47926387221324     
   3.35000000000000       -9.62907664126289     
   3.40000000000000       -9.77890931502650     
   3.45000000000000       -9.92876039278108     
   3.50000000000000       -10.0786273668588     
   3.55000000000000       -10.2285086637900     
   3.60000000000000       -10.3784027575731     
   3.65000000000000       -10.5283083418110     
   3.70000000000000       -10.6782236670197     
   3.75000000000000       -10.8281478275096     
   3.80000000000000       -10.9780795692686     
   3.85000000000000       -11.1280177762603     
   3.90000000000000       -11.2779614631296     
   3.95000000000000       -11.4279095172090     
   4.00000000000000       -11.5778603815932     
   4.05000000000000       -11.7278135022511     
   4.10000000000000       -11.8777666935037     
   4.15000000000000       -12.0277168579028     
   4.20000000000000       -12.1776626936329     
   4.25000000000000       -12.3276042924284     
   4.30000000000000       -12.4775261328111     
   4.35000000000000       -12.6274313033675     
   4.40000000000000       -12.7773065060313     
   4.45000000000000       -12.9271385144016     
   4.50000000000000       -13.0769101871876     
 zone T = "ep =   0.316227766016838      ",
   1.00000000000000       -2.87525069811843     
   1.05000000000000       -2.99022009140003     
   1.10000000000000       -3.10851591146792     
   1.15000000000000       -3.22900145506583     
   1.20000000000000       -3.35287443488779     
   1.25000000000000       -3.47937634673945     
   1.30000000000000       -3.60804304985045     
   1.35000000000000       -3.73838926806735     
   1.40000000000000       -3.87107475084898     
   1.45000000000000       -4.00499440536134     
   1.50000000000000       -4.14064367641403     
   1.55000000000000       -4.27770763782740     
   1.60000000000000       -4.41599378745796     
   1.65000000000000       -4.55547263079324     
   1.70000000000000       -4.69594335594263     
   1.75000000000000       -4.83731759117186     
   1.80000000000000       -4.97961990562992     
   1.85000000000000       -5.12270090704838     
   1.90000000000000       -5.26648336118599     
   1.95000000000000       -5.41092014382087     
   2.00000000000000       -5.55590167719106     
   2.05000000000000       -5.70143214956590     
   2.10000000000000       -5.84740995088352     
   2.15000000000000       -5.99381825148727     
   2.20000000000000       -6.14060763918475     
   2.25000000000000       -6.28772771605205     
   2.30000000000000       -6.43515862736249     
   2.35000000000000       -6.58285560043795     
   2.40000000000000       -6.73080277583070     
   2.45000000000000       -6.87896701865862     
   2.50000000000000       -7.02732772189670     
   2.55000000000000       -7.17586519984393     
   2.60000000000000       -7.32455823550607     
   2.65000000000000       -7.47339416279364     
   2.70000000000000       -7.62235223142857     
   2.75000000000000       -7.77142463370229     
   2.80000000000000       -7.92059551442761     
   2.85000000000000       -8.06985692743055     
   2.90000000000000       -8.21919786701568     
   2.95000000000000       -8.36861014042261     
   3.00000000000000       -8.51808433870779     
   3.05000000000000       -8.66761793080097     
   3.10000000000000       -8.81720118528644     
   3.15000000000000       -8.96682966611382     
   3.20000000000000       -9.11649803918365     
   3.25000000000000       -9.26620245254285     
   3.30000000000000       -9.41593892224774     
   3.35000000000000       -9.56570405469851     
   3.40000000000000       -9.71549447104780     
   3.45000000000000       -9.86530770553645     
   3.50000000000000       -10.0151410965091     
   3.55000000000000       -10.1649924593276     
   3.60000000000000       -10.3148598510189     
   3.65000000000000       -10.4647415663792     
   3.70000000000000       -10.6146357818299     
   3.75000000000000       -10.7645411531857     
   3.80000000000000       -10.9144562829571     
   3.85000000000000       -11.0643799019320     
   3.90000000000000       -11.2143107532849     
   3.95000000000000       -11.3642477027030     
   4.00000000000000       -11.5141892422137     
   4.05000000000000       -11.6641345231569     
   4.10000000000000       -11.8140816887100     
   4.15000000000000       -11.9640287412823     
   4.20000000000000       -12.1139721026072     
   4.25000000000000       -12.2639110375355     
   4.30000000000000       -12.4138446179207     
   4.35000000000000       -12.5637553382608     
   4.40000000000000       -12.7136464048450     
   4.45000000000000       -12.8635030933319     
   4.50000000000000       -13.0133095787406     
 zone T = "ep =   0.251188643150958      ",
   1.00000000000000       -2.86893369891029     
   1.05000000000000       -2.97767494397578     
   1.10000000000000       -3.09043944087801     
   1.15000000000000       -3.20669623012426     
   1.20000000000000       -3.32606960254156     
   1.25000000000000       -3.44823248138910     
   1.30000000000000       -3.57290464897930     
   1.35000000000000       -3.69986612417689     
   1.40000000000000       -3.82886363521275     
   1.45000000000000       -3.95978910487583     
   1.50000000000000       -4.09245408574035     
   1.55000000000000       -4.22673283651982     
   1.60000000000000       -4.36248303435746     
   1.65000000000000       -4.49959712135982     
   1.70000000000000       -4.63793235196302     
   1.75000000000000       -4.77741201416336     
   1.80000000000000       -4.91792161188564     
   1.85000000000000       -5.05937549759608     
   1.90000000000000       -5.20168346714845     
   1.95000000000000       -5.34476278101043     
   2.00000000000000       -5.48853727605304     
   2.05000000000000       -5.63297064354864     
   2.10000000000000       -5.77796767409458     
   2.15000000000000       -5.92348188475199     
   2.20000000000000       -6.06946405503688     
   2.25000000000000       -6.21586500325043     
   2.30000000000000       -6.36264498687921     
   2.35000000000000       -6.50976268714210     
   2.40000000000000       -6.65718576273603     
   2.45000000000000       -6.80488291574673     
   2.50000000000000       -6.95282416856431     
   2.55000000000000       -7.10098543269190     
   2.60000000000000       -7.24934223116850     
   2.65000000000000       -7.39787621108623     
   2.70000000000000       -7.54656615596157     
   2.75000000000000       -7.69539747922071     
   2.80000000000000       -7.84435397137683     
   2.85000000000000       -7.99342308100005     
   2.90000000000000       -8.14259269422861     
   2.95000000000000       -8.29185163284351     
   3.00000000000000       -8.44118951609255     
   3.05000000000000       -8.59060087865246     
   3.10000000000000       -8.74007521114829     
   3.15000000000000       -8.88960644078668     
   3.20000000000000       -9.03918814165490     
   3.25000000000000       -9.18881525694369     
   3.30000000000000       -9.33848274327590     
   3.35000000000000       -9.48818634167123     
   3.40000000000000       -9.63792191602314     
   3.45000000000000       -9.78768622914520     
   3.50000000000000       -9.93747600496467     
   3.55000000000000       -10.0872885069481     
   3.60000000000000       -10.2371212886151     
   3.65000000000000       -10.3869721381516     
   3.70000000000000       -10.5368389035299     
   3.75000000000000       -10.6867198795723     
   3.80000000000000       -10.8366133418255     
   3.85000000000000       -10.9865177813428     
   3.90000000000000       -11.1364317451980     
   3.95000000000000       -11.2863539021492     
   4.00000000000000       -11.4362826901095     
   4.05000000000000       -11.5862171826680     
   4.10000000000000       -11.7361553289076     
   4.15000000000000       -11.8860954165344     
   4.20000000000000       -12.0360357274761     
   4.25000000000000       -12.1859705276250     
   4.30000000000000       -12.3359015146611     
   4.35000000000000       -12.4858258200444     
   4.40000000000000       -12.6357239166800     
   4.45000000000000       -12.7855988480036     
   4.50000000000000       -12.9354340771602     
 zone T = "ep =   0.199526231496888      ",
   1.00000000000000       -2.86213212040311     
   1.05000000000000       -2.96471828956252     
   1.10000000000000       -3.07181415951694     
   1.15000000000000       -3.18270461585698     
   1.20000000000000       -3.29708483979747     
   1.25000000000000       -3.41449578183633     
   1.30000000000000       -3.53464097315750     
   1.35000000000000       -3.65735448604781     
   1.40000000000000       -3.78236315539656     
   1.45000000000000       -3.90954246125098     
   1.50000000000000       -4.03872291995841     
   1.55000000000000       -4.16973157738489     
   1.60000000000000       -4.30244829164360     
   1.65000000000000       -4.43674791316515     
   1.70000000000000       -4.57249070879842     
   1.75000000000000       -4.70958663393935     
   1.80000000000000       -4.84790694925333     
   1.85000000000000       -4.98736307395306     
   1.90000000000000       -5.12784313443093     
   1.95000000000000       -5.26925870652236     
   2.00000000000000       -5.41151881853210     
   2.05000000000000       -5.55458657974824     
   2.10000000000000       -5.69834316889873     
   2.15000000000000       -5.84273652715473     
   2.20000000000000       -5.98770763210402     
   2.25000000000000       -6.13319659371000     
   2.30000000000000       -6.27915552908317     
   2.35000000000000       -6.42553498769588     
   2.40000000000000       -6.57229452815439     
   2.45000000000000       -6.71939648363881     
   2.50000000000000       -6.86680342505384     
   2.55000000000000       -7.01448618334166     
   2.60000000000000       -7.16241380033180     
   2.65000000000000       -7.31056406280325     
   2.70000000000000       -7.45891009742784     
   2.75000000000000       -7.60743409682326     
   2.80000000000000       -7.75611553698739     
   2.85000000000000       -7.90493898046682     
   2.90000000000000       -8.05388911189027     
   2.95000000000000       -8.20295186385623     
   3.00000000000000       -8.35211412317558     
   3.05000000000000       -8.50136945737676     
   3.10000000000000       -8.65070420106900     
   3.15000000000000       -8.80011087299794     
   3.20000000000000       -8.94958129581768     
   3.25000000000000       -9.09910917079582     
   3.30000000000000       -9.24868811802066     
   3.35000000000000       -9.39831276694603     
   3.40000000000000       -9.54797786512017     
   3.45000000000000       -9.69767936321503     
   3.50000000000000       -9.84741310830143     
   3.55000000000000       -9.99717565904362     
   3.60000000000000       -10.1469639153846     
   3.65000000000000       -10.2967751261188     
   3.70000000000000       -10.4466065715490     
   3.75000000000000       -10.5964561063089     
   3.80000000000000       -10.7463216228680     
   3.85000000000000       -10.8962012624040     
   3.90000000000000       -11.0460932756906     
   3.95000000000000       -11.1959960923540     
   4.00000000000000       -11.3459079083985     
   4.05000000000000       -11.4958277315354     
   4.10000000000000       -11.6457533591249     
   4.15000000000000       -11.7956833015788     
   4.20000000000000       -11.9456156111121     
   4.25000000000000       -12.0955479210197     
   4.30000000000000       -12.2454735488602     
