 zone T = "Differential Variable - IMPLICIT",
 0.00000E+00  0.35103E+01
-0.10000E+00  0.49178E+01
-0.20000E+00  0.49635E+01
-0.30000E+00  0.46317E+01
-0.40000E+00  0.46470E+01
-0.50000E+00  0.51400E+01
-0.60000E+00  0.48401E+01
-0.70000E+00  0.50402E+01
-0.80000E+00  0.49562E+01
-0.90000E+00  0.47007E+01
-0.10000E+01  0.47965E+01
-0.11000E+01  0.46609E+01
-0.12000E+01  0.47028E+01
-0.13000E+01  0.44651E+01
-0.14000E+01  0.43496E+01
-0.15000E+01  0.42150E+01
-0.16000E+01  0.41675E+01
-0.17000E+01  0.41584E+01
-0.18000E+01  0.39760E+01
-0.19000E+01  0.37616E+01
-0.20000E+01  0.37909E+01
-0.21000E+01  0.35243E+01
-0.22000E+01  0.33721E+01
-0.23000E+01  0.31944E+01
-0.24000E+01  0.29534E+01
-0.25000E+01  0.27765E+01
-0.26000E+01  0.25185E+01
-0.27000E+01  0.23487E+01
-0.28000E+01  0.20347E+01
-0.29000E+01  0.18704E+01
-0.30000E+01  0.17133E+01
-0.31000E+01  0.15009E+01
-0.32000E+01  0.14198E+01
-0.33000E+01  0.12334E+01
-0.34000E+01  0.10958E+01
-0.35000E+01  0.99704E+00
-0.36000E+01  0.94595E+00
-0.37000E+01  0.79320E+00
-0.38000E+01  0.66384E+00
-0.39000E+01  0.31706E+00
-0.40000E+01  0.19330E+00
-0.41000E+01  0.19072E+00
-0.42000E+01 -0.17996E+00
-0.43000E+01  0.71340E-01
-0.44000E+01 -0.23658E-01
-0.45000E+01  0.78107E-01
-0.46000E+01  0.13679E+00
-0.47000E+01 -0.10751E+00
-0.48000E+01  0.30057E-01
-0.49000E+01  0.21910E-02
-0.50000E+01  0.10223E+00
-0.51000E+01  0.10974E+00
-0.52000E+01  0.23788E+00
-0.53000E+01  0.46922E-01
-0.54000E+01  0.34914E-01
-0.55000E+01 -0.65097E-01
-0.56000E+01  0.71588E-01
-0.57000E+01 -0.51717E-02
-0.58000E+01 -0.71875E-01
-0.59000E+01 -0.12841E-01
-0.60000E+01 -0.15080E+00
-0.61000E+01 -0.72210E-01
-0.62000E+01  0.39392E-01
-0.63000E+01 -0.18280E-01
-0.64000E+01 -0.10661E-01
-0.65000E+01 -0.23135E-01
-0.66000E+01 -0.30750E-01
-0.67000E+01  0.48948E-01
-0.68000E+01 -0.21153E+00
-0.69000E+01 -0.63279E-01
-0.70000E+01  0.10518E+00
-0.71000E+01  0.12519E+00
-0.72000E+01  0.18043E+00
-0.73000E+01 -0.17258E-01
-0.74000E+01  0.43692E-01
-0.75000E+01  0.16785E+00
-0.76000E+01 -0.31848E-01
-0.77000E+01  0.22215E+00
-0.78000E+01 -0.13255E+00
-0.79000E+01  0.17821E+00
-0.80000E+01 -0.73518E-02
 zone T = "Differential Variable - IMPLICIT",
 0.00000E+00  0.52523E+01
-0.10000E+00  0.50745E+01
-0.20000E+00  0.49694E+01
-0.30000E+00  0.49803E+01
-0.40000E+00  0.49602E+01
-0.50000E+00  0.49738E+01
-0.60000E+00  0.49696E+01
-0.70000E+00  0.49036E+01
-0.80000E+00  0.49079E+01
-0.90000E+00  0.48827E+01
-0.10000E+01  0.48911E+01
-0.11000E+01  0.48721E+01
-0.12000E+01  0.48616E+01
-0.13000E+01  0.47685E+01
-0.14000E+01  0.46442E+01
-0.15000E+01  0.45356E+01
-0.16000E+01  0.44144E+01
-0.17000E+01  0.43566E+01
-0.18000E+01  0.42393E+01
-0.19000E+01  0.41088E+01
-0.20000E+01  0.39900E+01
-0.21000E+01  0.38315E+01
-0.22000E+01  0.36705E+01
-0.23000E+01  0.35247E+01
-0.24000E+01  0.33308E+01
-0.25000E+01  0.31606E+01
-0.26000E+01  0.29036E+01
-0.27000E+01  0.26690E+01
-0.28000E+01  0.25014E+01
-0.29000E+01  0.22754E+01
-0.30000E+01  0.20788E+01
-0.31000E+01  0.18910E+01
-0.32000E+01  0.17461E+01
-0.33000E+01  0.15502E+01
-0.34000E+01  0.14125E+01
-0.35000E+01  0.13272E+01
-0.36000E+01  0.12094E+01
-0.37000E+01  0.11481E+01
-0.38000E+01  0.10853E+01
-0.39000E+01  0.10496E+01
-0.40000E+01  0.10236E+01
-0.41000E+01  0.10162E+01
-0.42000E+01  0.92033E+00
-0.43000E+01  0.76858E+00
-0.44000E+01  0.60645E+00
-0.45000E+01  0.48316E+00
-0.46000E+01  0.25183E+00
-0.47000E+01  0.82800E-01
-0.48000E+01  0.23328E+00
-0.49000E+01  0.44997E-01
-0.50000E+01  0.25852E+00
-0.51000E+01  0.10211E+00
-0.52000E+01 -0.13120E+00
-0.53000E+01 -0.54801E-01
-0.54000E+01  0.13773E+00
-0.55000E+01  0.53947E-01
-0.56000E+01  0.99146E-01
-0.57000E+01 -0.18465E-01
-0.58000E+01 -0.12960E+00
-0.59000E+01  0.20075E+00
-0.60000E+01  0.25440E-01
-0.61000E+01 -0.79586E-01
-0.62000E+01 -0.86545E-02
-0.63000E+01 -0.29220E-01
-0.64000E+01 -0.11998E+00
-0.65000E+01 -0.93867E-01
-0.66000E+01 -0.14637E-01
-0.67000E+01 -0.43418E-01
-0.68000E+01  0.57604E-01
-0.69000E+01 -0.19359E-01
-0.70000E+01  0.21746E-01
-0.71000E+01  0.81704E-01
-0.72000E+01 -0.67616E-03
-0.73000E+01  0.20087E+00
-0.74000E+01  0.21403E+00
-0.75000E+01 -0.11041E+00
-0.76000E+01 -0.17996E-01
-0.77000E+01  0.86076E-01
-0.78000E+01  0.39090E-01
-0.79000E+01  0.17904E+00
-0.80000E+01 -0.63781E-03
 zone T = "Algebraic Variable - IMPLICIT",
 0.00000E+00  0.49809E+01
-0.10000E+00  0.49590E+01
-0.20000E+00  0.49772E+01
-0.30000E+00  0.49508E+01
-0.40000E+00  0.49730E+01
-0.50000E+00  0.49640E+01
-0.60000E+00  0.49672E+01
-0.70000E+00  0.49278E+01
-0.80000E+00  0.49305E+01
-0.90000E+00  0.49236E+01
-0.10000E+01  0.49182E+01
-0.11000E+01  0.49026E+01
-0.12000E+01  0.48763E+01
-0.13000E+01  0.48721E+01
-0.14000E+01  0.48427E+01
-0.15000E+01  0.48217E+01
-0.16000E+01  0.47596E+01
-0.17000E+01  0.43054E+01
-0.18000E+01  0.42165E+01
-0.19000E+01  0.40651E+01
-0.20000E+01  0.39623E+01
-0.21000E+01  0.38118E+01
-0.22000E+01  0.36605E+01
-0.23000E+01  0.34627E+01
-0.24000E+01  0.33048E+01
-0.25000E+01  0.30810E+01
-0.26000E+01  0.29211E+01
-0.27000E+01  0.26870E+01
-0.28000E+01  0.24895E+01
-0.29000E+01  0.23370E+01
-0.30000E+01  0.21836E+01
-0.31000E+01  0.20411E+01
-0.32000E+01  0.19543E+01
-0.33000E+01  0.18917E+01
-0.34000E+01  0.18308E+01
-0.35000E+01  0.18046E+01
-0.36000E+01  0.21361E+01
-0.37000E+01  0.20609E+01
-0.38000E+01  0.16248E+01
-0.39000E+01  0.61757E+01
-0.40000E+01  0.20908E+02
-0.41000E+01  0.22146E+02
-0.42000E+01  0.23284E+02
-0.43000E+01  0.22858E+02
-0.44000E+01  0.23877E+02
-0.45000E+01  0.22433E+02
-0.46000E+01  0.22223E+02
-0.47000E+01  0.18795E+02
-0.48000E+01  0.16315E+02
-0.49000E+01  0.13977E+02
-0.50000E+01  0.17975E+02
-0.51000E+01  0.85560E+01
-0.52000E+01  0.14609E+02
-0.53000E+01  0.15469E+02
-0.54000E+01  0.15516E+02
-0.55000E+01  0.55775E+01
-0.56000E+01  0.58351E+01
-0.57000E+01  0.58895E+01
-0.58000E+01  0.57954E+01
-0.59000E+01  0.59106E+01
-0.60000E+01  0.17585E+01
-0.61000E+01  0.17919E+01
-0.62000E+01  0.20273E+01
-0.63000E+01  0.12599E+01
-0.64000E+01  0.12013E+01
-0.65000E+01  0.22102E+01
-0.66000E+01  0.15681E+01
-0.67000E+01  0.10110E+01
-0.68000E+01  0.10403E+01
-0.69000E+01  0.10036E+01
-0.70000E+01  0.10004E+01
-0.71000E+01  0.10586E+01
-0.72000E+01  0.10348E+01
-0.73000E+01  0.10102E+01
-0.74000E+01  0.10246E+01
-0.75000E+01  0.10672E+01
-0.76000E+01  0.10853E+01
-0.77000E+01  0.10709E+01
-0.78000E+01  0.10906E+01
-0.79000E+01  0.10463E+01
-0.80000E+01  0.10956E+01
