 zone T = "Differential Variable - IMEX",
 0.00000E+00  0.38913E+01
-0.10000E+00  0.38851E+01
-0.20000E+00  0.38774E+01
-0.30000E+00  0.38762E+01
-0.40000E+00  0.38630E+01
-0.50000E+00  0.38637E+01
-0.60000E+00  0.38369E+01
-0.70000E+00  0.38212E+01
-0.80000E+00  0.37987E+01
-0.90000E+00  0.37743E+01
-0.10000E+01  0.37392E+01
-0.11000E+01  0.36948E+01
-0.12000E+01  0.36409E+01
-0.13000E+01  0.35881E+01
-0.14000E+01  0.35146E+01
-0.15000E+01  0.34559E+01
-0.16000E+01  0.33685E+01
-0.17000E+01  0.32936E+01
-0.18000E+01  0.31966E+01
-0.19000E+01  0.31189E+01
-0.20000E+01  0.30223E+01
-0.21000E+01  0.29431E+01
-0.22000E+01  0.28339E+01
-0.23000E+01  0.27332E+01
-0.24000E+01  0.26673E+01
-0.25000E+01  0.25658E+01
-0.26000E+01  0.24997E+01
-0.27000E+01  0.24129E+01
-0.28000E+01  0.23320E+01
-0.29000E+01  0.22808E+01
-0.30000E+01  0.22195E+01
-0.31000E+01  0.21519E+01
-0.32000E+01  0.21095E+01
-0.33000E+01  0.20652E+01
-0.34000E+01  0.20334E+01
-0.35000E+01  0.20027E+01
-0.36000E+01  0.19830E+01
-0.37000E+01  0.19689E+01
-0.38000E+01  0.19597E+01
-0.39000E+01  0.19550E+01
-0.40000E+01  0.19488E+01
-0.41000E+01  0.19498E+01
-0.42000E+01  0.19483E+01
-0.43000E+01  0.19583E+01
-0.44000E+01  0.19639E+01
-0.45000E+01  0.19730E+01
-0.46000E+01  0.19893E+01
-0.47000E+01  0.20265E+01
-0.48000E+01  0.20702E+01
-0.49000E+01  0.21274E+01
-0.50000E+01  0.22068E+01
-0.51000E+01  0.23037E+01
-0.52000E+01  0.24076E+01
-0.53000E+01  0.25320E+01
-0.54000E+01  0.27056E+01
-0.55000E+01  0.28628E+01
-0.56000E+01  0.30520E+01
-0.57000E+01  0.32457E+01
-0.58000E+01  0.34205E+01
-0.59000E+01  0.36716E+01
-0.60000E+01  0.37952E+01
-0.61000E+01  0.38304E+01
-0.62000E+01  0.38625E+01
-0.63000E+01  0.38604E+01
-0.64000E+01  0.38581E+01
-0.65000E+01  0.38450E+01
-0.66000E+01  0.38538E+01
-0.67000E+01  0.38362E+01
-0.68000E+01  0.38215E+01
-0.69000E+01  0.38222E+01
-0.70000E+01  0.38039E+01
-0.71000E+01  0.38011E+01
-0.72000E+01  0.37938E+01
-0.73000E+01  0.38072E+01
-0.74000E+01  0.37924E+01
-0.75000E+01  0.37842E+01
-0.76000E+01  0.37761E+01
-0.77000E+01  0.37788E+01
-0.78000E+01  0.37673E+01
-0.79000E+01  0.37681E+01
-0.80000E+01  0.37748E+01
 zone T = "Differential Variable - IMEX",
 0.00000E+00  0.39372E+01
-0.10000E+00  0.39479E+01
-0.20000E+00  0.39496E+01
-0.30000E+00  0.39565E+01
-0.40000E+00  0.39627E+01
-0.50000E+00  0.39694E+01
-0.60000E+00  0.39776E+01
-0.70000E+00  0.39929E+01
-0.80000E+00  0.40033E+01
-0.90000E+00  0.40175E+01
-0.10000E+01  0.40223E+01
-0.11000E+01  0.39834E+01
-0.12000E+01  0.38969E+01
-0.13000E+01  0.37876E+01
-0.14000E+01  0.36722E+01
-0.15000E+01  0.35707E+01
-0.16000E+01  0.34617E+01
-0.17000E+01  0.33590E+01
-0.18000E+01  0.32393E+01
-0.19000E+01  0.31362E+01
-0.20000E+01  0.30105E+01
-0.21000E+01  0.29085E+01
-0.22000E+01  0.27796E+01
-0.23000E+01  0.26605E+01
-0.24000E+01  0.25765E+01
-0.25000E+01  0.24740E+01
-0.26000E+01  0.24076E+01
-0.27000E+01  0.23224E+01
-0.28000E+01  0.22434E+01
-0.29000E+01  0.21743E+01
-0.30000E+01  0.21350E+01
-0.31000E+01  0.20796E+01
-0.32000E+01  0.20386E+01
-0.33000E+01  0.20027E+01
-0.34000E+01  0.19738E+01
-0.35000E+01  0.19514E+01
-0.36000E+01  0.19417E+01
-0.37000E+01  0.19332E+01
-0.38000E+01  0.19299E+01
-0.39000E+01  0.19287E+01
-0.40000E+01  0.19203E+01
-0.41000E+01  0.19205E+01
-0.42000E+01  0.19212E+01
-0.43000E+01  0.19229E+01
-0.44000E+01  0.19379E+01
-0.45000E+01  0.19620E+01
-0.46000E+01  0.20007E+01
-0.47000E+01  0.20525E+01
-0.48000E+01  0.21306E+01
-0.49000E+01  0.22395E+01
-0.50000E+01  0.23579E+01
-0.51000E+01  0.25054E+01
-0.52000E+01  0.26761E+01
-0.53000E+01  0.28724E+01
-0.54000E+01  0.30845E+01
-0.55000E+01  0.33158E+01
-0.56000E+01  0.36415E+01
-0.57000E+01  0.38369E+01
-0.58000E+01  0.39716E+01
-0.59000E+01  0.40033E+01
-0.60000E+01  0.39775E+01
-0.61000E+01  0.39688E+01
-0.62000E+01  0.39557E+01
-0.63000E+01  0.39230E+01
-0.64000E+01  0.39078E+01
-0.65000E+01  0.39023E+01
-0.66000E+01  0.38717E+01
-0.67000E+01  0.38656E+01
-0.68000E+01  0.38468E+01
-0.69000E+01  0.38452E+01
-0.70000E+01  0.38323E+01
-0.71000E+01  0.38366E+01
-0.72000E+01  0.38296E+01
-0.73000E+01  0.38181E+01
-0.74000E+01  0.38189E+01
-0.75000E+01  0.38207E+01
-0.76000E+01  0.38195E+01
-0.77000E+01  0.38141E+01
-0.78000E+01  0.38169E+01
-0.79000E+01  0.38133E+01
-0.80000E+01  0.38075E+01
 zone T = "Algebraic Variable - IMEX",
 0.00000E+00  0.39434E+01
-0.10000E+00  0.39455E+01
-0.20000E+00  0.39505E+01
-0.30000E+00  0.39570E+01
-0.40000E+00  0.39608E+01
-0.50000E+00  0.39704E+01
-0.60000E+00  0.39756E+01
-0.70000E+00  0.39872E+01
-0.80000E+00  0.40024E+01
-0.90000E+00  0.40194E+01
-0.10000E+01  0.40471E+01
-0.11000E+01  0.40807E+01
-0.12000E+01  0.41241E+01
-0.13000E+01  0.41124E+01
-0.14000E+01  0.39990E+01
-0.15000E+01  0.38651E+01
-0.16000E+01  0.37616E+01
-0.17000E+01  0.36633E+01
-0.18000E+01  0.35630E+01
-0.19000E+01  0.34586E+01
-0.20000E+01  0.33509E+01
-0.21000E+01  0.32405E+01
-0.22000E+01  0.31220E+01
-0.23000E+01  0.29998E+01
-0.24000E+01  0.28723E+01
-0.25000E+01  0.27486E+01
-0.26000E+01  0.26252E+01
-0.27000E+01  0.25062E+01
-0.28000E+01  0.23962E+01
-0.29000E+01  0.22931E+01
-0.30000E+01  0.21978E+01
-0.31000E+01  0.21105E+01
-0.32000E+01  0.20371E+01
-0.33000E+01  0.19709E+01
-0.34000E+01  0.18840E+01
-0.35000E+01  0.18246E+01
-0.36000E+01  0.17692E+01
-0.37000E+01  0.17180E+01
-0.38000E+01  0.16757E+01
-0.39000E+01  0.16165E+01
-0.40000E+01  0.16016E+01
-0.41000E+01  0.15534E+01
-0.42000E+01  0.15092E+01
-0.43000E+01  0.14706E+01
-0.44000E+01  0.14376E+01
-0.45000E+01  0.14096E+01
-0.46000E+01  0.13856E+01
-0.47000E+01  0.13661E+01
-0.48000E+01  0.13514E+01
-0.49000E+01  0.13558E+01
-0.50000E+01  0.13495E+01
-0.51000E+01  0.13469E+01
-0.52000E+01  0.13497E+01
-0.53000E+01  0.13580E+01
-0.54000E+01  0.13727E+01
-0.55000E+01  0.13932E+01
-0.56000E+01  0.14186E+01
-0.57000E+01  0.14481E+01
-0.58000E+01  0.16138E+01
-0.59000E+01  0.16581E+01
-0.60000E+01  0.16975E+01
-0.61000E+01  0.17390E+01
-0.62000E+01  0.17774E+01
-0.63000E+01  0.18206E+01
-0.64000E+01  0.20916E+01
-0.65000E+01  0.21414E+01
-0.66000E+01  0.21921E+01
-0.67000E+01  0.22844E+01
-0.68000E+01  0.23836E+01
-0.69000E+01  0.23924E+01
-0.70000E+01  0.23867E+01
-0.71000E+01  0.23640E+01
-0.72000E+01  0.21954E+01
-0.73000E+01  0.21322E+01
-0.74000E+01  0.19240E+01
-0.75000E+01  0.20548E+01
-0.76000E+01  0.18259E+01
-0.77000E+01  0.17239E+01
-0.78000E+01  0.14997E+01
-0.79000E+01  0.14668E+01
-0.80000E+01  0.14381E+01
