 zone T = "Var            1 : Implicit",
 0.00000E+00  0.37089E+01
-0.10000E+00 -0.95441E-04
-0.20000E+00 -0.45351E-04
-0.30000E+00 -0.29117E-04
-0.40000E+00 -0.21325E-04
-0.50000E+00 -0.16896E-04
-0.60000E+00 -0.14136E-04
-0.70000E+00 -0.12314E-04
-0.80000E+00 -0.11063E-04
-0.90000E+00 -0.10179E-04
-0.10000E+01 -0.95375E-05
-0.11000E+01 -0.90631E-05
-0.12000E+01 -0.87066E-05
-0.13000E+01 -0.84353E-05
-0.14000E+01 -0.82269E-05
-0.15000E+01 -0.80656E-05
-0.16000E+01 -0.79402E-05
-0.17000E+01 -0.78421E-05
-0.18000E+01 -0.77652E-05
-0.19000E+01 -0.77047E-05
-0.20000E+01 -0.76570E-05
-0.21000E+01 -0.76194E-05
-0.22000E+01 -0.75897E-05
-0.23000E+01 -0.75662E-05
-0.24000E+01 -0.75475E-05
-0.25000E+01 -0.75328E-05
-0.26000E+01 -0.75211E-05
-0.27000E+01 -0.75118E-05
-0.28000E+01 -0.75044E-05
-0.29000E+01 -0.74986E-05
-0.30000E+01 -0.74940E-05
-0.31000E+01 -0.74903E-05
-0.32000E+01 -0.74874E-05
-0.33000E+01 -0.74850E-05
-0.34000E+01 -0.74832E-05
-0.35000E+01 -0.74817E-05
-0.36000E+01 -0.74806E-05
-0.37000E+01 -0.74797E-05
-0.38000E+01 -0.74789E-05
-0.39000E+01 -0.74783E-05
-0.40000E+01 -0.74779E-05
-0.41000E+01 -0.74775E-05
-0.42000E+01 -0.74772E-05
-0.43000E+01 -0.74770E-05
-0.44000E+01 -0.74768E-05
-0.45000E+01 -0.74767E-05
-0.46000E+01 -0.74765E-05
-0.47000E+01 -0.74764E-05
-0.48000E+01 -0.74764E-05
-0.49000E+01 -0.74763E-05
-0.50000E+01 -0.74763E-05
-0.51000E+01 -0.74762E-05
-0.52000E+01 -0.74762E-05
-0.53000E+01 -0.74762E-05
-0.54000E+01 -0.74762E-05
-0.55000E+01 -0.74761E-05
-0.56000E+01 -0.74761E-05
-0.57000E+01 -0.74761E-05
-0.58000E+01 -0.74761E-05
-0.59000E+01 -0.74761E-05
-0.60000E+01 -0.74761E-05
-0.61000E+01 -0.74761E-05
-0.62000E+01 -0.74761E-05
-0.63000E+01 -0.74761E-05
-0.64000E+01 -0.74761E-05
-0.65000E+01 -0.74761E-05
-0.66000E+01 -0.74761E-05
-0.67000E+01 -0.74761E-05
-0.68000E+01 -0.74761E-05
-0.69000E+01 -0.74761E-05
-0.70000E+01 -0.74761E-05
-0.71000E+01 -0.74761E-05
-0.72000E+01 -0.74761E-05
-0.73000E+01 -0.74761E-05
-0.74000E+01 -0.74761E-05
-0.75000E+01 -0.74761E-05
-0.76000E+01 -0.74761E-05
-0.77000E+01 -0.74761E-05
-0.78000E+01 -0.74761E-05
-0.79000E+01 -0.74761E-05
-0.80000E+01 -0.74761E-05
 zone T = "Var            1 : Predicted",
 0.00000E+00  0.99721E+00
-0.10000E+00  0.99679E+00
-0.20000E+00  0.99633E+00
-0.30000E+00  0.99584E+00
-0.40000E+00  0.99531E+00
-0.50000E+00  0.99477E+00
-0.60000E+00  0.99423E+00
-0.70000E+00  0.99370E+00
-0.80000E+00  0.99320E+00
-0.90000E+00  0.99273E+00
-0.10000E+01  0.99230E+00
-0.11000E+01  0.99193E+00
-0.12000E+01  0.99160E+00
-0.13000E+01  0.99131E+00
-0.14000E+01  0.99107E+00
-0.15000E+01  0.99087E+00
-0.16000E+01  0.99071E+00
-0.17000E+01  0.99057E+00
-0.18000E+01  0.99046E+00
-0.19000E+01  0.99037E+00
-0.20000E+01  0.99029E+00
-0.21000E+01  0.99023E+00
-0.22000E+01  0.99018E+00
-0.23000E+01  0.99015E+00
-0.24000E+01  0.99012E+00
-0.25000E+01  0.99009E+00
-0.26000E+01  0.99007E+00
-0.27000E+01  0.99006E+00
-0.28000E+01  0.99004E+00
-0.29000E+01  0.99003E+00
-0.30000E+01  0.99003E+00
-0.31000E+01  0.99002E+00
-0.32000E+01  0.99002E+00
-0.33000E+01  0.99001E+00
-0.34000E+01  0.99001E+00
-0.35000E+01  0.99001E+00
-0.36000E+01  0.99000E+00
-0.37000E+01  0.99000E+00
-0.38000E+01  0.99000E+00
-0.39000E+01  0.99000E+00
-0.40000E+01  0.99000E+00
-0.41000E+01  0.99000E+00
-0.42000E+01  0.99000E+00
-0.43000E+01  0.99000E+00
-0.44000E+01  0.99000E+00
-0.45000E+01  0.99000E+00
-0.46000E+01  0.99000E+00
-0.47000E+01  0.99000E+00
-0.48000E+01  0.99000E+00
-0.49000E+01  0.99000E+00
-0.50000E+01  0.99000E+00
-0.51000E+01  0.99000E+00
-0.52000E+01  0.99000E+00
-0.53000E+01  0.99000E+00
-0.54000E+01  0.99000E+00
-0.55000E+01  0.99000E+00
-0.56000E+01  0.99000E+00
-0.57000E+01  0.99000E+00
-0.58000E+01  0.99000E+00
-0.59000E+01  0.99000E+00
-0.60000E+01  0.99000E+00
-0.61000E+01  0.99000E+00
-0.62000E+01  0.99000E+00
-0.63000E+01  0.99000E+00
-0.64000E+01  0.99000E+00
-0.65000E+01  0.99000E+00
-0.66000E+01  0.99000E+00
-0.67000E+01  0.99000E+00
-0.68000E+01  0.99000E+00
-0.69000E+01  0.99000E+00
-0.70000E+01  0.99000E+00
-0.71000E+01  0.99000E+00
-0.72000E+01  0.99000E+00
-0.73000E+01  0.99000E+00
-0.74000E+01  0.99000E+00
-0.75000E+01  0.99000E+00
-0.76000E+01  0.99000E+00
-0.77000E+01  0.99000E+00
-0.78000E+01  0.99000E+00
-0.79000E+01  0.99000E+00
-0.80000E+01  0.99000E+00
 zone T = "Var            2 : Implicit",
 0.00000E+00  0.31735E+01
-0.10000E+00  0.12389E-05
-0.20000E+00  0.63822E-06
-0.30000E+00  0.44835E-06
-0.40000E+00  0.36257E-06
-0.50000E+00  0.31937E-06
-0.60000E+00  0.29773E-06
-0.70000E+00  0.28783E-06
-0.80000E+00  0.28403E-06
-0.90000E+00  0.28290E-06
-0.10000E+01  0.28266E-06
-0.11000E+01  0.28263E-06
-0.12000E+01  0.28263E-06
-0.13000E+01  0.28263E-06
-0.14000E+01  0.28263E-06
-0.15000E+01  0.28263E-06
-0.16000E+01  0.28263E-06
-0.17000E+01  0.28263E-06
-0.18000E+01  0.28263E-06
-0.19000E+01  0.28263E-06
-0.20000E+01  0.28263E-06
-0.21000E+01  0.28263E-06
-0.22000E+01  0.28263E-06
-0.23000E+01  0.28263E-06
-0.24000E+01  0.28263E-06
-0.25000E+01  0.28263E-06
-0.26000E+01  0.28263E-06
-0.27000E+01  0.28263E-06
-0.28000E+01  0.28263E-06
-0.29000E+01  0.28263E-06
-0.30000E+01  0.28263E-06
-0.31000E+01  0.28263E-06
-0.32000E+01  0.28263E-06
-0.33000E+01  0.28263E-06
-0.34000E+01  0.28263E-06
-0.35000E+01  0.28263E-06
-0.36000E+01  0.28263E-06
-0.37000E+01  0.28263E-06
-0.38000E+01  0.28263E-06
-0.39000E+01  0.28263E-06
-0.40000E+01  0.28263E-06
-0.41000E+01  0.28263E-06
-0.42000E+01  0.28263E-06
-0.43000E+01  0.28263E-06
-0.44000E+01  0.28263E-06
-0.45000E+01  0.28263E-06
-0.46000E+01  0.28263E-06
-0.47000E+01  0.28263E-06
-0.48000E+01  0.28263E-06
-0.49000E+01  0.28263E-06
-0.50000E+01  0.28263E-06
-0.51000E+01  0.28263E-06
-0.52000E+01  0.28263E-06
-0.53000E+01  0.28263E-06
-0.54000E+01  0.28263E-06
-0.55000E+01  0.28263E-06
-0.56000E+01  0.28263E-06
-0.57000E+01  0.28263E-06
-0.58000E+01  0.28263E-06
-0.59000E+01  0.28263E-06
-0.60000E+01  0.28263E-06
-0.61000E+01  0.28263E-06
-0.62000E+01  0.28263E-06
-0.63000E+01  0.28263E-06
-0.64000E+01  0.28263E-06
-0.65000E+01  0.28263E-06
-0.66000E+01  0.28263E-06
-0.67000E+01  0.28263E-06
-0.68000E+01  0.28263E-06
-0.69000E+01  0.28263E-06
-0.70000E+01  0.28263E-06
-0.71000E+01  0.28263E-06
-0.72000E+01  0.28263E-06
-0.73000E+01  0.28263E-06
-0.74000E+01  0.28263E-06
-0.75000E+01  0.28263E-06
-0.76000E+01  0.28263E-06
-0.77000E+01  0.28263E-06
-0.78000E+01  0.28263E-06
-0.79000E+01  0.28263E-06
-0.80000E+01  0.28263E-06
 zone T = "Var            2 : Predicted",
 0.00000E+00  0.98489E+00
-0.10000E+00  0.98489E+00
-0.20000E+00  0.98489E+00
-0.30000E+00  0.98489E+00
-0.40000E+00  0.98489E+00
-0.50000E+00  0.98489E+00
-0.60000E+00  0.98489E+00
-0.70000E+00  0.98489E+00
-0.80000E+00  0.98489E+00
-0.90000E+00  0.98489E+00
-0.10000E+01  0.98489E+00
-0.11000E+01  0.98489E+00
-0.12000E+01  0.98489E+00
-0.13000E+01  0.98489E+00
-0.14000E+01  0.98489E+00
-0.15000E+01  0.98489E+00
-0.16000E+01  0.98489E+00
-0.17000E+01  0.98489E+00
-0.18000E+01  0.98489E+00
-0.19000E+01  0.98489E+00
-0.20000E+01  0.98489E+00
-0.21000E+01  0.98489E+00
-0.22000E+01  0.98489E+00
-0.23000E+01  0.98489E+00
-0.24000E+01  0.98489E+00
-0.25000E+01  0.98489E+00
-0.26000E+01  0.98489E+00
-0.27000E+01  0.98489E+00
-0.28000E+01  0.98489E+00
-0.29000E+01  0.98489E+00
-0.30000E+01  0.98489E+00
-0.31000E+01  0.98489E+00
-0.32000E+01  0.98489E+00
-0.33000E+01  0.98489E+00
-0.34000E+01  0.98489E+00
-0.35000E+01  0.98489E+00
-0.36000E+01  0.98489E+00
-0.37000E+01  0.98489E+00
-0.38000E+01  0.98489E+00
-0.39000E+01  0.98489E+00
-0.40000E+01  0.98489E+00
-0.41000E+01  0.98489E+00
-0.42000E+01  0.98489E+00
-0.43000E+01  0.98489E+00
-0.44000E+01  0.98489E+00
-0.45000E+01  0.98489E+00
-0.46000E+01  0.98489E+00
-0.47000E+01  0.98489E+00
-0.48000E+01  0.98489E+00
-0.49000E+01  0.98489E+00
-0.50000E+01  0.98489E+00
-0.51000E+01  0.98489E+00
-0.52000E+01  0.98489E+00
-0.53000E+01  0.98489E+00
-0.54000E+01  0.98489E+00
-0.55000E+01  0.98489E+00
-0.56000E+01  0.98489E+00
-0.57000E+01  0.98489E+00
-0.58000E+01  0.98489E+00
-0.59000E+01  0.98489E+00
-0.60000E+01  0.98489E+00
-0.61000E+01  0.98489E+00
-0.62000E+01  0.98489E+00
-0.63000E+01  0.98489E+00
-0.64000E+01  0.98489E+00
-0.65000E+01  0.98489E+00
-0.66000E+01  0.98489E+00
-0.67000E+01  0.98489E+00
-0.68000E+01  0.98489E+00
-0.69000E+01  0.98489E+00
-0.70000E+01  0.98489E+00
-0.71000E+01  0.98489E+00
-0.72000E+01  0.98489E+00
-0.73000E+01  0.98489E+00
-0.74000E+01  0.98489E+00
-0.75000E+01  0.98489E+00
-0.76000E+01  0.98489E+00
-0.77000E+01  0.98489E+00
-0.78000E+01  0.98489E+00
-0.79000E+01  0.98489E+00
-0.80000E+01  0.98489E+00
