 zone T = "Var            1 : IMEX",
 0.00000E+00  0.50657E+01
-0.10000E+00  0.55102E+01
-0.20000E+00  0.46080E+01
-0.30000E+00  0.42310E+01
-0.40000E+00  0.42154E+01
-0.50000E+00  0.40714E+01
-0.60000E+00  0.42042E+01
-0.70000E+00  0.41469E+01
-0.80000E+00  0.40589E+01
-0.90000E+00  0.39261E+01
-0.10000E+01  0.38417E+01
-0.11000E+01  0.37821E+01
-0.12000E+01  0.36401E+01
-0.13000E+01  0.35714E+01
-0.14000E+01  0.35137E+01
-0.15000E+01  0.33980E+01
-0.16000E+01  0.32700E+01
-0.17000E+01  0.31542E+01
-0.18000E+01  0.30290E+01
-0.19000E+01  0.29639E+01
-0.20000E+01  0.29002E+01
-0.21000E+01  0.27514E+01
-0.22000E+01  0.26914E+01
-0.23000E+01  0.25960E+01
-0.24000E+01  0.25222E+01
-0.25000E+01  0.24123E+01
-0.26000E+01  0.24228E+01
-0.27000E+01  0.23675E+01
-0.28000E+01  0.23027E+01
-0.29000E+01  0.22607E+01
-0.30000E+01  0.22188E+01
-0.31000E+01  0.21729E+01
-0.32000E+01  0.21407E+01
-0.33000E+01  0.21105E+01
-0.34000E+01  0.20864E+01
-0.35000E+01  0.20626E+01
-0.36000E+01  0.20445E+01
-0.37000E+01  0.20235E+01
-0.38000E+01  0.20152E+01
-0.39000E+01  0.20144E+01
-0.40000E+01  0.20303E+01
-0.41000E+01  0.20506E+01
-0.42000E+01  0.20899E+01
-0.43000E+01  0.21268E+01
-0.44000E+01  0.21723E+01
-0.45000E+01  0.22183E+01
-0.46000E+01  0.29035E+01
-0.47000E+01  0.23324E+01
-0.48000E+01  0.23818E+01
-0.49000E+01  0.28550E+01
-0.50000E+01  0.27946E+01
-0.51000E+01  0.27830E+01
-0.52000E+01  0.27602E+01
-0.53000E+01  0.27665E+01
-0.54000E+01  0.27821E+01
-0.55000E+01  0.30989E+01
-0.56000E+01  0.28176E+01
-0.57000E+01  0.28310E+01
-0.58000E+01  0.28484E+01
-0.59000E+01  0.28664E+01
-0.60000E+01  0.29144E+01
-0.61000E+01  0.29323E+01
-0.62000E+01  0.29423E+01
-0.63000E+01  0.29909E+01
-0.64000E+01  0.29956E+01
-0.65000E+01  0.29998E+01
-0.66000E+01  0.30052E+01
-0.67000E+01  0.30085E+01
-0.68000E+01  0.30121E+01
-0.69000E+01  0.30136E+01
-0.70000E+01  0.30219E+01
-0.71000E+01  0.30253E+01
-0.72000E+01  0.30190E+01
-0.73000E+01  0.30182E+01
-0.74000E+01  0.30471E+01
-0.75000E+01  0.30759E+01
-0.76000E+01  0.30358E+01
-0.77000E+01  0.30149E+01
-0.78000E+01  0.30219E+01
-0.79000E+01  0.30089E+01
-0.80000E+01  0.30002E+01
 zone T = "Var            1 : Predicted",
 0.00000E+00  0.73597E+00
-0.10000E+00  0.66286E+00
-0.20000E+00  0.63946E+00
-0.30000E+00  0.60571E+00
-0.40000E+00  0.57662E+00
-0.50000E+00  0.54356E+00
-0.60000E+00  0.54551E+00
-0.70000E+00  0.52406E+00
-0.80000E+00  0.51415E+00
-0.90000E+00  0.53458E+00
-0.10000E+01  0.57563E+00
-0.11000E+01  0.64238E+00
-0.12000E+01  0.69848E+00
-0.13000E+01  0.74473E+00
-0.14000E+01  0.78173E+00
-0.15000E+01  0.80803E+00
-0.16000E+01  0.82608E+00
-0.17000E+01  0.83651E+00
-0.18000E+01  0.84004E+00
-0.19000E+01  0.83744E+00
-0.20000E+01  0.82869E+00
-0.21000E+01  0.81659E+00
-0.22000E+01  0.80062E+00
-0.23000E+01  0.78135E+00
-0.24000E+01  0.75934E+00
-0.25000E+01  0.73506E+00
-0.26000E+01  0.71271E+00
-0.27000E+01  0.68601E+00
-0.28000E+01  0.65818E+00
-0.29000E+01  0.62949E+00
-0.30000E+01  0.60018E+00
-0.31000E+01  0.57045E+00
-0.32000E+01  0.54048E+00
-0.33000E+01  0.51041E+00
-0.34000E+01  0.48036E+00
-0.35000E+01  0.45044E+00
-0.36000E+01  0.42074E+00
-0.37000E+01  0.37790E+00
-0.38000E+01  0.33307E+00
-0.39000E+01  0.28679E+00
-0.40000E+01  0.24022E+00
-0.41000E+01  0.19508E+00
-0.42000E+01  0.15319E+00
-0.43000E+01  0.11587E+00
-0.44000E+01  0.83728E-01
-0.45000E+01  0.56689E-01
-0.46000E+01 -0.78170E-01
-0.47000E+01  0.15968E-01
-0.48000E+01  0.10360E-02
-0.49000E+01 -0.69283E-01
-0.50000E+01 -0.65458E-01
-0.51000E+01 -0.65260E-01
-0.52000E+01 -0.67969E-01
-0.53000E+01 -0.70132E-01
-0.54000E+01 -0.71858E-01
-0.55000E+01 -0.12681E+00
-0.56000E+01 -0.74331E-01
-0.57000E+01 -0.75204E-01
-0.58000E+01 -0.75899E-01
-0.59000E+01 -0.76452E-01
-0.60000E+01 -0.84160E-01
-0.61000E+01 -0.87002E-01
-0.62000E+01 -0.87198E-01
-0.63000E+01 -0.10498E+00
-0.64000E+01 -0.10505E+00
-0.65000E+01 -0.10511E+00
-0.66000E+01 -0.10516E+00
-0.67000E+01 -0.10519E+00
-0.68000E+01 -0.10522E+00
-0.69000E+01 -0.10525E+00
-0.70000E+01 -0.10527E+00
-0.71000E+01 -0.10528E+00
-0.72000E+01 -0.10529E+00
-0.73000E+01 -0.10530E+00
-0.74000E+01 -0.10531E+00
-0.75000E+01 -0.10531E+00
-0.76000E+01 -0.10532E+00
-0.77000E+01 -0.10532E+00
-0.78000E+01 -0.10533E+00
-0.79000E+01 -0.10533E+00
-0.80000E+01 -0.10533E+00
 zone T = "Var            2 : IMEX",
 0.00000E+00  0.48737E+01
-0.10000E+00  0.48706E+01
-0.20000E+00  0.48893E+01
-0.30000E+00  0.49884E+01
-0.40000E+00  0.55478E+01
-0.50000E+00  0.45373E+01
-0.60000E+00  0.41886E+01
-0.70000E+00  0.40684E+01
-0.80000E+00  0.40244E+01
-0.90000E+00  0.39535E+01
-0.10000E+01  0.38500E+01
-0.11000E+01  0.38281E+01
-0.12000E+01  0.37291E+01
-0.13000E+01  0.36345E+01
-0.14000E+01  0.35895E+01
-0.15000E+01  0.35000E+01
-0.16000E+01  0.34070E+01
-0.17000E+01  0.33122E+01
-0.18000E+01  0.32172E+01
-0.19000E+01  0.31515E+01
-0.20000E+01  0.30597E+01
-0.21000E+01  0.29835E+01
-0.22000E+01  0.29032E+01
-0.23000E+01  0.28237E+01
-0.24000E+01  0.27434E+01
-0.25000E+01  0.27035E+01
-0.26000E+01  0.26393E+01
-0.27000E+01  0.25753E+01
-0.28000E+01  0.25179E+01
-0.29000E+01  0.24674E+01
-0.30000E+01  0.24181E+01
-0.31000E+01  0.23778E+01
-0.32000E+01  0.23399E+01
-0.33000E+01  0.23073E+01
-0.34000E+01  0.22791E+01
-0.35000E+01  0.22625E+01
-0.36000E+01  0.22409E+01
-0.37000E+01  0.22198E+01
-0.38000E+01  0.22107E+01
-0.39000E+01  0.22078E+01
-0.40000E+01  0.22183E+01
-0.41000E+01  0.22381E+01
-0.42000E+01  0.22633E+01
-0.43000E+01  0.22994E+01
-0.44000E+01  0.30264E+01
-0.45000E+01  0.29918E+01
-0.46000E+01  0.24392E+01
-0.47000E+01  0.24916E+01
-0.48000E+01  0.29128E+01
-0.49000E+01  0.29010E+01
-0.50000E+01  0.28617E+01
-0.51000E+01  0.28448E+01
-0.52000E+01  0.28345E+01
-0.53000E+01  0.28394E+01
-0.54000E+01  0.28504E+01
-0.55000E+01  0.28652E+01
-0.56000E+01  0.28811E+01
-0.57000E+01  0.29102E+01
-0.58000E+01  0.29383E+01
-0.59000E+01  0.29525E+01
-0.60000E+01  0.29741E+01
-0.61000E+01  0.29843E+01
-0.62000E+01  0.29994E+01
-0.63000E+01  0.30066E+01
-0.64000E+01  0.30129E+01
-0.65000E+01  0.30200E+01
-0.66000E+01  0.30238E+01
-0.67000E+01  0.30275E+01
-0.68000E+01  0.30291E+01
-0.69000E+01  0.30307E+01
-0.70000E+01  0.30327E+01
-0.71000E+01  0.30340E+01
-0.72000E+01  0.30353E+01
-0.73000E+01  0.30357E+01
-0.74000E+01  0.30364E+01
-0.75000E+01  0.30375E+01
-0.76000E+01  0.30372E+01
-0.77000E+01  0.30379E+01
-0.78000E+01  0.30380E+01
-0.79000E+01  0.30385E+01
-0.80000E+01  0.30387E+01
 zone T = "Var            2 : Predicted",
 0.00000E+00  0.82811E+00
-0.10000E+00  0.82685E+00
-0.20000E+00  0.81716E+00
-0.30000E+00  0.81200E+00
-0.40000E+00  0.77529E+00
-0.50000E+00  0.80065E+00
-0.60000E+00  0.80601E+00
-0.70000E+00  0.81252E+00
-0.80000E+00  0.82310E+00
-0.90000E+00  0.83535E+00
-0.10000E+01  0.85118E+00
-0.11000E+01  0.87008E+00
-0.12000E+01  0.88712E+00
-0.13000E+01  0.90339E+00
-0.14000E+01  0.91732E+00
-0.15000E+01  0.92987E+00
-0.16000E+01  0.94037E+00
-0.17000E+01  0.94869E+00
-0.18000E+01  0.95487E+00
-0.19000E+01  0.95733E+00
-0.20000E+01  0.95997E+00
-0.21000E+01  0.96130E+00
-0.22000E+01  0.96156E+00
-0.23000E+01  0.96097E+00
-0.24000E+01  0.95977E+00
-0.25000E+01  0.95722E+00
-0.26000E+01  0.95549E+00
-0.27000E+01  0.95360E+00
-0.28000E+01  0.95163E+00
-0.29000E+01  0.94965E+00
-0.30000E+01  0.94773E+00
-0.31000E+01  0.94587E+00
-0.32000E+01  0.94412E+00
-0.33000E+01  0.94248E+00
-0.34000E+01  0.94096E+00
-0.35000E+01  0.94053E+00
-0.36000E+01  0.93942E+00
-0.37000E+01  0.93710E+00
-0.38000E+01  0.93435E+00
-0.39000E+01  0.93134E+00
-0.40000E+01  0.92843E+00
-0.41000E+01  0.92609E+00
-0.42000E+01  0.92490E+00
-0.43000E+01  0.92530E+00
-0.44000E+01  0.98762E+00
-0.45000E+01  0.98841E+00
-0.46000E+01  0.93715E+00
-0.47000E+01  0.94387E+00
-0.48000E+01  0.99357E+00
-0.49000E+01  0.99397E+00
-0.50000E+01  0.99717E+00
-0.51000E+01  0.10000E+01
-0.52000E+01  0.10025E+01
-0.53000E+01  0.10069E+01
-0.54000E+01  0.10106E+01
-0.55000E+01  0.10137E+01
-0.56000E+01  0.10162E+01
-0.57000E+01  0.10196E+01
-0.58000E+01  0.10224E+01
-0.59000E+01  0.10236E+01
-0.60000E+01  0.10255E+01
-0.61000E+01  0.10262E+01
-0.62000E+01  0.10277E+01
-0.63000E+01  0.10281E+01
-0.64000E+01  0.10284E+01
-0.65000E+01  0.10295E+01
-0.66000E+01  0.10297E+01
-0.67000E+01  0.10299E+01
-0.68000E+01  0.10300E+01
-0.69000E+01  0.10301E+01
-0.70000E+01  0.10302E+01
-0.71000E+01  0.10302E+01
-0.72000E+01  0.10303E+01
-0.73000E+01  0.10303E+01
-0.74000E+01  0.10304E+01
-0.75000E+01  0.10304E+01
-0.76000E+01  0.10304E+01
-0.77000E+01  0.10304E+01
-0.78000E+01  0.10304E+01
-0.79000E+01  0.10304E+01
-0.80000E+01  0.10304E+01
 zone T = "Var            3 : IMEX",
 0.00000E+00  0.67201E+01
-0.10000E+00  0.43745E+01
-0.20000E+00  0.41725E+01
-0.30000E+00  0.42310E+01
-0.40000E+00  0.42054E+01
-0.50000E+00  0.41564E+01
-0.60000E+00  0.41300E+01
-0.70000E+00  0.40771E+01
-0.80000E+00  0.40050E+01
-0.90000E+00  0.39238E+01
-0.10000E+01  0.38393E+01
-0.11000E+01  0.37544E+01
-0.12000E+01  0.37013E+01
-0.13000E+01  0.36161E+01
-0.14000E+01  0.35289E+01
-0.15000E+01  0.34400E+01
-0.16000E+01  0.33472E+01
-0.17000E+01  0.32879E+01
-0.18000E+01  0.31945E+01
-0.19000E+01  0.30991E+01
-0.20000E+01  0.30070E+01
-0.21000E+01  0.29160E+01
-0.22000E+01  0.28270E+01
-0.23000E+01  0.27762E+01
-0.24000E+01  0.26940E+01
-0.25000E+01  0.26155E+01
-0.26000E+01  0.25406E+01
-0.27000E+01  0.24688E+01
-0.28000E+01  0.24015E+01
-0.29000E+01  0.23390E+01
-0.30000E+01  0.23100E+01
-0.31000E+01  0.22549E+01
-0.32000E+01  0.22039E+01
-0.33000E+01  0.21565E+01
-0.34000E+01  0.21132E+01
-0.35000E+01  0.20747E+01
-0.36000E+01  0.20176E+01
-0.37000E+01  0.19680E+01
-0.38000E+01  0.19259E+01
-0.39000E+01  0.18915E+01
-0.40000E+01  0.18649E+01
-0.41000E+01  0.18462E+01
-0.42000E+01  0.18349E+01
-0.43000E+01  0.18306E+01
-0.44000E+01  0.18329E+01
-0.45000E+01  0.18411E+01
-0.46000E+01  0.18545E+01
-0.47000E+01  0.18723E+01
-0.48000E+01  0.18939E+01
-0.49000E+01  0.19188E+01
-0.50000E+01  0.19463E+01
-0.51000E+01  0.19761E+01
-0.52000E+01  0.20075E+01
-0.53000E+01  0.20403E+01
-0.54000E+01  0.20738E+01
-0.55000E+01  0.21083E+01
-0.56000E+01  0.21429E+01
-0.57000E+01  0.21775E+01
-0.58000E+01  0.22125E+01
-0.59000E+01  0.22468E+01
-0.60000E+01  0.22808E+01
-0.61000E+01  0.23140E+01
-0.62000E+01  0.23463E+01
-0.63000E+01  0.23775E+01
-0.64000E+01  0.24087E+01
-0.65000E+01  0.24366E+01
-0.66000E+01  0.24654E+01
-0.67000E+01  0.24929E+01
-0.68000E+01  0.25321E+01
-0.69000E+01  0.25872E+01
-0.70000E+01  0.26215E+01
-0.71000E+01  0.26610E+01
-0.72000E+01  0.26860E+01
-0.73000E+01  0.26967E+01
-0.74000E+01  0.27131E+01
-0.75000E+01  0.27240E+01
-0.76000E+01  0.27289E+01
-0.77000E+01  0.27330E+01
-0.78000E+01  0.27387E+01
-0.79000E+01  0.27415E+01
-0.80000E+01  0.27436E+01
 zone T = "Var            3 : Predicted",
 0.00000E+00  0.88748E+00
-0.10000E+00  0.90714E+00
-0.20000E+00  0.91336E+00
-0.30000E+00  0.91860E+00
-0.40000E+00  0.93085E+00
-0.50000E+00  0.94266E+00
-0.60000E+00  0.95816E+00
-0.70000E+00  0.97629E+00
-0.80000E+00  0.99638E+00
-0.90000E+00  0.10180E+01
-0.10000E+01  0.10402E+01
-0.11000E+01  0.10613E+01
-0.12000E+01  0.10746E+01
-0.13000E+01  0.10906E+01
-0.14000E+01  0.11040E+01
-0.15000E+01  0.11147E+01
-0.16000E+01  0.11228E+01
-0.17000E+01  0.11219E+01
-0.18000E+01  0.11256E+01
-0.19000E+01  0.11274E+01
-0.20000E+01  0.11277E+01
-0.21000E+01  0.11268E+01
-0.22000E+01  0.11249E+01
-0.23000E+01  0.11169E+01
-0.24000E+01  0.11139E+01
-0.25000E+01  0.11104E+01
-0.26000E+01  0.11067E+01
-0.27000E+01  0.11028E+01
-0.28000E+01  0.10988E+01
-0.29000E+01  0.10948E+01
-0.30000E+01  0.10875E+01
-0.31000E+01  0.10838E+01
-0.32000E+01  0.10803E+01
-0.33000E+01  0.10768E+01
-0.34000E+01  0.10735E+01
-0.35000E+01  0.10703E+01
-0.36000E+01  0.10691E+01
-0.37000E+01  0.10676E+01
-0.38000E+01  0.10657E+01
-0.39000E+01  0.10635E+01
-0.40000E+01  0.10615E+01
-0.41000E+01  0.10598E+01
-0.42000E+01  0.10589E+01
-0.43000E+01  0.10592E+01
-0.44000E+01  0.10609E+01
-0.45000E+01  0.10638E+01
-0.46000E+01  0.10680E+01
-0.47000E+01  0.10729E+01
-0.48000E+01  0.10784E+01
-0.49000E+01  0.10841E+01
-0.50000E+01  0.10897E+01
-0.51000E+01  0.10950E+01
-0.52000E+01  0.10999E+01
-0.53000E+01  0.11044E+01
-0.54000E+01  0.11083E+01
-0.55000E+01  0.11117E+01
-0.56000E+01  0.11146E+01
-0.57000E+01  0.11171E+01
-0.58000E+01  0.11191E+01
-0.59000E+01  0.11208E+01
-0.60000E+01  0.11222E+01
-0.61000E+01  0.11233E+01
-0.62000E+01  0.11243E+01
-0.63000E+01  0.11250E+01
-0.64000E+01  0.11256E+01
-0.65000E+01  0.11261E+01
-0.66000E+01  0.11265E+01
-0.67000E+01  0.11268E+01
-0.68000E+01  0.11301E+01
-0.69000E+01  0.11368E+01
-0.70000E+01  0.11403E+01
-0.71000E+01  0.11475E+01
-0.72000E+01  0.11513E+01
-0.73000E+01  0.11513E+01
-0.74000E+01  0.11552E+01
-0.75000E+01  0.11593E+01
-0.76000E+01  0.11593E+01
-0.77000E+01  0.11593E+01
-0.78000E+01  0.11593E+01
-0.79000E+01  0.11635E+01
-0.80000E+01  0.11635E+01
