 zone T = "Differential Variable - IMPLICIT",
 0.00000E+00  0.39744E+01
-0.10000E+00  0.39904E+01
-0.20000E+00  0.39901E+01
-0.30000E+00  0.39911E+01
-0.40000E+00  0.39922E+01
-0.50000E+00  0.39887E+01
-0.60000E+00  0.39922E+01
-0.70000E+00  0.39946E+01
-0.80000E+00  0.39897E+01
-0.90000E+00  0.39898E+01
-0.10000E+01  0.39923E+01
-0.11000E+01  0.39907E+01
-0.12000E+01  0.39912E+01
-0.13000E+01  0.39906E+01
-0.14000E+01  0.39942E+01
-0.15000E+01  0.39919E+01
-0.16000E+01  0.39908E+01
-0.17000E+01  0.39893E+01
-0.18000E+01  0.39942E+01
-0.19000E+01  0.39893E+01
-0.20000E+01  0.39927E+01
-0.21000E+01  0.39940E+01
-0.22000E+01  0.39909E+01
-0.23000E+01  0.39893E+01
-0.24000E+01  0.39901E+01
-0.25000E+01  0.39900E+01
-0.26000E+01  0.39893E+01
-0.27000E+01  0.39959E+01
-0.28000E+01  0.39892E+01
-0.29000E+01  0.39894E+01
-0.30000E+01  0.39901E+01
-0.31000E+01  0.39910E+01
-0.32000E+01  0.39945E+01
-0.33000E+01  0.39918E+01
-0.34000E+01  0.39925E+01
-0.35000E+01  0.39912E+01
-0.36000E+01  0.39932E+01
-0.37000E+01  0.39935E+01
-0.38000E+01  0.39896E+01
-0.39000E+01  0.39904E+01
-0.40000E+01  0.39893E+01
-0.41000E+01  0.39906E+01
-0.42000E+01  0.39948E+01
-0.43000E+01  0.39910E+01
-0.44000E+01  0.39911E+01
-0.45000E+01  0.39899E+01
-0.46000E+01  0.39889E+01
-0.47000E+01  0.39943E+01
-0.48000E+01  0.39920E+01
-0.49000E+01  0.39896E+01
-0.50000E+01  0.39921E+01
-0.51000E+01  0.39906E+01
-0.52000E+01  0.39911E+01
-0.53000E+01  0.39936E+01
-0.54000E+01  0.39898E+01
-0.55000E+01  0.39942E+01
-0.56000E+01  0.39916E+01
-0.57000E+01  0.39917E+01
-0.58000E+01  0.39917E+01
-0.59000E+01  0.39906E+01
-0.60000E+01  0.39920E+01
-0.61000E+01  0.39911E+01
-0.62000E+01  0.39911E+01
-0.63000E+01  0.39932E+01
-0.64000E+01  0.39933E+01
-0.65000E+01  0.39906E+01
-0.66000E+01  0.39922E+01
-0.67000E+01  0.39906E+01
-0.68000E+01  0.39923E+01
-0.69000E+01  0.39897E+01
-0.70000E+01  0.39903E+01
-0.71000E+01  0.39888E+01
-0.72000E+01  0.39910E+01
-0.73000E+01  0.39900E+01
-0.74000E+01  0.39927E+01
-0.75000E+01  0.39918E+01
-0.76000E+01  0.39936E+01
-0.77000E+01  0.39915E+01
-0.78000E+01  0.39904E+01
-0.79000E+01  0.39903E+01
-0.80000E+01  0.39936E+01
 zone T = "Differential Variable - IMPLICIT",
 0.00000E+00  0.40005E+01
-0.10000E+00  0.39998E+01
-0.20000E+00  0.40026E+01
-0.30000E+00  0.39995E+01
-0.40000E+00  0.40010E+01
-0.50000E+00  0.39822E+01
-0.60000E+00  0.40015E+01
-0.70000E+00  0.40004E+01
-0.80000E+00  0.39802E+01
-0.90000E+00  0.40008E+01
-0.10000E+01  0.40009E+01
-0.11000E+01  0.39804E+01
-0.12000E+01  0.39792E+01
-0.13000E+01  0.39792E+01
-0.14000E+01  0.39981E+01
-0.15000E+01  0.39797E+01
-0.16000E+01  0.39790E+01
-0.17000E+01  0.39792E+01
-0.18000E+01  0.39789E+01
-0.19000E+01  0.39798E+01
-0.20000E+01  0.39788E+01
-0.21000E+01  0.39793E+01
-0.22000E+01  0.39802E+01
-0.23000E+01  0.39800E+01
-0.24000E+01  0.39796E+01
-0.25000E+01  0.39793E+01
-0.26000E+01  0.39795E+01
-0.27000E+01  0.39995E+01
-0.28000E+01  0.39800E+01
-0.29000E+01  0.39792E+01
-0.30000E+01  0.39995E+01
-0.31000E+01  0.39812E+01
-0.32000E+01  0.39968E+01
-0.33000E+01  0.39802E+01
-0.34000E+01  0.39798E+01
-0.35000E+01  0.39790E+01
-0.36000E+01  0.39784E+01
-0.37000E+01  0.39785E+01
-0.38000E+01  0.39802E+01
-0.39000E+01  0.39801E+01
-0.40000E+01  0.39797E+01
-0.41000E+01  0.39800E+01
-0.42000E+01  0.39792E+01
-0.43000E+01  0.39805E+01
-0.44000E+01  0.39800E+01
-0.45000E+01  0.39812E+01
-0.46000E+01  0.39793E+01
-0.47000E+01  0.39790E+01
-0.48000E+01  0.39795E+01
-0.49000E+01  0.39798E+01
-0.50000E+01  0.40001E+01
-0.51000E+01  0.39812E+01
-0.52000E+01  0.39808E+01
-0.53000E+01  0.39789E+01
-0.54000E+01  0.39806E+01
-0.55000E+01  0.39994E+01
-0.56000E+01  0.39787E+01
-0.57000E+01  0.39784E+01
-0.58000E+01  0.39801E+01
-0.59000E+01  0.39804E+01
-0.60000E+01  0.39787E+01
-0.61000E+01  0.39785E+01
-0.62000E+01  0.39792E+01
-0.63000E+01  0.39792E+01
-0.64000E+01  0.39790E+01
-0.65000E+01  0.39987E+01
-0.66000E+01  0.39790E+01
-0.67000E+01  0.39976E+01
-0.68000E+01  0.39796E+01
-0.69000E+01  0.39804E+01
-0.70000E+01  0.39809E+01
-0.71000E+01  0.39817E+01
-0.72000E+01  0.39815E+01
-0.73000E+01  0.39806E+01
-0.74000E+01  0.39794E+01
-0.75000E+01  0.40001E+01
-0.76000E+01  0.39997E+01
-0.77000E+01  0.39790E+01
-0.78000E+01  0.39785E+01
-0.79000E+01  0.39792E+01
-0.80000E+01  0.40001E+01
 zone T = "Algebraic Variable - IMPLICIT",
 0.00000E+00  0.40181E+01
-0.10000E+00  0.39792E+01
-0.20000E+00  0.39443E+01
-0.30000E+00  0.39417E+01
-0.40000E+00  0.39284E+01
-0.50000E+00  0.39031E+01
-0.60000E+00  0.39231E+01
-0.70000E+00  0.38769E+01
-0.80000E+00  0.38006E+01
-0.90000E+00  0.35464E+01
-0.10000E+01  0.33784E+01
-0.11000E+01  0.33688E+01
-0.12000E+01  0.33216E+01
-0.13000E+01  0.36240E+01
-0.14000E+01  0.37436E+01
-0.15000E+01  0.38006E+01
-0.16000E+01  0.38348E+01
-0.17000E+01  0.38617E+01
-0.18000E+01  0.38750E+01
-0.19000E+01  0.38884E+01
-0.20000E+01  0.38984E+01
-0.21000E+01  0.39000E+01
-0.22000E+01  0.39025E+01
-0.23000E+01  0.39004E+01
-0.24000E+01  0.39011E+01
-0.25000E+01  0.38990E+01
-0.26000E+01  0.38993E+01
-0.27000E+01  0.38937E+01
-0.28000E+01  0.38938E+01
-0.29000E+01  0.38906E+01
-0.30000E+01  0.38906E+01
-0.31000E+01  0.38907E+01
-0.32000E+01  0.38907E+01
-0.33000E+01  0.38878E+01
-0.34000E+01  0.38878E+01
-0.35000E+01  0.38872E+01
-0.36000E+01  0.38872E+01
-0.37000E+01  0.38914E+01
-0.38000E+01  0.38914E+01
-0.39000E+01  0.38917E+01
-0.40000E+01  0.38917E+01
-0.41000E+01  0.38831E+01
-0.42000E+01  0.38831E+01
-0.43000E+01  0.39016E+01
-0.44000E+01  0.39016E+01
-0.45000E+01  0.38995E+01
-0.46000E+01  0.38995E+01
-0.47000E+01  0.39347E+01
-0.48000E+01  0.39347E+01
-0.49000E+01  0.39332E+01
-0.50000E+01  0.39332E+01
-0.51000E+01  0.39917E+01
-0.52000E+01  0.40109E+01
-0.53000E+01  0.40109E+01
-0.54000E+01  0.40109E+01
-0.55000E+01  0.40126E+01
-0.56000E+01  0.40126E+01
-0.57000E+01  0.41338E+01
-0.58000E+01  0.45727E+01
-0.59000E+01  0.45727E+01
-0.60000E+01  0.48043E+01
-0.61000E+01  0.48043E+01
-0.62000E+01  0.48900E+01
-0.63000E+01  0.48900E+01
-0.64000E+01  0.49075E+01
-0.65000E+01  0.49075E+01
-0.66000E+01  0.49075E+01
-0.67000E+01  0.49009E+01
-0.68000E+01  0.49009E+01
-0.69000E+01  0.49008E+01
-0.70000E+01  0.49009E+01
-0.71000E+01  0.49009E+01
-0.72000E+01  0.49010E+01
-0.73000E+01  0.49009E+01
-0.74000E+01  0.49009E+01
-0.75000E+01  0.49009E+01
-0.76000E+01  0.49008E+01
-0.77000E+01  0.49008E+01
-0.78000E+01  0.49011E+01
-0.79000E+01  0.49011E+01
-0.80000E+01  0.49006E+01
