 zone T = "ep =    1.00000000000000      ",
   2.39794000867204       -10.9003348574647     
   2.44794000867204       -11.1092884771578     
   2.49794000867204       -11.3193382722080     
   2.54794000867204       -11.5049682741770     
   2.59794000867204       -11.7128323115499     
   2.64794000867204       -11.9139629450341     
   2.69794000867204       -12.1058769311329     
   2.74794000867204       -12.3102314535039     
   2.79794000867204       -12.5058473289300     
   2.84794000867204       -12.7078727939983     
   2.89794000867204       -12.9143570982977     
   2.94794000867204       -13.1168127451735     
   2.99794000867204       -13.3189632348974     
   3.04794000867204       -13.5229550436326     
   3.09794000867204       -13.7173329354781     
   3.14794000867204       -13.9084743259851     
   3.19794000867204       -14.0672075805768     
   3.24794000867204       -14.1695322876583     
   3.29794000867204       -14.1998535692447     
   3.34794000867204       -14.1988836342462     
   3.39794000867204       -14.2264589587574     
   3.44794000867204       -14.2052945129213     
   3.49794000867204       -14.2163828605197     
   3.54794000867204       -14.1950066048049     
   3.59794000867204       -14.1962059182369     
   3.64794000867204       -14.2059575255288     
   3.69794000867204       -14.2001151241175     
   3.74794000867204       -14.1997643555247     
   3.79794000867204       -14.1719204794970     
   3.84794000867204       -14.1889062023431     
   3.89794000867204       -14.2039087410910     
   3.94794000867204       -14.1889294019189     
   3.99794000867204       -14.1930810233045     
   4.04794000867204       -14.2063974155167     
   4.09794000867204       -14.1877270698564     
   4.14794000867204       -14.1961950601877     
   4.19794000867204       -14.2030004329248     
   4.24794000867204       -14.1890934410803     
   4.29794000867204       -14.1992858513819     
   4.34794000867204       -14.2397410537270     
   4.39794000867204       -14.1760256353936     
   4.44794000867204       -14.1779099920524     
   4.49794000867204       -14.1677058217632     
   4.54794000867204       -14.1620727798476     
   4.59794000867204       -14.2304897178071     
   4.64794000867204       -14.1578781452619     
   4.69794000867204       -14.1577174890369     
   4.74794000867204       -14.1794153895268     
   4.79794000867204       -14.1859232724314     
   4.84794000867204       -14.2051484273749     
   4.89794000867204       -14.1747930747576     
   4.94794000867204       -14.1590522468549     
   4.99794000867204       -14.1502711867306     
   5.04794000867204       -14.1011089279310     
   5.09794000867204       -14.1384054185544     
   5.14794000867204       -14.1195132475949     
   5.19794000867204       -14.1721638453955     
   5.24794000867204       -14.0741868774369     
   5.29794000867204       -14.0918540955465     
   5.34794000867204       -14.1337284207091     
   5.39794000867204       -14.0796615502331     
   5.44794000867204       -14.2112306696739     
   5.49794000867204       -14.0734650694073     
   5.54794000867204       -14.0035141435131     
   5.59794000867204       -14.0802184409943     
   5.64794000867204       -14.0086505908903     
   5.69794000867204       -14.0850326949048     
   5.74794000867204       -13.8795629963189     
   5.79794000867204       -13.9397771777137     
   5.84794000867204       -13.9832476838095     
   5.89794000867204       -14.0053778141270     
 zone T = "ep =   0.794328234724281      ",
   2.39794000867204       -10.7103909447819     
   2.44794000867204       -10.9193803191805     
   2.49794000867204       -11.1294766426626     
   2.54794000867204       -11.3150872303069     
   2.59794000867204       -11.5229578529994     
   2.64794000867204       -11.7240986042826     
   2.69794000867204       -11.9159503736468     
   2.74794000867204       -12.1203192994062     
   2.79794000867204       -12.3158012908669     
   2.84794000867204       -12.5178327801685     
   2.89794000867204       -12.7243453095219     
   2.94794000867204       -12.9255228482230     
   2.99794000867204       -13.1292274969730     
   3.04794000867204       -13.3348873440046     
   3.09794000867204       -13.5387811925789     
   3.14794000867204       -13.7439782282118     
   3.19794000867204       -13.9390366152515     
   3.24794000867204       -14.1018894643757     
   3.29794000867204       -14.1793707161592     
   3.34794000867204       -14.2103179819483     
   3.39794000867204       -14.2051161587364     
   3.44794000867204       -14.2285928711541     
   3.49794000867204       -14.2088372458698     
   3.54794000867204       -14.2022478948428     
   3.59794000867204       -14.1863714532835     
   3.64794000867204       -14.1852292845696     
   3.69794000867204       -14.1924652603412     
   3.74794000867204       -14.1881449317191     
   3.79794000867204       -14.1797950502691     
   3.84794000867204       -14.1904506103428     
   3.89794000867204       -14.1784505814566     
   3.94794000867204       -14.1804492971188     
   3.99794000867204       -14.1924718558040     
   4.04794000867204       -14.1680317499612     
   4.09794000867204       -14.1854929549247     
   4.14794000867204       -14.2012791275290     
   4.19794000867204       -14.1761216068779     
   4.24794000867204       -14.1921463805090     
   4.29794000867204       -14.1825315141850     
   4.34794000867204       -14.1710209649673     
   4.39794000867204       -14.1596598933703     
   4.44794000867204       -14.2155896385500     
   4.49794000867204       -14.1665991657850     
   4.54794000867204       -14.1769338860599     
   4.59794000867204       -14.1882633312605     
   4.64794000867204       -14.1759866003082     
   4.69794000867204       -14.1979679608625     
   4.74794000867204       -14.1481051768078     
   4.79794000867204       -14.1528281365346     
   4.84794000867204       -14.1699846817152     
   4.89794000867204       -14.1200821385961     
   4.94794000867204       -14.0965902129094     
   4.99794000867204       -14.1883053743722     
   5.04794000867204       -14.1856192568976     
   5.09794000867204       -14.1231992307364     
   5.14794000867204       -14.1280340360732     
   5.19794000867204       -14.1788252224428     
   5.24794000867204       -14.1973937272037     
   5.29794000867204       -14.0952001391268     
   5.34794000867204       -14.0569754550740     
   5.39794000867204       -14.0417550261030     
   5.44794000867204       -14.1197775335324     
   5.49794000867204       -14.0379566842728     
   5.54794000867204       -13.9874818309160     
   5.59794000867204       -13.9980081049288     
   5.64794000867204       -13.9703818629340     
   5.69794000867204       -14.0453783580528     
   5.74794000867204       -13.9289189800177     
   5.79794000867204       -13.9587459283744     
   5.84794000867204       -14.0301424896752     
   5.89794000867204       -13.9277782343115     
 zone T = "ep =   0.630957344480193      ",
   2.39794000867204       -10.5189684902550     
   2.44794000867204       -10.7279675387612     
   2.49794000867204       -10.9380449994563     
   2.54794000867204       -11.1236274884855     
   2.59794000867204       -11.3314162284730     
   2.64794000867204       -11.5323974834259     
   2.69794000867204       -11.7239973830925     
   2.74794000867204       -11.9280051183545     
   2.79794000867204       -12.1228366248650     
   2.84794000867204       -12.3238547415830     
   2.89794000867204       -12.5288195821781     
   2.94794000867204       -12.7275638743071     
   2.99794000867204       -12.9273798011904     
   3.04794000867204       -13.1282314778859     
   3.09794000867204       -13.3232399185311     
   3.14794000867204       -13.5220306777468     
   3.19794000867204       -13.7134222913815     
   3.24794000867204       -13.8872204579413     
   3.29794000867204       -14.0297299050770     
   3.34794000867204       -14.1321313328406     
   3.39794000867204       -14.1825809540692     
   3.44794000867204       -14.2098923590569     
   3.49794000867204       -14.1903393111350     
   3.54794000867204       -14.1966758559930     
   3.59794000867204       -14.1983353731568     
   3.64794000867204       -14.2030947158867     
   3.69794000867204       -14.2090791835331     
   3.74794000867204       -14.2266637477412     
   3.79794000867204       -14.2018377848784     
   3.84794000867204       -14.2017530473841     
   3.89794000867204       -14.2033058024031     
   3.94794000867204       -14.2409322928661     
   3.99794000867204       -14.2040927864044     
   4.04794000867204       -14.2410871175048     
   4.09794000867204       -14.1766035163620     
   4.14794000867204       -14.1926647348186     
   4.19794000867204       -14.2092939784586     
   4.24794000867204       -14.1859188419652     
   4.29794000867204       -14.2249029513094     
   4.34794000867204       -14.1833988280992     
   4.39794000867204       -14.1748019609036     
   4.44794000867204       -14.2148403549542     
   4.49794000867204       -14.2043814737843     
   4.54794000867204       -14.1839283776719     
   4.59794000867204       -14.2457569461396     
   4.64794000867204       -14.1521170708440     
   4.69794000867204       -14.2268384161196     
   4.74794000867204       -14.2044554480754     
   4.79794000867204       -14.1297559844038     
   4.84794000867204       -14.1295628059469     
   4.89794000867204       -14.1122024936484     
   4.94794000867204       -14.1303781251149     
   4.99794000867204       -14.1754809459288     
   5.04794000867204       -14.1804684989476     
   5.09794000867204       -14.1026728165855     
   5.14794000867204       -14.0725133839163     
   5.19794000867204       -14.0793314993180     
   5.24794000867204       -14.1366732156838     
   5.29794000867204       -14.1420485487052     
   5.34794000867204       -14.0807870771529     
   5.39794000867204       -14.0377493286563     
   5.44794000867204       -14.2269103442769     
   5.49794000867204       -14.1148465373203     
   5.54794000867204       -14.1374507415005     
   5.59794000867204       -14.1544113700883     
   5.64794000867204       -13.9649383176593     
   5.69794000867204       -13.9508500731930     
   5.74794000867204       -13.9409645118557     
   5.79794000867204       -13.9354792277767     
   5.84794000867204       -13.8920360192591     
   5.89794000867204       -13.9730019887100     
 zone T = "ep =   0.501187233627272      ",
   2.39794000867204       -10.3326331810797     
   2.44794000867204       -10.5416676443887     
   2.49794000867204       -10.7517796012038     
   2.54794000867204       -10.9374326477778     
   2.59794000867204       -11.1452675906931     
   2.64794000867204       -11.3463276253978     
   2.69794000867204       -11.5380376670068     
   2.74794000867204       -11.7421778728673     
   2.79794000867204       -11.9371819868373     
   2.84794000867204       -12.1385464734100     
   2.89794000867204       -12.3440625697959     
   2.94794000867204       -12.5434624359312     
   2.99794000867204       -12.7450578466242     
   3.04794000867204       -12.9476496166933     
   3.09794000867204       -13.1475529074699     
   3.14794000867204       -13.3530806398796     
   3.19794000867204       -13.5537588026369     
   3.24794000867204       -13.7510854283901     
   3.29794000867204       -13.9251246593171     
   3.34794000867204       -14.0322504857739     
   3.39794000867204       -14.0987293127023     
   3.44794000867204       -14.1211374546113     
   3.49794000867204       -14.1164630813450     
   3.54794000867204       -14.1146654630451     
   3.59794000867204       -14.1085982539450     
   3.64794000867204       -14.1095346653170     
   3.69794000867204       -14.0850893107376     
   3.74794000867204       -14.1073944685145     
   3.79794000867204       -14.0955105861012     
   3.84794000867204       -14.0981608819091     
   3.89794000867204       -14.1173863505047     
   3.94794000867204       -14.0983204889322     
   3.99794000867204       -14.1090870337513     
   4.04794000867204       -14.1131185173722     
   4.09794000867204       -14.1028926894291     
   4.14794000867204       -14.0955112353582     
   4.19794000867204       -14.0905318226957     
   4.24794000867204       -14.1396990764909     
   4.29794000867204       -14.1241092539774     
   4.34794000867204       -14.0697511316319     
   4.39794000867204       -14.0970659169824     
   4.44794000867204       -14.1018921388375     
   4.49794000867204       -14.0622262534390     
   4.54794000867204       -14.1068566213840     
   4.59794000867204       -14.0662491075540     
   4.64794000867204       -14.0748617919739     
   4.69794000867204       -14.0823534305411     
   4.74794000867204       -14.1181866777530     
   4.79794000867204       -14.0614800565854     
   4.84794000867204       -14.0338618842253     
   4.89794000867204       -14.0476444035569     
   4.94794000867204       -14.0424528522482     
   4.99794000867204       -14.1649418637175     
   5.04794000867204       -14.0314441731700     
   5.09794000867204       -14.1109650227445     
   5.14794000867204       -14.0583340102638     
   5.19794000867204       -14.0681090597879     
   5.24794000867204       -14.0703065592180     
   5.29794000867204       -14.1224131398857     
   5.34794000867204       -14.0358552313671     
   5.39794000867204       -14.0734357425438     
   5.44794000867204       -14.0994811585052     
   5.49794000867204       -13.9831880693963     
   5.54794000867204       -13.9322975370324     
   5.59794000867204       -13.9724536924537     
   5.64794000867204       -13.9090986009309     
   5.69794000867204       -13.8991407100492     
   5.74794000867204       -13.8816290187828     
   5.79794000867204       -13.8960567113679     
   5.84794000867204       -13.9218950406045     
   5.89794000867204       -14.0231113098304     
 zone T = "ep =   0.398107170553497      ",
   2.39794000867204       -10.1587633513614     
   2.44794000867204       -10.3678138714101     
   2.49794000867204       -10.5779245044324     
   2.54794000867204       -10.7636258657700     
   2.59794000867204       -10.9714295812758     
   2.64794000867204       -11.1724460514707     
   2.69794000867204       -11.3640881393844     
   2.74794000867204       -11.5680724887960     
   2.79794000867204       -11.7628198828730     
   2.84794000867204       -11.9638196385526     
   2.89794000867204       -12.1685919652984     
   2.94794000867204       -12.3670166213551     
   2.99794000867204       -12.5668002577368     
   3.04794000867204       -12.7674950311461     
   3.09794000867204       -12.9634402784624     
   3.14794000867204       -13.1640137781412     
   3.19794000867204       -13.3626646301888     
   3.24794000867204       -13.5608895621232     
   3.29794000867204       -13.7532518398960     
   3.34794000867204       -13.9251802114762     
   3.39794000867204       -14.0705231681358     
   3.44794000867204       -14.1691222922313     
   3.49794000867204       -14.2407037941367     
   3.54794000867204       -14.2516459118824     
   3.59794000867204       -14.2544752996417     
   3.64794000867204       -14.2824343215627     
   3.69794000867204       -14.2636439073997     
   3.74794000867204       -14.2681175820681     
   3.79794000867204       -14.2842557916859     
   3.84794000867204       -14.2500831264109     
   3.89794000867204       -14.2538417078931     
   3.94794000867204       -14.2598565218359     
   3.99794000867204       -14.2950334859556     
   4.04794000867204       -14.2782528515326     
   4.09794000867204       -14.2679785547132     
   4.14794000867204       -14.2364329463513     
   4.19794000867204       -14.2748758483469     
   4.24794000867204       -14.2525653227993     
   4.29794000867204       -14.3028727684780     
   4.34794000867204       -14.2396001185034     
   4.39794000867204       -14.2418697890231     
   4.44794000867204       -14.2443463007649     
   4.49794000867204       -14.2424389992127     
   4.54794000867204       -14.2505125223557     
   4.59794000867204       -14.2394275012679     
   4.64794000867204       -14.2633575155817     
   4.69794000867204       -14.2302432512977     
   4.74794000867204       -14.1512823822049     
   4.79794000867204       -14.2982945062045     
   4.84794000867204       -14.1905992036894     
   4.89794000867204       -14.2162888568933     
   4.94794000867204       -14.2428849063245     
   4.99794000867204       -14.1927287272794     
   5.04794000867204       -14.1767969576263     
   5.09794000867204       -14.1476692720180     
   5.14794000867204       -14.2374157410683     
   5.19794000867204       -14.0946989118278     
   5.24794000867204       -14.2364500415203     
   5.29794000867204       -14.1215742276508     
   5.34794000867204       -14.1360631317016     
   5.39794000867204       -14.1144921499947     
   5.44794000867204       -14.0835517075001     
   5.49794000867204       -14.0722414048501     
   5.54794000867204       -14.0425838333724     
   5.59794000867204       -14.0949636280903     
   5.64794000867204       -14.1660596173380     
   5.69794000867204       -14.0153932847480     
   5.74794000867204       -14.0045193328468     
   5.79794000867204       -14.0535719009876     
   5.84794000867204       -13.8633406494706     
   5.89794000867204       -13.9152444245183     
 zone T = "ep =   0.316227766016838      ",
   2.39794000867204       -10.0054417688604     
   2.44794000867204       -10.2145166701382     
   2.49794000867204       -10.4246349396686     
   2.54794000867204       -10.6104442298920     
   2.59794000867204       -10.8182605320712     
   2.64794000867204       -11.0193041727950     
   2.69794000867204       -11.2110336828837     
   2.74794000867204       -11.4150419233416     
   2.79794000867204       -11.6098695217940     
   2.84794000867204       -11.8109051737046     
   2.89794000867204       -12.0157470159989     
   2.94794000867204       -12.2145116248902     
   2.99794000867204       -12.4144604429705     
   3.04794000867204       -12.6153823278853     
   3.09794000867204       -12.8123715972933     
   3.14794000867204       -13.0138188725645     
   3.19794000867204       -13.2156679780140     
   3.24794000867204       -13.4208036227073     
   3.29794000867204       -13.6156059235680     
   3.34794000867204       -13.8107752321154     
   3.39794000867204       -13.9900522170686     
   3.44794000867204       -14.1200348860535     
   3.49794000867204       -14.1973903442183     
   3.54794000867204       -14.2427179479697     
   3.59794000867204       -14.2312089675795     
   3.64794000867204       -14.2474831753207     
   3.69794000867204       -14.2416399722362     
   3.74794000867204       -14.2412960200948     
   3.79794000867204       -14.2452986614089     
   3.84794000867204       -14.2323441397521     
   3.89794000867204       -14.2208759058702     
   3.94794000867204       -14.2523940989794     
   3.99794000867204       -14.2609129348370     
   4.04794000867204       -14.2372753826583     
   4.09794000867204       -14.2110277662900     
   4.14794000867204       -14.2689807745274     
   4.19794000867204       -14.2890676021347     
   4.24794000867204       -14.2137615435179     
   4.29794000867204       -14.2380581797506     
   4.34794000867204       -14.2456561470832     
   4.39794000867204       -14.2134590036710     
   4.44794000867204       -14.2153848781679     
   4.49794000867204       -14.1905720436864     
   4.54794000867204       -14.2662260911129     
   4.59794000867204       -14.2233246777498     
   4.64794000867204       -14.2018263865266     
   4.69794000867204       -14.2063590112408     
   4.74794000867204       -14.2611640939913     
   4.79794000867204       -14.2161450987451     
   4.84794000867204       -14.1877787000690     
   4.89794000867204       -14.1797878716818     
   4.94794000867204       -14.2227622355675     
   4.99794000867204       -14.1617708549158     
   5.04794000867204       -14.1163136926090     
   5.09794000867204       -14.1797754293593     
   5.14794000867204       -14.1570574842323     
   5.19794000867204       -14.1191515166535     
   5.24794000867204       -14.1907008323512     
   5.29794000867204       -14.1648641102035     
   5.34794000867204       -14.1537541064509     
   5.39794000867204       -14.0611893897367     
   5.44794000867204       -14.1456033182529     
   5.49794000867204       -14.1794144340402     
   5.54794000867204       -14.0703042468039     
   5.59794000867204       -14.0700985405145     
   5.64794000867204       -14.0464933334226     
   5.69794000867204       -14.0438516857944     
   5.74794000867204       -14.0353209126446     
   5.79794000867204       -14.0451035616042     
   5.84794000867204       -13.9841497010348     
   5.89794000867204       -13.9657561842351     
 zone T = "ep =   0.251188643150958      ",
   2.39794000867204       -9.88095161418267     
   2.44794000867204       -10.0900287183216     
   2.49794000867204       -10.3001270028728     
   2.54794000867204       -10.4860819305779     
   2.59794000867204       -10.6938771625775     
   2.64794000867204       -10.8949448048277     
   2.69794000867204       -11.0867698293028     
   2.74794000867204       -11.2907679631827     
   2.79794000867204       -11.4856675729807     
   2.84794000867204       -11.6867372912979     
   2.89794000867204       -11.8916071755537     
   2.94794000867204       -12.0902819392752     
   2.99794000867204       -12.2903732653994     
   3.04794000867204       -12.4913924203095     
   3.09794000867204       -12.6886423505967     
   3.14794000867204       -12.8906962474697     
   3.19794000867204       -13.0922801668137     
   3.24794000867204       -13.2993021207818     
   3.29794000867204       -13.5045955239928     
   3.34794000867204       -13.6990804131119     
   3.39794000867204       -13.8864911719276     
   3.44794000867204       -14.0449319581016     
   3.49794000867204       -14.1719107874532     
   3.54794000867204       -14.2304649376921     
   3.59794000867204       -14.2517498764109     
   3.64794000867204       -14.2197264984364     
   3.69794000867204       -14.2272703428817     
   3.74794000867204       -14.2299048159704     
   3.79794000867204       -14.2086934152978     
   3.84794000867204       -14.2324395535860     
   3.89794000867204       -14.2351613553784     
   3.94794000867204       -14.2139434939920     
   3.99794000867204       -14.2342262179642     
   4.04794000867204       -14.2089111122692     
   4.09794000867204       -14.2563831572519     
   4.14794000867204       -14.2339773188552     
   4.19794000867204       -14.2042362787242     
   4.24794000867204       -14.2319811149733     
   4.29794000867204       -14.2088268518747     
   4.34794000867204       -14.1964641471395     
   4.39794000867204       -14.2172887369816     
   4.44794000867204       -14.2343455448462     
   4.49794000867204       -14.2133852501109     
   4.54794000867204       -14.2012939218789     
   4.59794000867204       -14.2223831215911     
   4.64794000867204       -14.1598067158412     
   4.69794000867204       -14.2533744402865     
   4.74794000867204       -14.2124721135187     
   4.79794000867204       -14.2443153787545     
   4.84794000867204       -14.1586281208302     
   4.89794000867204       -14.1739943410987     
   4.94794000867204       -14.1826648337355     
   4.99794000867204       -14.1789067102903     
   5.04794000867204       -14.2167093577236     
   5.09794000867204       -14.1394262953982     
   5.14794000867204       -14.2050078349444     
   5.19794000867204       -14.2635742097528     
   5.24794000867204       -14.1661326403950     
   5.29794000867204       -14.0738449166801     
   5.34794000867204       -14.1336873921294     
   5.39794000867204       -14.0706325668798     
   5.44794000867204       -14.1838688950925     
   5.49794000867204       -14.2068685554802     
   5.54794000867204       -14.0124871236201     
   5.59794000867204       -14.2008906084970     
   5.64794000867204       -14.1150112551336     
   5.69794000867204       -13.8910425617405     
   5.74794000867204       -13.9076120356107     
   5.79794000867204       -14.0293125983430     
   5.84794000867204       -13.9601920592373     
   5.89794000867204       -13.9729654294486     
 zone T = "ep =   0.199526231496888      ",
   2.39794000867204       -9.79350376456845     
   2.44794000867204       -10.0025072042427     
   2.49794000867204       -10.2124897772205     
   2.54794000867204       -10.3986499999863     
   2.59794000867204       -10.6063299487277     
   2.64794000867204       -10.8073562095126     
   2.69794000867204       -10.9992485409727     
   2.74794000867204       -11.2030871504142     
   2.79794000867204       -11.3979349965728     
   2.84794000867204       -11.5987497905187     
   2.89794000867204       -11.8031560110298     
   2.94794000867204       -12.0013359945730     
   2.99794000867204       -12.2004423219930     
   3.04794000867204       -12.4001079790781     
   3.09794000867204       -12.5948832979080     
   3.14794000867204       -12.7936254678414     
   3.19794000867204       -12.9904047119544     
   3.24794000867204       -13.1875232752401     
   3.29794000867204       -13.3783650787335     
   3.34794000867204       -13.5651291067656     
   3.39794000867204       -13.7381827001379     
   3.44794000867204       -13.8980938854944     
   3.49794000867204       -14.0260854531655     
   3.54794000867204       -14.1175339642957     
   3.59794000867204       -14.1776392534821     
   3.64794000867204       -14.2332589457854     
   3.69794000867204       -14.2543093086535     
   3.74794000867204       -14.2503736954948     
   3.79794000867204       -14.2531415184432     
   3.84794000867204       -14.2612646957729     
   3.89794000867204       -14.2584543143997     
   3.94794000867204       -14.2660469712266     
   3.99794000867204       -14.2882064793105     
   4.04794000867204       -14.2887559396477     
   4.09794000867204       -14.2555156154285     
   4.14794000867204       -14.2630107495815     
   4.19794000867204       -14.2316120128256     
   4.24794000867204       -14.3150420348500     
   4.29794000867204       -14.2284036157187     
   4.34794000867204       -14.2428202826919     
   4.39794000867204       -14.2851025393041     
   4.44794000867204       -14.2599250361882     
   4.49794000867204       -14.2361532879192     
   4.54794000867204       -14.2693281656979     
   4.59794000867204       -14.1810978176184     
   4.64794000867204       -14.2044506228969     
   4.69794000867204       -14.2432034947958     
   4.74794000867204       -14.3073170478855     
   4.79794000867204       -14.2024849979176     
   4.84794000867204       -14.2454514274726     
   4.89794000867204       -14.2105309841537     
   4.94794000867204       -14.2714954202831     
   4.99794000867204       -14.1762421017247     
   5.04794000867204       -14.1944181253694     
   5.09794000867204       -14.2124999302986     
   5.14794000867204       -14.1835794277718     
   5.19794000867204       -14.1416643679924     
   5.24794000867204       -14.1358847798807     
   5.29794000867204       -14.1554292426421     
   5.34794000867204       -14.1869362805223     
   5.39794000867204       -14.0272441734760     
   5.44794000867204       -14.1811695670487     
   5.49794000867204       -14.0437345157809     
   5.54794000867204       -14.0184166981973     
   5.59794000867204       -14.0753008745541     
   5.64794000867204       -14.1563058253336     
   5.69794000867204       -14.1205217161626     
   5.74794000867204       -13.9465074376223     
   5.79794000867204       -14.0573046326342     
   5.84794000867204       -14.0443063818128     
   5.89794000867204       -14.0124341957979     
 zone T = "ep =   0.158489319246111      ",
   2.39794000867204       -9.75006426379330     
   2.44794000867204       -9.95877319604248     
   2.49794000867204       -10.1683937600035     
   2.54794000867204       -10.3549291851626     
   2.59794000867204       -10.5623101891811     
   2.64794000867204       -10.7632425957538     
   2.69794000867204       -10.9553555121311     
   2.74794000867204       -11.1590322182997     
   2.79794000867204       -11.3540436785099     
   2.84794000867204       -11.5548330938273     
   2.89794000867204       -11.7591503189092     
   2.94794000867204       -11.9574940133177     
   2.99794000867204       -12.1568309076731     
   3.04794000867204       -12.3568526886529     
   3.09794000867204       -12.5527307010456     
   3.14794000867204       -12.7530933361588     
   3.19794000867204       -12.9500749559195     
   3.24794000867204       -13.1503481608099     
   3.29794000867204       -13.3442359148106     
   3.34794000867204       -13.5311221225930     
   3.39794000867204       -13.7061180307473     
   3.44794000867204       -13.8673189954405     
   3.49794000867204       -13.9891902460405     
   3.54794000867204       -14.0712393112716     
   3.59794000867204       -14.1332022175358     
   3.64794000867204       -14.1300678751433     
   3.69794000867204       -14.1601131405539     
   3.74794000867204       -14.1787623404497     
   3.79794000867204       -14.1726282435922     
   3.84794000867204       -14.1822675406818     
   3.89794000867204       -14.1682932688647     
   3.94794000867204       -14.1714796985624     
   3.99794000867204       -14.1564748965883     
   4.04794000867204       -14.1825799845515     
   4.09794000867204       -14.1571288188626     
   4.14794000867204       -14.1690851533586     
   4.19794000867204       -14.1643531495580     
   4.24794000867204       -14.1801547619205     
   4.29794000867204       -14.1929711554280     
   4.34794000867204       -14.1528545483689     
   4.39794000867204       -14.1513407270799     
   4.44794000867204       -14.1490165819508     
   4.49794000867204       -14.1493628314664     
   4.54794000867204       -14.1344006893221     
   4.59794000867204       -14.1838162359611     
   4.64794000867204       -14.1973293829750     
   4.69794000867204       -14.1520332468795     
   4.74794000867204       -14.1290571968726     
   4.79794000867204       -14.2375983311516     
   4.84794000867204       -14.1435030038380     
   4.89794000867204       -14.1520281932024     
   4.94794000867204       -14.1273153818968     
   4.99794000867204       -14.1130532288222     
   5.04794000867204       -14.1033677700773     
   5.09794000867204       -14.1179014589896     
   5.14794000867204       -14.1409280487154     
   5.19794000867204       -14.0730229475484     
   5.24794000867204       -14.0793132758198     
   5.29794000867204       -14.0750756082466     
   5.34794000867204       -14.0476667997632     
   5.39794000867204       -14.0879096223790     
   5.44794000867204       -14.1267774791698     
   5.49794000867204       -14.1388441047976     
   5.54794000867204       -14.0868595620321     
   5.59794000867204       -14.0915969666511     
   5.64794000867204       -13.9443060381880     
   5.69794000867204       -13.9898344078971     
   5.74794000867204       -14.0192623338574     
   5.79794000867204       -13.8712381834258     
   5.84794000867204       -14.0532098538031     
   5.89794000867204       -13.8946368275668     
 zone T = "ep =   0.125892541179417      ",
   2.39794000867204       -9.75260184560611     
   2.44794000867204       -9.96031804752501     
   2.49794000867204       -10.1688161484317     
   2.54794000867204       -10.3560422782610     
   2.59794000867204       -10.5624986920049     
   2.64794000867204       -10.7630187873836     
   2.69794000867204       -10.9554857376198     
   2.74794000867204       -11.1585611238936     
   2.79794000867204       -11.3537278113429     
   2.84794000867204       -11.5542034098299     
   2.89794000867204       -11.7578674766969     
   2.94794000867204       -11.9561226866721     
   2.99794000867204       -12.1552324152499     
   3.04794000867204       -12.3549620119943     
   3.09794000867204       -12.5508154191491     
   3.14794000867204       -12.7499663266808     
   3.19794000867204       -12.9474457051482     
   3.24794000867204       -13.1457080301489     
   3.29794000867204       -13.3410347127655     
   3.34794000867204       -13.5272890767523     
   3.39794000867204       -13.7086628020752     
   3.44794000867204       -13.8665813529360     
   3.49794000867204       -13.9904698793679     
   3.54794000867204       -14.0766335927857     
   3.59794000867204       -14.1213161557265     
   3.64794000867204       -14.1578415987536     
   3.69794000867204       -14.1554437877435     
   3.74794000867204       -14.1651909517099     
   3.79794000867204       -14.1957696930806     
   3.84794000867204       -14.1701022586552     
   3.89794000867204       -14.1855383962270     
   3.94794000867204       -14.1792826171893     
   3.99794000867204       -14.1863840418523     
   4.04794000867204       -14.1777449483417     
   4.09794000867204       -14.1676121404198     
   4.14794000867204       -14.1705904819206     
   4.19794000867204       -14.1773920431706     
   4.24794000867204       -14.1784567646880     
   4.29794000867204       -14.1691241147467     
   4.34794000867204       -14.1414941955569     
   4.39794000867204       -14.1561701415804     
   4.44794000867204       -14.1707178220031     
   4.49794000867204       -14.1430628955714     
   4.54794000867204       -14.1362122617526     
   4.59794000867204       -14.1307294686625     
   4.64794000867204       -14.1771696996964     
   4.69794000867204       -14.1190684680439     
   4.74794000867204       -14.1883765584354     
   4.79794000867204       -14.1516398332178     
   4.84794000867204       -14.1343082938386     
   4.89794000867204       -14.1505278313535     
   4.94794000867204       -14.1516822959865     
   4.99794000867204       -14.1709515721870     
   5.04794000867204       -14.1227212764274     
   5.09794000867204       -14.1395880935640     
   5.14794000867204       -14.1300176380795     
   5.19794000867204       -14.1516595920871     
   5.24794000867204       -14.1173962175463     
   5.29794000867204       -14.1175102531271     
   5.34794000867204       -14.0322832373570     
   5.39794000867204       -14.0864621905626     
   5.44794000867204       -14.2209794375298     
   5.49794000867204       -14.1118494103347     
   5.54794000867204       -14.0380124775645     
   5.59794000867204       -13.9537898363764     
   5.64794000867204       -14.0424627684426     
   5.69794000867204       -14.0280342985407     
   5.74794000867204       -13.9324097843824     
   5.79794000867204       -13.8567429447847     
   5.84794000867204       -13.9246009460598     
   5.89794000867204       -13.8821593352299     
 zone T = "ep =   0.100000000000000      ",
   2.39794000867204       -9.78945870061862     
   2.44794000867204       -9.99436375975245     
   2.49794000867204       -10.1998498716549     
   2.54794000867204       -10.3883456058963     
   2.59794000867204       -10.5923427765736     
   2.64794000867204       -10.7916462613843     
   2.69794000867204       -10.9847164451212     
   2.74794000867204       -11.1862087785337     
   2.79794000867204       -11.3816089244821     
   2.84794000867204       -11.5812480012613     
   2.89794000867204       -11.7834085545871     
   2.94794000867204       -11.9814616120115     
   2.99794000867204       -12.1803247237316     
   3.04794000867204       -12.3796826719784     
   3.09794000867204       -12.5760752327806     
   3.14794000867204       -12.7755973000106     
   3.19794000867204       -12.9735350954899     
   3.24794000867204       -13.1732579495818     
   3.29794000867204       -13.3682644322885     
   3.34794000867204       -13.5602682372159     
   3.39794000867204       -13.7420914328225     
   3.44794000867204       -13.9124618419861     
   3.49794000867204       -14.0575459836447     
   3.54794000867204       -14.1675601126873     
   3.59794000867204       -14.2061476388810     
   3.64794000867204       -14.2515053723392     
   3.69794000867204       -14.2708492024800     
   3.74794000867204       -14.2677606386599     
   3.79794000867204       -14.2642785505812     
   3.84794000867204       -14.2951331645163     
   3.89794000867204       -14.2954325355245     
   3.94794000867204       -14.2756945327639     
   3.99794000867204       -14.2730284730894     
   4.04794000867204       -14.2842391604978     
   4.09794000867204       -14.2884897198563     
   4.14794000867204       -14.2471148412658     
   4.19794000867204       -14.2680324358883     
   4.24794000867204       -14.2738608735845     
   4.29794000867204       -14.2748135705116     
   4.34794000867204       -14.2675379495252     
   4.39794000867204       -14.2645682819130     
   4.44794000867204       -14.2651006984272     
   4.49794000867204       -14.3108726206473     
   4.54794000867204       -14.2533818280631     
   4.59794000867204       -14.2582495356422     
   4.64794000867204       -14.2904055437731     
   4.69794000867204       -14.2382585491967     
   4.74794000867204       -14.2184041251690     
   4.79794000867204       -14.2044302511028     
   4.84794000867204       -14.1640640638084     
   4.89794000867204       -14.2288515562056     
   4.94794000867204       -14.2771942744329     
   4.99794000867204       -14.1850953625183     
   5.04794000867204       -14.2282851156173     
   5.09794000867204       -14.1882884529232     
   5.14794000867204       -14.2050473349968     
   5.19794000867204       -14.1919888877999     
   5.24794000867204       -14.2003680498588     
   5.29794000867204       -14.1126091802381     
   5.34794000867204       -14.2988469430035     
   5.39794000867204       -14.1362972451411     
   5.44794000867204       -14.1833676886235     
   5.49794000867204       -14.0425380445802     
   5.54794000867204       -14.0477867677855     
   5.59794000867204       -13.9922446292905     
   5.64794000867204       -14.0690507920863     
   5.69794000867204       -14.0823121862171     
   5.74794000867204       -13.9352472524139     
   5.79794000867204       -13.9515761402788     
   5.84794000867204       -13.9506129179801     
   5.89794000867204       -13.9485880971291     
 zone T = "ep =   7.943282347242814E-002 ",
   2.39794000867204       -9.82661241418679     
   2.44794000867204       -10.0256774908961     
   2.49794000867204       -10.2252441643899     
   2.54794000867204       -10.4154482604462     
   2.59794000867204       -10.6146896186668     
   2.64794000867204       -10.8114638768856     
   2.69794000867204       -11.0051901341434     
   2.74794000867204       -11.2036065742176     
   2.79794000867204       -11.3991050384991     
   2.84794000867204       -11.5970139944268     
   2.89794000867204       -11.7963924093833     
   2.94794000867204       -11.9938255490861     
   2.99794000867204       -12.1918605258700     
   3.04794000867204       -12.3903289626035     
   3.09794000867204       -12.5876476205209     
   3.14794000867204       -12.7866959275132     
   3.19794000867204       -12.9850891648817     
   3.24794000867204       -13.1829161478209     
   3.29794000867204       -13.3808028098528     
   3.34794000867204       -13.5766989852101     
   3.39794000867204       -13.7577944917692     
   3.44794000867204       -13.9427095381861     
   3.49794000867204       -14.0873978674320     
   3.54794000867204       -14.1758091409791     
   3.59794000867204       -14.2512072768292     
   3.64794000867204       -14.2914730597389     
   3.69794000867204       -14.3024943448849     
   3.74794000867204       -14.2789536398003     
   3.79794000867204       -14.2850551312303     
   3.84794000867204       -14.2888658405812     
   3.89794000867204       -14.3227763584606     
   3.94794000867204       -14.2914282415675     
   3.99794000867204       -14.2905441758617     
   4.04794000867204       -14.3142721346642     
   4.09794000867204       -14.2927333490627     
   4.14794000867204       -14.2736130298395     
   4.19794000867204       -14.3178016045112     
   4.24794000867204       -14.2816449507512     
   4.29794000867204       -14.2715286538789     
   4.34794000867204       -14.2593775257113     
   4.39794000867204       -14.2898932143121     
   4.44794000867204       -14.2552251880211     
   4.49794000867204       -14.3067349375241     
   4.54794000867204       -14.2639405485001     
   4.59794000867204       -14.3400089224104     
   4.64794000867204       -14.3218749733306     
   4.69794000867204       -14.3311876211423     
   4.74794000867204       -14.2399458354583     
   4.79794000867204       -14.2961395928630     
   4.84794000867204       -14.2165216752067     
   4.89794000867204       -14.1698456644541     
   4.94794000867204       -14.3066336361392     
   4.99794000867204       -14.1829846493502     
   5.04794000867204       -14.2499330173880     
   5.09794000867204       -14.1690143354880     
   5.14794000867204       -14.2887579011261     
   5.19794000867204       -14.1388946349405     
   5.24794000867204       -14.1777591713080     
   5.29794000867204       -14.2457715488608     
   5.34794000867204       -14.2835234486527     
   5.39794000867204       -14.0763644322512     
   5.44794000867204       -14.2215013170406     
   5.49794000867204       -14.0492725711030     
   5.54794000867204       -14.0904756732380     
   5.59794000867204       -14.0486816110667     
   5.64794000867204       -14.0312639495356     
   5.69794000867204       -13.9824786923992     
   5.74794000867204       -14.0228681588997     
   5.79794000867204       -14.0545568093303     
   5.84794000867204       -14.0126278104544     
   5.89794000867204       -13.9204217439505     
 zone T = "ep =   6.309573444801933E-002 ",
   2.39794000867204       -9.82735358330488     
   2.44794000867204       -10.0190701331488     
   2.49794000867204       -10.2116625880177     
   2.54794000867204       -10.4028394340096     
   2.59794000867204       -10.5965791410216     
   2.64794000867204       -10.7901794090802     
   2.69794000867204       -10.9839716684638     
   2.74794000867204       -11.1787668632343     
   2.79794000867204       -11.3739038321358     
   2.84794000867204       -11.5696735129252     
   2.89794000867204       -11.7659590858994     
   2.94794000867204       -11.9624134446967     
   2.99794000867204       -12.1593766034196     
   3.04794000867204       -12.3566085474308     
   3.09794000867204       -12.5539903968716     
   3.14794000867204       -12.7521268771645     
   3.19794000867204       -12.9491791933556     
   3.24794000867204       -13.1467612194440     
   3.29794000867204       -13.3427208197452     
   3.34794000867204       -13.5347362715808     
   3.39794000867204       -13.7138848053059     
   3.44794000867204       -13.8763762473759     
   3.49794000867204       -13.9795190111362     
   3.54794000867204       -14.0510996278566     
   3.59794000867204       -14.1047897937782     
   3.64794000867204       -14.1080397149430     
   3.69794000867204       -14.1068629555793     
   3.74794000867204       -14.1143945606588     
   3.79794000867204       -14.1266127645107     
   3.84794000867204       -14.1089543745337     
   3.89794000867204       -14.1189754848242     
   3.94794000867204       -14.1295267333051     
   3.99794000867204       -14.1092543551728     
   4.04794000867204       -14.1160084444722     
   4.09794000867204       -14.1150957925182     
   4.14794000867204       -14.1090075666742     
   4.19794000867204       -14.1265992786289     
   4.24794000867204       -14.1149503654717     
   4.29794000867204       -14.1068000273357     
   4.34794000867204       -14.0916387373560     
   4.39794000867204       -14.1084786429311     
   4.44794000867204       -14.1102055833271     
   4.49794000867204       -14.1317182600350     
   4.54794000867204       -14.1217593400288     
   4.59794000867204       -14.0664358640244     
   4.64794000867204       -14.1155164820999     
   4.69794000867204       -14.1077455277383     
   4.74794000867204       -14.1345762714021     
   4.79794000867204       -14.0965094880775     
   4.84794000867204       -14.1125951317655     
   4.89794000867204       -14.1021179152734     
   4.94794000867204       -14.1143648163783     
   4.99794000867204       -14.0921172819008     
   5.04794000867204       -14.1506650558131     
   5.09794000867204       -14.0235124293167     
   5.14794000867204       -14.0740844973673     
   5.19794000867204       -13.9833210629736     
   5.24794000867204       -14.0042236194809     
   5.29794000867204       -14.0497665193233     
   5.34794000867204       -14.0235066039423     
   5.39794000867204       -14.0696410232657     
   5.44794000867204       -14.1119561854960     
   5.49794000867204       -13.9838697718179     
   5.54794000867204       -14.0085155011115     
   5.59794000867204       -14.0053008766496     
   5.64794000867204       -13.9230379292340     
   5.69794000867204       -14.0253181168547     
   5.74794000867204       -13.9439894658536     
   5.79794000867204       -13.9014997683759     
   5.84794000867204       -13.9551948926096     
   5.89794000867204       -13.9819353145300     
 zone T = "ep =   5.011872336272723E-002 ",
   2.39794000867204       -9.78929752552914     
   2.44794000867204       -9.97510563587696     
   2.49794000867204       -10.1624125302543     
   2.54794000867204       -10.3530121706255     
   2.59794000867204       -10.5425908152602     
   2.64794000867204       -10.7333875082364     
   2.69794000867204       -10.9263427405699     
   2.74794000867204       -11.1182082002185     
   2.79794000867204       -11.3124202129888     
   2.84794000867204       -11.5062984642695     
   2.89794000867204       -11.7002212364883     
   2.94794000867204       -11.8955631135247     
   2.99794000867204       -12.0913610638241     
   3.04794000867204       -12.2873409762440     
   3.09794000867204       -12.4845651079925     
   3.14794000867204       -12.6807291367483     
   3.19794000867204       -12.8781534093021     
   3.24794000867204       -13.0743062376220     
   3.29794000867204       -13.2680991952459     
   3.34794000867204       -13.4622448215815     
   3.39794000867204       -13.6445195458569     
   3.44794000867204       -13.8211573754686     
   3.49794000867204       -13.9556469423835     
   3.54794000867204       -14.0620344551529     
   3.59794000867204       -14.0930149583560     
   3.64794000867204       -14.1348986708122     
   3.69794000867204       -14.1325024626696     
   3.74794000867204       -14.1449595212358     
   3.79794000867204       -14.1546776471849     
   3.84794000867204       -14.1320602559990     
   3.89794000867204       -14.1442635619827     
   3.94794000867204       -14.1321445831554     
   3.99794000867204       -14.1525425865157     
   4.04794000867204       -14.1470898961157     
   4.09794000867204       -14.1423757987069     
   4.14794000867204       -14.1157841554428     
   4.19794000867204       -14.1262730701396     
   4.24794000867204       -14.1378168822716     
   4.29794000867204       -14.1768644667181     
   4.34794000867204       -14.1487050892513     
   4.39794000867204       -14.1074555113623     
   4.44794000867204       -14.1127161475207     
   4.49794000867204       -14.1375921586720     
   4.54794000867204       -14.1385613119615     
   4.59794000867204       -14.1069631996230     
   4.64794000867204       -14.1096389222355     
   4.69794000867204       -14.1255452990312     
   4.74794000867204       -14.1508383837528     
   4.79794000867204       -14.1589220013399     
   4.84794000867204       -14.0627878678873     
   4.89794000867204       -14.1106821650534     
   4.94794000867204       -14.0981390362485     
   4.99794000867204       -14.1805671662106     
   5.04794000867204       -14.1596537866712     
   5.09794000867204       -14.1310653210401     
   5.14794000867204       -14.2020805289179     
   5.19794000867204       -14.0650275230878     
   5.24794000867204       -14.0404569930726     
   5.29794000867204       -14.1376280200006     
   5.34794000867204       -14.1039302655826     
   5.39794000867204       -14.0433147069943     
   5.44794000867204       -14.0898751168507     
   5.49794000867204       -14.0300334469767     
   5.54794000867204       -14.0248629992330     
   5.59794000867204       -14.0398401392537     
   5.64794000867204       -14.0706243112696     
   5.69794000867204       -13.9577512104615     
   5.74794000867204       -13.8780657793345     
   5.79794000867204       -13.9478663379862     
   5.84794000867204       -13.9019966672515     
   5.89794000867204       -13.8543207630244     
 zone T = "ep =   3.981071705534973E-002 ",
   2.39794000867204       -9.73228841133002     
   2.44794000867204       -9.91379306834553     
   2.49794000867204       -10.0973985319304     
   2.54794000867204       -10.2862467422736     
   2.59794000867204       -10.4728291296315     
   2.64794000867204       -10.6611545326619     
   2.69794000867204       -10.8526275577196     
   2.74794000867204       -11.0420841331434     
   2.79794000867204       -11.2350080200173     
   2.84794000867204       -11.4271865817210     
   2.89794000867204       -11.6192432273837     
   2.94794000867204       -11.8134012629863     
   2.99794000867204       -12.0080785280984     
   3.04794000867204       -12.2028003322699     
   3.09794000867204       -12.3993541466360     
   3.14794000867204       -12.5948573455443     
   3.19794000867204       -12.7912537213403     
   3.24794000867204       -12.9870856625919     
   3.29794000867204       -13.1824918492404     
   3.34794000867204       -13.3790572689270     
   3.39794000867204       -13.5655375574482     
   3.44794000867204       -13.7451342343694     
   3.49794000867204       -13.8997452731537     
   3.54794000867204       -14.0322817816262     
   3.59794000867204       -14.1033231703264     
   3.64794000867204       -14.1451846588419     
   3.69794000867204       -14.1751630840174     
   3.74794000867204       -14.1857579296365     
   3.79794000867204       -14.1865661550230     
   3.84794000867204       -14.1878879582939     
   3.89794000867204       -14.1667036752507     
   3.94794000867204       -14.1840001108781     
   3.99794000867204       -14.1948424083460     
   4.04794000867204       -14.1935475631941     
   4.09794000867204       -14.1679988933855     
   4.14794000867204       -14.2246815719354     
   4.19794000867204       -14.1921261178099     
   4.24794000867204       -14.1939537999105     
   4.29794000867204       -14.1499505983547     
   4.34794000867204       -14.1988669131274     
   4.39794000867204       -14.1542445275611     
   4.44794000867204       -14.1601913974057     
   4.49794000867204       -14.2011750671934     
   4.54794000867204       -14.1334711525738     
   4.59794000867204       -14.1546686949712     
   4.64794000867204       -14.1879629809939     
   4.69794000867204       -14.1686030432155     
   4.74794000867204       -14.1651578427667     
   4.79794000867204       -14.2171306744246     
   4.84794000867204       -14.1654461493990     
   4.89794000867204       -14.1341383577740     
   4.94794000867204       -14.1401738652151     
   4.99794000867204       -14.1879485706497     
   5.04794000867204       -14.1150838979493     
   5.09794000867204       -14.1026166190650     
   5.14794000867204       -14.1635132392454     
   5.19794000867204       -14.1392507198317     
   5.24794000867204       -14.0528676142077     
   5.29794000867204       -14.1423979552116     
   5.34794000867204       -14.1181441592810     
   5.39794000867204       -14.0755610195935     
   5.44794000867204       -14.1643807865282     
   5.49794000867204       -14.1007125604696     
   5.54794000867204       -13.9893239820314     
   5.59794000867204       -13.9992461000160     
   5.64794000867204       -13.9869763079770     
   5.69794000867204       -13.9978173613670     
   5.74794000867204       -13.9940372589372     
   5.79794000867204       -13.9399286418249     
   5.84794000867204       -13.9290028026659     
   5.89794000867204       -14.0643942620858     
 zone T = "ep =   3.162277660168379E-002 ",
   2.39794000867204       -9.67273107548209     
   2.44794000867204       -9.85033164497496     
   2.49794000867204       -10.0306694448693     
   2.54794000867204       -10.2170657916089     
   2.59794000867204       -10.4009264600461     
   2.64794000867204       -10.5866898957056     
   2.69794000867204       -10.7762543777917     
   2.74794000867204       -10.9632686856102     
   2.79794000867204       -11.1546372170879     
   2.84794000867204       -11.3450362335180     
   2.89794000867204       -11.5352862501650     
   2.94794000867204       -11.7281517251215     
   2.99794000867204       -11.9217155834499     
   3.04794000867204       -12.1154483124243     
   3.09794000867204       -12.3115823071462     
   3.14794000867204       -12.5065098697199     
   3.19794000867204       -12.7033782059524     
   3.24794000867204       -12.8992576118447     
   3.29794000867204       -13.0965939186240     
   3.34794000867204       -13.2970450505861     
   3.39794000867204       -13.4984614872786     
   3.44794000867204       -13.6893398435101     
   3.49794000867204       -13.8843735602524     
   3.54794000867204       -14.0552032323997     
   3.59794000867204       -14.1836768484332     
   3.64794000867204       -14.2753814041175     
   3.69794000867204       -14.3084058981577     
   3.74794000867204       -14.3195507381971     
   3.79794000867204       -14.3349204757407     
   3.84794000867204       -14.3399438748583     
   3.89794000867204       -14.3069118990484     
   3.94794000867204       -14.2987012543724     
   3.99794000867204       -14.3137872742067     
   4.04794000867204       -14.2924871384911     
   4.09794000867204       -14.3030618057252     
   4.14794000867204       -14.3077475236110     
   4.19794000867204       -14.3053227068872     
   4.24794000867204       -14.2679318685069     
   4.29794000867204       -14.3582810009072     
   4.34794000867204       -14.2509760025647     
   4.39794000867204       -14.2889500682253     
   4.44794000867204       -14.2966615482588     
   4.49794000867204       -14.3074962080218     
   4.54794000867204       -14.3118445201150     
   4.59794000867204       -14.2622954698123     
   4.64794000867204       -14.2529075058465     
   4.69794000867204       -14.2607641852767     
   4.74794000867204       -14.2738579213993     
   4.79794000867204       -14.2601455925314     
   4.84794000867204       -14.1796993552787     
   4.89794000867204       -14.2810101743105     
   4.94794000867204       -14.1998918899174     
   4.99794000867204       -14.2950428279095     
   5.04794000867204       -14.1553817639453     
   5.09794000867204       -14.1962270814528     
   5.14794000867204       -14.2827923993606     
   5.19794000867204       -14.2101219825431     
   5.24794000867204       -14.0857378870308     
   5.29794000867204       -14.1476700975505     
   5.34794000867204       -14.1171731880210     
   5.39794000867204       -14.1745588922364     
   5.44794000867204       -14.1004510415497     
   5.49794000867204       -14.0897388293539     
   5.54794000867204       -14.0654341432418     
   5.59794000867204       -14.0740742031922     
   5.64794000867204       -14.0816703961882     
   5.69794000867204       -14.0406883874739     
   5.74794000867204       -13.9910026687757     
   5.79794000867204       -13.9993843002337     
   5.84794000867204       -13.9804453851908     
   5.89794000867204       -13.9813649810415     
 zone T = "ep =   2.511886431509579E-002 ",
   2.39794000867204       -9.61815854516795     
   2.44794000867204       -9.79153286293302     
   2.49794000867204       -9.96841820739675     
   2.54794000867204       -10.1517771833266     
   2.59794000867204       -10.3327153415184     
   2.64794000867204       -10.5155508647586     
   2.69794000867204       -10.7027656375640     
   2.74794000867204       -10.8869395242565     
   2.79794000867204       -11.0763378011590     
   2.84794000867204       -11.2645436220398     
   2.89794000867204       -11.4525965555873     
   2.94794000867204       -11.6435401409287     
   2.99794000867204       -11.8352775526347     
   3.04794000867204       -12.0270187892517     
   3.09794000867204       -12.2211405895047     
   3.14794000867204       -12.4136698598026     
   3.19794000867204       -12.6069661953397     
   3.24794000867204       -12.7984073727067     
   3.29794000867204       -12.9900983224000     
   3.34794000867204       -13.1807236892031     
   3.39794000867204       -13.3685936544636     
   3.44794000867204       -13.5467489966947     
   3.49794000867204       -13.7204497483333     
   3.54794000867204       -13.8749074680378     
   3.59794000867204       -14.0011904249369     
   3.64794000867204       -14.1023462717573     
   3.69794000867204       -14.1694352971493     
   3.74794000867204       -14.2163545418914     
   3.79794000867204       -14.2218809157537     
   3.84794000867204       -14.2583464035353     
   3.89794000867204       -14.2689107857998     
   3.94794000867204       -14.2682293955025     
   3.99794000867204       -14.2852160498587     
   4.04794000867204       -14.2555492044673     
   4.09794000867204       -14.2588561867177     
   4.14794000867204       -14.2811444607322     
   4.19794000867204       -14.2703243038928     
   4.24794000867204       -14.2337869960630     
   4.29794000867204       -14.2719529163820     
   4.34794000867204       -14.2728932333491     
   4.39794000867204       -14.3006187349715     
   4.44794000867204       -14.2104014557237     
   4.49794000867204       -14.2497347944736     
   4.54794000867204       -14.2571000439558     
   4.59794000867204       -14.1929655617919     
   4.64794000867204       -14.2599492636072     
   4.69794000867204       -14.2584350652205     
   4.74794000867204       -14.1632855822644     
   4.79794000867204       -14.2117944859610     
   4.84794000867204       -14.2077197362745     
   4.89794000867204       -14.2629914562779     
   4.94794000867204       -14.1969338774598     
   4.99794000867204       -14.1971299754933     
   5.04794000867204       -14.1435353999727     
   5.09794000867204       -14.1527814265676     
   5.14794000867204       -14.2881812501666     
   5.19794000867204       -14.2033052690979     
   5.24794000867204       -14.0896358009358     
   5.29794000867204       -14.2467028390999     
   5.34794000867204       -14.1898971535254     
   5.39794000867204       -14.0428630995470     
   5.44794000867204       -14.1891773764296     
   5.49794000867204       -14.1208713201701     
   5.54794000867204       -14.0674582027202     
   5.59794000867204       -14.0363342538889     
   5.64794000867204       -14.0172852249988     
   5.69794000867204       -14.0405522432598     
   5.74794000867204       -13.9930829808594     
   5.79794000867204       -13.9311892096966     
   5.84794000867204       -13.9584138214761     
   5.89794000867204       -14.0876201770509     
 zone T = "ep =   1.995262314968880E-002 ",
   2.39794000867204       -9.57139678611799     
   2.44794000867204       -9.73999299270393     
   2.49794000867204       -9.91307943676688     
   2.54794000867204       -10.0927825444004     
   2.59794000867204       -10.2705037371944     
   2.64794000867204       -10.4500037355755     
   2.69794000867204       -10.6344510051103     
   2.74794000867204       -10.8153952586725     
   2.79794000867204       -11.0025632964971     
   2.84794000867204       -11.1883548597642     
   2.89794000867204       -11.3740873230936     
   2.94794000867204       -11.5631095724956     
   2.99794000867204       -11.7533126816852     
   3.04794000867204       -11.9434866463417     
   3.09794000867204       -12.1368055350949     
   3.14794000867204       -12.3283791561429     
   3.19794000867204       -12.5216949702770     
   3.24794000867204       -12.7135146449581     
   3.29794000867204       -12.9068172158713     
   3.34794000867204       -13.1002060910798     
   3.39794000867204       -13.2911102263476     
   3.44794000867204       -13.4763855408605     
   3.49794000867204       -13.6550474401433     
   3.54794000867204       -13.8216473133117     
   3.59794000867204       -13.9610617615206     
   3.64794000867204       -14.0449451982454     
   3.69794000867204       -14.1165610618126     
   3.74794000867204       -14.1316687900744     
   3.79794000867204       -14.1516190174897     
   3.84794000867204       -14.1642441878363     
   3.89794000867204       -14.1857584032881     
   3.94794000867204       -14.1700162473717     
   3.99794000867204       -14.1488530018013     
   4.04794000867204       -14.1390488965752     
   4.09794000867204       -14.1590422425451     
   4.14794000867204       -14.1486381269068     
   4.19794000867204       -14.1533300096778     
   4.24794000867204       -14.1775456789570     
   4.29794000867204       -14.1867143271565     
   4.34794000867204       -14.1782304780129     
   4.39794000867204       -14.1629874958933     
   4.44794000867204       -14.1703772827526     
   4.49794000867204       -14.1905398584517     
   4.54794000867204       -14.1616211501180     
   4.59794000867204       -14.1655319459041     
   4.64794000867204       -14.1860517952893     
   4.69794000867204       -14.1466702048298     
   4.74794000867204       -14.1913696474001     
   4.79794000867204       -14.1218952944523     
   4.84794000867204       -14.0841256031381     
   4.89794000867204       -14.1539930086241     
   4.94794000867204       -14.2063476535311     
   4.99794000867204       -14.1688217864821     
   5.04794000867204       -14.1800766380398     
   5.09794000867204       -14.1333155784259     
   5.14794000867204       -14.0656267062017     
   5.19794000867204       -14.0980756293108     
   5.24794000867204       -14.0952912483848     
   5.29794000867204       -14.1509357766446     
   5.34794000867204       -14.0127093840896     
   5.39794000867204       -14.0653386320471     
   5.44794000867204       -14.1491437115036     
   5.49794000867204       -14.0793524476515     
   5.54794000867204       -14.0254861810245     
   5.59794000867204       -14.0117228059667     
   5.64794000867204       -13.9752668637903     
   5.69794000867204       -13.9006484042036     
   5.74794000867204       -13.9811369213447     
   5.79794000867204       -14.0314859890336     
   5.84794000867204       -13.9667102918640     
   5.89794000867204       -13.8838138708377     
 zone T = "ep =   1.584893192461113E-002 ",
   2.39794000867204       -9.53402365780138     
   2.44794000867204       -9.69717102764301     
   2.49794000867204       -9.86602135624273     
   2.54794000867204       -10.0413199981365     
   2.59794000867204       -10.2154580901073     
   2.64794000867204       -10.3911327730989     
   2.69794000867204       -10.5722776062260     
   2.74794000867204       -10.7494698755973     
   2.79794000867204       -10.9339468067622     
   2.84794000867204       -11.1168871366299     
   2.89794000867204       -11.2998670751786     
   2.94794000867204       -11.4864949549130     
   2.99794000867204       -11.6746572524704     
   3.04794000867204       -11.8626422701171     
   3.09794000867204       -12.0543708035472     
   3.14794000867204       -12.2441280154190     
   3.19794000867204       -12.4360461440873     
   3.24794000867204       -12.6263800398764     
   3.29794000867204       -12.8179604546476     
   3.34794000867204       -13.0098130822428     
   3.39794000867204       -13.2016407734828     
   3.44794000867204       -13.3843631123035     
   3.49794000867204       -13.5603274462238     
   3.54794000867204       -13.7212094080650     
   3.59794000867204       -13.8511421680931     
   3.64794000867204       -13.9454744552552     
   3.69794000867204       -14.0015083523735     
   3.74794000867204       -14.0301990696902     
   3.79794000867204       -14.0504869221008     
   3.84794000867204       -14.0552032323997     
   3.89794000867204       -14.0580494338198     
   3.94794000867204       -14.0529980928308     
   3.99794000867204       -14.0862931776086     
   4.04794000867204       -14.0593520751122     
   4.09794000867204       -14.0904848718721     
   4.14794000867204       -14.0554812609826     
   4.19794000867204       -14.0687951686034     
   4.24794000867204       -14.0765639656997     
   4.29794000867204       -14.0634741476601     
   4.34794000867204       -14.0629129927674     
   4.39794000867204       -14.0691772789858     
   4.44794000867204       -14.0423915852948     
   4.49794000867204       -14.0584593311966     
   4.54794000867204       -14.0451334195397     
   4.59794000867204       -14.0885402812273     
   4.64794000867204       -14.1011359112062     
   4.69794000867204       -14.0341404263028     
   4.74794000867204       -14.0802396207481     
   4.79794000867204       -14.0509397406191     
   4.84794000867204       -13.9899212258804     
   4.89794000867204       -14.1002984897347     
   4.94794000867204       -14.0505629209707     
   4.99794000867204       -14.0549970619022     
   5.04794000867204       -14.0709370316761     
   5.09794000867204       -13.9957024888221     
   5.14794000867204       -14.0497652045026     
   5.19794000867204       -14.0539718165175     
   5.24794000867204       -14.0101890449444     
   5.29794000867204       -14.0704878713081     
   5.34794000867204       -14.0906352772232     
   5.39794000867204       -13.9668245035817     
   5.44794000867204       -14.0824869936933     
   5.49794000867204       -14.0386416415503     
   5.54794000867204       -13.8819689811873     
   5.59794000867204       -13.9527829411886     
   5.64794000867204       -13.9519182263427     
   5.69794000867204       -13.9888507039817     
   5.74794000867204       -13.9747754676242     
   5.79794000867204       -13.8425694008772     
   5.84794000867204       -13.8732458543219     
   5.89794000867204       -13.9426511657584     
 zone T = "ep =   1.258925411794167E-002 ",
   2.39794000867204       -9.50759499121753     
   2.44794000867204       -9.66451467589363     
   2.49794000867204       -9.82858740698822     
   2.54794000867204       -9.99860198757418     
   2.59794000867204       -10.1687200426007     
   2.64794000867204       -10.3400334413644     
   2.69794000867204       -10.5172704906485     
   2.74794000867204       -10.6901863316067     
   2.79794000867204       -10.8714848677728     
   2.84794000867204       -11.0511265543106     
   2.89794000867204       -11.2310308282521     
   2.94794000867204       -11.4148137495637     
   2.99794000867204       -11.6006491918804     
   3.04794000867204       -11.7860259364782     
   3.09794000867204       -11.9758572626555     
   3.14794000867204       -12.1635569660083     
   3.19794000867204       -12.3533867355147     
   3.24794000867204       -12.5416726826453     
   3.29794000867204       -12.7318893956286     
   3.34794000867204       -12.9221677278971     
   3.39794000867204       -13.1137602725189     
   3.44794000867204       -13.2976203231279     
   3.49794000867204       -13.4818060896306     
   3.54794000867204       -13.6586518256902     
   3.59794000867204       -13.8176935628761     
   3.64794000867204       -13.9586826472095     
   3.69794000867204       -14.0461593159565     
   3.74794000867204       -14.1213351673617     
   3.79794000867204       -14.1810053969201     
   3.84794000867204       -14.1989928757317     
   3.89794000867204       -14.2380118706257     
   3.94794000867204       -14.2116159888711     
   3.99794000867204       -14.2557242931186     
   4.04794000867204       -14.2441769279241     
   4.09794000867204       -14.2101316234227     
   4.14794000867204       -14.2245374434253     
   4.19794000867204       -14.2701624376075     
   4.24794000867204       -14.2454876928292     
   4.29794000867204       -14.2210430848337     
   4.34794000867204       -14.2043562853935     
   4.39794000867204       -14.2423279076807     
   4.44794000867204       -14.1851797104850     
   4.49794000867204       -14.2587253589456     
   4.54794000867204       -14.2053763366452     
   4.59794000867204       -14.1614387736962     
   4.64794000867204       -14.2104703442060     
   4.69794000867204       -14.2214595668767     
   4.74794000867204       -14.2381307923134     
   4.79794000867204       -14.2226741756729     
   4.84794000867204       -14.1111250771311     
   4.89794000867204       -14.1825431460863     
   4.94794000867204       -14.2338950298239     
   4.99794000867204       -14.1302199963007     
   5.04794000867204       -14.2748795559242     
   5.09794000867204       -14.1059512542574     
   5.14794000867204       -14.1481663974800     
   5.19794000867204       -14.1458299584377     
   5.24794000867204       -14.3055313791767     
   5.29794000867204       -14.1447794161403     
   5.34794000867204       -14.0487968955685     
   5.39794000867204       -14.1009743947266     
   5.44794000867204       -14.1017342286935     
   5.49794000867204       -14.1250995363416     
   5.54794000867204       -14.0631973053141     
   5.59794000867204       -14.1073113274523     
   5.64794000867204       -13.9860201426083     
   5.69794000867204       -14.0118904913705     
   5.74794000867204       -13.9793786267532     
   5.79794000867204       -13.9937075274661     
   5.84794000867204       -13.9334929692003     
   5.89794000867204       -13.9375785475194     
 zone T = "ep =   1.000000000000000E-002 ",
   2.39794000867204       -9.49388355341261     
   2.44794000867204       -9.64368688173922     
   2.49794000867204       -9.80228820829752     
   2.54794000867204       -9.96599904898630     
   2.59794000867204       -10.1315345865232     
   2.64794000867204       -10.2978637376259     
   2.69794000867204       -10.4704843306347     
   2.74794000867204       -10.6385386601775     
   2.79794000867204       -10.8160578648022     
   2.84794000867204       -10.9919048403300     
   2.89794000867204       -11.1683590904101     
   2.94794000867204       -11.3487581019525     
   2.99794000867204       -11.5318653872475     
   3.04794000867204       -11.7142286978497     
   3.09794000867204       -11.9014483042953     
   3.14794000867204       -12.0862897318599     
   3.19794000867204       -12.2740256472159     
   3.24794000867204       -12.4594604223943     
   3.29794000867204       -12.6469158854552     
   3.34794000867204       -12.8355625226184     
   3.39794000867204       -13.0221506396994     
   3.44794000867204       -13.2036987562285     
   3.49794000867204       -13.3829732990357     
   3.54794000867204       -13.5505486691563     
   3.59794000867204       -13.7105495102781     
   3.64794000867204       -13.8366438448159     
   3.69794000867204       -13.9382552118143     
   3.74794000867204       -14.0102852734277     
   3.79794000867204       -14.0709515268479     
   3.84794000867204       -14.1059028919186     
   3.89794000867204       -14.1125175303329     
   3.94794000867204       -14.1355687218785     
   3.99794000867204       -14.1433103467043     
   4.04794000867204       -14.1387466303810     
   4.09794000867204       -14.1527364323603     
   4.14794000867204       -14.1361402281531     
   4.19794000867204       -14.1804814611420     
   4.24794000867204       -14.1190825797804     
   4.29794000867204       -14.1678384929866     
   4.34794000867204       -14.1569911199917     
   4.39794000867204       -14.1426313400524     
   4.44794000867204       -14.1273296640422     
   4.49794000867204       -14.1824854773561     
   4.54794000867204       -14.1524035301779     
   4.59794000867204       -14.1242741112731     
   4.64794000867204       -14.1498938767920     
   4.69794000867204       -14.1863233713865     
   4.74794000867204       -14.1518297110408     
   4.79794000867204       -14.1259273641319     
   4.84794000867204       -14.1390844115221     
   4.89794000867204       -14.1021758187502     
   4.94794000867204       -14.1133490616388     
   4.99794000867204       -14.1268513477679     
   5.04794000867204       -14.1646468525137     
   5.09794000867204       -14.1203334767635     
   5.14794000867204       -14.0455915840921     
   5.19794000867204       -14.0469072752556     
   5.24794000867204       -14.1569575146711     
   5.29794000867204       -14.0405353572434     
   5.34794000867204       -14.1705306359818     
   5.39794000867204       -14.0450528639977     
   5.44794000867204       -14.0918250496127     
   5.49794000867204       -14.0383490356619     
   5.54794000867204       -13.9445610218763     
   5.59794000867204       -14.0398383807578     
   5.64794000867204       -13.9112583385077     
   5.69794000867204       -13.9142497569570     
   5.74794000867204       -13.9123734111430     
   5.79794000867204       -13.9109520147852     
   5.84794000867204       -13.8550519540122     
   5.89794000867204       -13.9190452091456     
 zone T = "ep =   7.943282347242814E-003 ",
   2.39794000867204       -9.49486016760021     
   2.44794000867204       -9.63660418347026     
   2.49794000867204       -9.78888509141592     
   2.54794000867204       -9.94518047738875     
   2.59794000867204       -10.1054138868127     
   2.64794000867204       -10.2660400852235     
   2.69794000867204       -10.4332401746125     
   2.74794000867204       -10.5958384646847     
   2.79794000867204       -10.7688932753813     
   2.84794000867204       -10.9404467155674     
   2.89794000867204       -11.1131803226216     
   2.94794000867204       -11.2897809254169     
   2.99794000867204       -11.4699200111550     
   3.04794000867204       -11.6490202601092     
   3.09794000867204       -11.8337770097187     
   3.14794000867204       -12.0161373372775     
   3.19794000867204       -12.2021716740407     
   3.24794000867204       -12.3862669585180     
   3.29794000867204       -12.5734160825659     
   3.34794000867204       -12.7626529744856     
   3.39794000867204       -12.9519639749456     
   3.44794000867204       -13.1377061117826     
   3.49794000867204       -13.3231217109936     
   3.54794000867204       -13.5088490707330     
   3.59794000867204       -13.6824816979237     
   3.64794000867204       -13.8380803063341     
   3.69794000867204       -13.9688203882652     
   3.74794000867204       -14.0607983803227     
   3.79794000867204       -14.1156313152561     
   3.84794000867204       -14.1550896270083     
   3.89794000867204       -14.1768779150751     
   3.94794000867204       -14.1641508827247     
   3.99794000867204       -14.1662985312069     
   4.04794000867204       -14.1859252415565     
   4.09794000867204       -14.1557875923455     
   4.14794000867204       -14.1870480662282     
   4.19794000867204       -14.1598586648358     
   4.24794000867204       -14.1474724567969     
   4.29794000867204       -14.1843297193509     
   4.34794000867204       -14.1842178405396     
   4.39794000867204       -14.1712058141883     
   4.44794000867204       -14.1288985123652     
   4.49794000867204       -14.2060695449848     
   4.54794000867204       -14.1706214561046     
   4.59794000867204       -14.1469230374696     
   4.64794000867204       -14.1278408618026     
   4.69794000867204       -14.1117091070986     
   4.74794000867204       -14.1459265709408     
   4.79794000867204       -14.1297436391566     
   4.84794000867204       -14.1362349729501     
   4.89794000867204       -14.2038178460247     
   4.94794000867204       -14.1765660188190     
   4.99794000867204       -14.1336078657710     
   5.04794000867204       -14.1068417494600     
   5.09794000867204       -14.2777120244147     
   5.14794000867204       -14.1550176781029     
   5.19794000867204       -14.0487817120856     
   5.24794000867204       -14.1793869567340     
   5.29794000867204       -14.1083067528819     
   5.34794000867204       -14.0541260328926     
   5.39794000867204       -14.0187080113055     
   5.44794000867204       -14.0867179832422     
   5.49794000867204       -14.1165898498123     
   5.54794000867204       -14.0125695306757     
   5.59794000867204       -13.9906502682353     
   5.64794000867204       -14.0451764118820     
   5.69794000867204       -14.0548169240846     
   5.74794000867204       -13.9511821588142     
   5.79794000867204       -14.0246071067521     
   5.84794000867204       -13.9398649058835     
   5.89794000867204       -13.8850206913445     
 zone T = "ep =   6.309573444801929E-003 ",
   2.39794000867204       -9.51240234811564     
   2.44794000867204       -9.64521143608902     
   2.49794000867204       -9.79023610947926     
   2.54794000867204       -9.93800092932562     
   2.59794000867204       -10.0920287878997     
   2.64794000867204       -10.2460868995977     
   2.69794000867204       -10.4069130088736     
   2.74794000867204       -10.5633416815222     
   2.79794000867204       -10.7310152157392     
   2.84794000867204       -10.8975791529758     
   2.89794000867204       -11.0660746807399     
   2.94794000867204       -11.2381107756467     
   2.99794000867204       -11.4146244940468     
   3.04794000867204       -11.5896678892550     
   3.09794000867204       -11.7708423264852     
   3.14794000867204       -11.9496052961678     
   3.19794000867204       -12.1326841386265     
   3.24794000867204       -12.3131721854728     
   3.29794000867204       -12.4964875812084     
   3.34794000867204       -12.6828191886037     
   3.39794000867204       -12.8688575235137     
   3.44794000867204       -13.0495443986684     
   3.49794000867204       -13.2293545109538     
   3.54794000867204       -13.4072303571001     
   3.59794000867204       -13.5818092085420     
   3.64794000867204       -13.7372089779654     
   3.69794000867204       -13.8703978915479     
   3.74794000867204       -13.9933257706119     
   3.79794000867204       -14.0708037214750     
   3.84794000867204       -14.1502862259300     
   3.89794000867204       -14.1932825922350     
   3.94794000867204       -14.2104929443888     
   3.99794000867204       -14.2094135227370     
   4.04794000867204       -14.2203301448040     
   4.09794000867204       -14.2257540634838     
   4.14794000867204       -14.2068953824197     
   4.19794000867204       -14.2319537300099     
   4.24794000867204       -14.2346423009469     
   4.29794000867204       -14.2240017499000     
   4.34794000867204       -14.2372055491664     
   4.39794000867204       -14.1839430295845     
   4.44794000867204       -14.2339116079411     
   4.49794000867204       -14.2208365883415     
   4.54794000867204       -14.1919949625708     
   4.59794000867204       -14.2118505044214     
   4.64794000867204       -14.2098066180896     
   4.69794000867204       -14.1675831843174     
   4.74794000867204       -14.2523198993424     
   4.79794000867204       -14.1272067931506     
   4.84794000867204       -14.1853382491395     
   4.89794000867204       -14.1249437167462     
   4.94794000867204       -14.1956466154833     
   4.99794000867204       -14.2124437440737     
   5.04794000867204       -14.1500699288273     
   5.09794000867204       -14.1014025929397     
   5.14794000867204       -14.1951868506926     
   5.19794000867204       -14.0701372400172     
   5.24794000867204       -14.0984826754985     
   5.29794000867204       -14.1224208563455     
   5.34794000867204       -14.1024843396275     
   5.39794000867204       -14.0059932224844     
   5.44794000867204       -14.0986963676285     
   5.49794000867204       -14.0388263459406     
   5.54794000867204       -13.9783868236531     
   5.59794000867204       -14.0236630112107     
   5.64794000867204       -14.0889584855198     
   5.69794000867204       -14.1247410142734     
   5.74794000867204       -13.9892079533677     
   5.79794000867204       -14.0052149703480     
   5.84794000867204       -14.0183652636164     
   5.89794000867204       -13.9863127703805     
 zone T = "ep =   5.011872336272725E-003 ",
   2.39794000867204       -9.54787351055618     
   2.44794000867204       -9.67115814794727     
   2.49794000867204       -9.80812987662949     
   2.54794000867204       -9.94645167269019     
   2.59794000867204       -10.0933218253254     
   2.64794000867204       -10.2398840725501     
   2.69794000867204       -10.3933434847498     
   2.74794000867204       -10.5428419496388     
   2.79794000867204       -10.7041140477685     
   2.84794000867204       -10.8649544508089     
   2.89794000867204       -11.0287516492282     
   2.94794000867204       -11.1955784082472     
   2.99794000867204       -11.3679738929516     
   3.04794000867204       -11.5386377485404     
   3.09794000867204       -11.7157837407410     
   3.14794000867204       -11.8909348844820     
   3.19794000867204       -12.0709719888648     
   3.24794000867204       -12.2488234365647     
   3.29794000867204       -12.4293215947048     
   3.34794000867204       -12.6142090369182     
   3.39794000867204       -12.7985068800289     
   3.44794000867204       -12.9801453550620     
   3.49794000867204       -13.1630839125540     
   3.54794000867204       -13.3420108471810     
   3.59794000867204       -13.5172857910762     
   3.64794000867204       -13.6896153153810     
   3.69794000867204       -13.8398536411396     
   3.74794000867204       -13.9791511229370     
   3.79794000867204       -14.0752615395808     
   3.84794000867204       -14.1457063898478     
   3.89794000867204       -14.1766553983256     
   3.94794000867204       -14.2362637471051     
   3.99794000867204       -14.2093013693469     
   4.04794000867204       -14.2449320731531     
   4.09794000867204       -14.2107209968447     
   4.14794000867204       -14.2182852427857     
   4.19794000867204       -14.2071813073864     
   4.24794000867204       -14.2598111906773     
   4.29794000867204       -14.2819910009843     
   4.34794000867204       -14.2381433141752     
   4.39794000867204       -14.2624963969296     
   4.44794000867204       -14.2892719283195     
   4.49794000867204       -14.2593374844445     
   4.54794000867204       -14.2412763276858     
