 zone T = "ep =    1.0000000000000000      ",
   1.0000000000000000        1.4523660125777336     
   1.0500000000000000        1.4523660125777336     
   1.1000000000000001        1.4523660125777336     
   1.1499999999999999        1.4523660125777336     
   1.2000000000000000        1.4523660125777336     
   1.2500000000000000        1.4523660125777336     
   1.3000000000000000        1.4523660125777336     
   1.3499999999999999        1.4523660125777336     
   1.3999999999999999        1.4523660125777336     
   1.4500000000000000        1.4523660125777336     
   1.5000000000000000        1.4523660125777336     
   1.5500000000000000        1.4523660125777336     
   1.6000000000000001        1.4523660125777336     
   1.6499999999999999        1.4523660125777336     
   1.7000000000000000        1.4523660125777336     
   1.7500000000000000        1.4523660125777336     
   1.8000000000000000        1.4523660125777336     
   1.8499999999999999        1.4523660125777336     
   1.9000000000000001        1.4523660125777336     
   1.9500000000000000        1.4523660125777336     
   2.0000000000000000        1.4523660125777336     
   2.0499999999999998        1.4523660125777336     
   2.1000000000000001        1.4523660125777336     
   2.1499999999999999        1.4523660125777336     
   2.2000000000000002        1.4523660125777336     
   2.2500000000000000        1.4523660125777336     
   2.2999999999999998        1.4523660125777336     
   2.3500000000000001        1.4523660125777336     
   2.3999999999999999        1.4523660125777336     
   2.4500000000000002        1.4523660125777336     
   2.5000000000000000        1.4523660125777336     
   2.5499999999999998        1.4523660125777336     
   2.6000000000000001        1.4523660125777336     
   2.6499999999999999        1.4523660125777336     
   2.7000000000000002        1.4523660125777336     
   2.7500000000000000        1.4523660125777336     
   2.7999999999999998        1.4523660125777336     
   2.8500000000000001        1.4523660125777336     
   2.8999999999999999        1.4523660125777336     
   2.9500000000000002        1.4523660125777336     
   3.0000000000000000        1.4523660125777336     
   3.0499999999999998        1.4523660125777336     
   3.1000000000000001        1.4523660125777336     
   3.1499999999999999        1.4523660125777336     
   3.2000000000000002        1.4523660125777336     
   3.2500000000000000        1.4523660125777336     
   3.2999999999999998        1.4523660125777336     
   3.3500000000000001        1.4523660125777336     
   3.3999999999999999        1.4523660125777336     
   3.4500000000000002        1.4523660125777336     
   3.5000000000000000        1.4523660125777336     
   3.5499999999999998        1.4523660125777336     
   3.6000000000000001        1.4523660125777336     
   3.6499999999999999        1.4523660125777336     
   3.7000000000000002        1.4523660125777336     
   3.7500000000000000        1.4523660125777336     
   3.7999999999999998        1.4523660125777336     
   3.8500000000000001        1.4523660125777336     
   3.8999999999999999        1.4523660125777336     
   3.9500000000000002        1.4523660125777336     
   4.0000000000000000        1.4523660125777336     
   4.0499999999999998        1.4523660125777336     
   4.0999999999999996        1.4523660125777336     
   4.1500000000000004        1.4523660125777336     
   4.2000000000000002        1.4523660125777336     
   4.2500000000000000        1.4523660125777336     
   4.2999999999999998        1.4523660125777336     
   4.3499999999999996        1.4523660125777336     
   4.4000000000000004        1.4523660125777336     
   4.4500000000000002        1.4523660125777336     
   4.5000000000000000        1.4523660125777336     
 zone T = "ep =   0.79432823472428149      ",
   1.0000000000000000        1.4437756569485714     
   1.0500000000000000        1.4437756569485714     
   1.1000000000000001        1.4437756569485714     
   1.1499999999999999        1.4437756569485714     
   1.2000000000000000        1.4437756569485714     
   1.2500000000000000        1.4437756569485714     
   1.3000000000000000        1.4437756569485714     
   1.3499999999999999        1.4437756569485714     
   1.3999999999999999        1.4437756569485714     
   1.4500000000000000        1.4437756569485714     
   1.5000000000000000        1.4437756569485714     
   1.5500000000000000        1.4437756569485714     
   1.6000000000000001        1.4437756569485714     
   1.6499999999999999        1.4437756569485714     
   1.7000000000000000        1.4437756569485714     
   1.7500000000000000        1.4437756569485714     
   1.8000000000000000        1.4437756569485714     
   1.8499999999999999        1.4437756569485714     
   1.9000000000000001        1.4437756569485714     
   1.9500000000000000        1.4437756569485714     
   2.0000000000000000        1.4437756569485714     
   2.0499999999999998        1.4437756569485714     
   2.1000000000000001        1.4437756569485714     
   2.1499999999999999        1.4437756569485714     
   2.2000000000000002        1.4437756569485714     
   2.2500000000000000        1.4437756569485714     
   2.2999999999999998        1.4437756569485714     
   2.3500000000000001        1.4437756569485714     
   2.3999999999999999        1.4437756569485714     
   2.4500000000000002        1.4437756569485714     
   2.5000000000000000        1.4437756569485714     
   2.5499999999999998        1.4437756569485714     
   2.6000000000000001        1.4437756569485714     
   2.6499999999999999        1.4437756569485714     
   2.7000000000000002        1.4437756569485714     
   2.7500000000000000        1.4437756569485714     
   2.7999999999999998        1.4437756569485714     
   2.8500000000000001        1.4437756569485714     
   2.8999999999999999        1.4437756569485714     
   2.9500000000000002        1.4437756569485714     
   3.0000000000000000        1.4437756569485714     
   3.0499999999999998        1.4437756569485714     
   3.1000000000000001        1.4437756569485714     
   3.1499999999999999        1.4437756569485714     
   3.2000000000000002        1.4437756569485714     
   3.2500000000000000        1.4437756569485714     
   3.2999999999999998        1.4437756569485714     
   3.3500000000000001        1.4437756569485714     
   3.3999999999999999        1.4437756569485714     
   3.4500000000000002        1.4437756569485714     
   3.5000000000000000        1.4437756569485714     
   3.5499999999999998        1.4437756569485714     
   3.6000000000000001        1.4437756569485714     
   3.6499999999999999        1.4437756569485714     
   3.7000000000000002        1.4437756569485714     
   3.7500000000000000        1.4437756569485714     
   3.7999999999999998        1.4437756569485714     
   3.8500000000000001        1.4437756569485714     
   3.8999999999999999        1.4437756569485714     
   3.9500000000000002        1.4437756569485714     
   4.0000000000000000        1.4437756569485714     
   4.0499999999999998        1.4437756569485714     
   4.0999999999999996        1.4437756569485714     
   4.1500000000000004        1.4437756569485714     
   4.2000000000000002        1.4437756569485714     
   4.2500000000000000        1.4437756569485714     
   4.2999999999999998        1.4437756569485714     
   4.3499999999999996        1.4437756569485714     
   4.4000000000000004        1.4437756569485714     
   4.4500000000000002        1.4437756569485714     
   4.5000000000000000        1.4437756569485714     
 zone T = "ep =   0.63095734448019325      ",
   1.0000000000000000        1.4655647643947849     
   1.0500000000000000        1.4655647643947849     
   1.1000000000000001        1.4655647643947849     
   1.1499999999999999        1.4655647643947849     
   1.2000000000000000        1.4655647643947849     
   1.2500000000000000        1.4655647643947849     
   1.3000000000000000        1.4655647643947849     
   1.3499999999999999        1.4655647643947849     
   1.3999999999999999        1.4655647643947849     
   1.4500000000000000        1.4655647643947849     
   1.5000000000000000        1.4655647643947849     
   1.5500000000000000        1.4655647643947849     
   1.6000000000000001        1.4655647643947849     
   1.6499999999999999        1.4655647643947849     
   1.7000000000000000        1.4655647643947849     
   1.7500000000000000        1.4655647643947849     
   1.8000000000000000        1.4655647643947849     
   1.8499999999999999        1.4655647643947849     
   1.9000000000000001        1.4655647643947849     
   1.9500000000000000        1.4655647643947849     
   2.0000000000000000        1.4655647643947849     
   2.0499999999999998        1.4655647643947849     
   2.1000000000000001        1.4655647643947849     
   2.1499999999999999        1.4655647643947849     
   2.2000000000000002        1.4655647643947849     
   2.2500000000000000        1.4655647643947849     
   2.2999999999999998        1.4655647643947849     
   2.3500000000000001        1.4655647643947849     
   2.3999999999999999        1.4655647643947849     
   2.4500000000000002        1.4655647643947849     
   2.5000000000000000        1.4655647643947849     
   2.5499999999999998        1.4655647643947849     
   2.6000000000000001        1.4655647643947849     
   2.6499999999999999        1.4655647643947849     
   2.7000000000000002        1.4655647643947849     
   2.7500000000000000        1.4655647643947849     
   2.7999999999999998        1.4655647643947849     
   2.8500000000000001        1.4655647643947849     
   2.8999999999999999        1.4655647643947849     
   2.9500000000000002        1.4655647643947849     
   3.0000000000000000        1.4655647643947849     
   3.0499999999999998        1.4655647643947849     
   3.1000000000000001        1.4655647643947849     
   3.1499999999999999        1.4655647643947849     
   3.2000000000000002        1.4655647643947849     
   3.2500000000000000        1.4655647643947849     
   3.2999999999999998        1.4655647643947849     
   3.3500000000000001        1.4655647643947849     
   3.3999999999999999        1.4655647643947849     
   3.4500000000000002        1.4655647643947849     
   3.5000000000000000        1.4655647643947849     
   3.5499999999999998        1.4655647643947849     
   3.6000000000000001        1.4655647643947849     
   3.6499999999999999        1.4655647643947849     
   3.7000000000000002        1.4655647643947849     
   3.7500000000000000        1.4655647643947849     
   3.7999999999999998        1.4655647643947849     
   3.8500000000000001        1.4655647643947849     
   3.8999999999999999        1.4655647643947849     
   3.9500000000000002        1.4655647643947849     
   4.0000000000000000        1.4655647643947849     
   4.0499999999999998        1.4655647643947849     
   4.0999999999999996        1.4655647643947849     
   4.1500000000000004        1.4655647643947849     
   4.2000000000000002        1.4655647643947849     
   4.2500000000000000        1.4655647643947849     
   4.2999999999999998        1.4655647643947849     
   4.3499999999999996        1.4655647643947849     
   4.4000000000000004        1.4655647643947849     
   4.4500000000000002        1.4655647643947849     
   4.5000000000000000        1.4655647643947849     
 zone T = "ep =   0.50118723362727235      ",
   1.0000000000000000        1.4980334802710935     
   1.0500000000000000        1.4980334802710935     
   1.1000000000000001        1.4980334802710935     
   1.1499999999999999        1.4980334802710935     
   1.2000000000000000        1.4980334802710935     
   1.2500000000000000        1.4980334802710935     
   1.3000000000000000        1.4980334802710935     
   1.3499999999999999        1.4980334802710935     
   1.3999999999999999        1.4980334802710935     
   1.4500000000000000        1.4980334802710935     
   1.5000000000000000        1.4980334802710935     
   1.5500000000000000        1.4980334802710935     
   1.6000000000000001        1.4980334802710935     
   1.6499999999999999        1.4980334802710935     
   1.7000000000000000        1.4980334802710935     
   1.7500000000000000        1.4980334802710935     
   1.8000000000000000        1.4980334802710935     
   1.8499999999999999        1.4980334802710935     
   1.9000000000000001        1.4980334802710935     
   1.9500000000000000        1.4980334802710935     
   2.0000000000000000        1.4980334802710935     
   2.0499999999999998        1.4980334802710935     
   2.1000000000000001        1.4980334802710935     
   2.1499999999999999        1.4980334802710935     
   2.2000000000000002        1.4980334802710935     
   2.2500000000000000        1.4980334802710935     
   2.2999999999999998        1.4980334802710935     
   2.3500000000000001        1.4980334802710935     
   2.3999999999999999        1.4980334802710935     
   2.4500000000000002        1.4980334802710935     
   2.5000000000000000        1.4980334802710935     
   2.5499999999999998        1.4980334802710935     
   2.6000000000000001        1.4980334802710935     
   2.6499999999999999        1.4980334802710935     
   2.7000000000000002        1.4980334802710935     
   2.7500000000000000        1.4980334802710935     
   2.7999999999999998        1.4980334802710935     
   2.8500000000000001        1.4980334802710935     
   2.8999999999999999        1.4980334802710935     
   2.9500000000000002        1.4980334802710935     
   3.0000000000000000        1.4980334802710935     
   3.0499999999999998        1.4980334802710935     
   3.1000000000000001        1.4980334802710935     
   3.1499999999999999        1.4980334802710935     
   3.2000000000000002        1.4980334802710935     
   3.2500000000000000        1.4980334802710935     
   3.2999999999999998        1.4980334802710935     
   3.3500000000000001        1.4980334802710935     
   3.3999999999999999        1.4980334802710935     
   3.4500000000000002        1.4980334802710935     
   3.5000000000000000        1.4980334802710935     
   3.5499999999999998        1.4980334802710935     
   3.6000000000000001        1.4980334802710935     
   3.6499999999999999        1.4980334802710935     
   3.7000000000000002        1.4980334802710935     
   3.7500000000000000        1.4980334802710935     
   3.7999999999999998        1.4980334802710935     
   3.8500000000000001        1.4980334802710935     
   3.8999999999999999        1.4980334802710935     
   3.9500000000000002        1.4980334802710935     
   4.0000000000000000        1.4980334802710935     
   4.0499999999999998        1.4980334802710935     
   4.0999999999999996        1.4980334802710935     
   4.1500000000000004        1.4980334802710935     
   4.2000000000000002        1.4980334802710935     
   4.2500000000000000        1.4980334802710935     
   4.2999999999999998        1.4980334802710935     
   4.3499999999999996        1.4980334802710935     
   4.4000000000000004        1.4980334802710935     
   4.4500000000000002        1.4980334802710935     
   4.5000000000000000        1.4980334802710935     
 zone T = "ep =   0.39810717055349726      ",
   1.0000000000000000        1.5212994850684569     
   1.0500000000000000        1.5212994850684569     
   1.1000000000000001        1.5212994850684569     
   1.1499999999999999        1.5212994850684569     
   1.2000000000000000        1.5212994850684569     
   1.2500000000000000        1.5212994850684569     
   1.3000000000000000        1.5212994850684569     
   1.3499999999999999        1.5212994850684569     
   1.3999999999999999        1.5212994850684569     
   1.4500000000000000        1.5212994850684569     
   1.5000000000000000        1.5212994850684569     
   1.5500000000000000        1.5212994850684569     
   1.6000000000000001        1.5212994850684569     
   1.6499999999999999        1.5212994850684569     
   1.7000000000000000        1.5212994850684569     
   1.7500000000000000        1.5212994850684569     
   1.8000000000000000        1.5212994850684569     
   1.8499999999999999        1.5212994850684569     
   1.9000000000000001        1.5212994850684569     
   1.9500000000000000        1.5212994850684569     
