 zone T = "ep =    1.00000000000000      ",
   1.30102999566398       -3.27581106661582     
   1.35102999566398       -3.48111291656506     
   1.40102999566398       -3.68115530630317     
   1.45102999566398       -3.88272106811306     
   1.50102999566398       -4.08043356247983     
   1.55102999566398       -4.27669150200212     
   1.60102999566398       -4.47217882860030     
   1.65102999566398       -4.66666396552916     
   1.70102999566398       -4.85906472648300     
   1.75102999566398       -5.05107634651916     
   1.80102999566398       -5.24146675052908     
   1.85102999566398       -5.42829039583811     
   1.90102999566398       -5.61456201314188     
   1.95102999566398       -5.79946919976460     
   2.00102999566398       -5.98133449140378     
   2.05102999566398       -6.16372196398587     
   2.10102999566398       -6.34233177787497     
   2.15102999566398       -6.52013638221055     
   2.20102999566398       -6.69632831498213     
   2.25102999566398       -6.87065758743937     
   2.30102999566398       -7.04190803111462     
   2.35102999566398       -7.21363965935801     
   2.40102999566398       -7.38323376751991     
   2.45102999566398       -7.54740085137114     
   2.50102999566398       -7.70932456480861     
   2.55102999566398       -7.87056781848880     
   2.60102999566398       -8.02882680206089     
   2.65102999566398       -8.18723779699292     
   2.70102999566398       -8.34284398359009     
   2.75102999566398       -8.49838877621642     
   2.80102999566398       -8.65322094830789     
   2.85102999566398       -8.80666443751615     
   2.90102999566398       -8.96003999784115     
   2.95102999566398       -9.11314555872939     
   3.00102999566398       -9.26565831468057     
   3.05102999566398       -9.41754517848060     
   3.10102999566398       -9.56953206847364     
   3.15102999566398       -9.72103596693723     
   3.20102999566398       -9.87259480830080     
   3.25102999566398       -10.0238031971722     
   3.30102999566398       -10.1743098936613     
   3.35102999566398       -10.3257843567429     
   3.40102999566398       -10.4766312082098     
   3.45102999566398       -10.6272151371854     
   3.50102999566398       -10.7778894877095     
   3.55102999566398       -10.9284885945807     
   3.60102999566398       -11.0789470544904     
   3.65102999566398       -11.2294374396373     
   3.70102999566398       -11.3798186864255     
   3.75102999566398       -11.5301351678048     
   3.80102999566398       -11.6804191813128     
   3.85102999566398       -11.8306812718182     
   3.90102999566398       -11.9809226409512     
   3.95102999566398       -12.1311240005015     
   4.00102999566398       -12.2812896540897     
   4.05102999566398       -12.4314233757300     
   4.10102999566398       -12.5815359922621     
   4.15102999566398       -12.7316211360056     
   4.20102999566398       -12.8816647336511     
   4.25102999566398       -13.0316605023448     
   4.30102999566398       -13.1815798361852     
   4.35102999566398       -13.3315183820267     
   4.40102999566398       -13.4813370738667     
   4.45102999566398       -13.6310177404631     
   4.50102999566398       -13.7805573819750     
   4.55102999566398       -13.9298548348181     
   4.60102999566398       -14.0788494724932     
   4.65102999566398       -14.2274276485422     
   4.70102999566398       -14.3753857873334     
   4.75102999566398       -14.5225200218039     
   4.80102999566398       -14.6684612919474     
 zone T = "ep =   0.794328234724281      ",
   1.30102999566398       -2.97019591548759     
   1.35102999566398       -3.17998907356394     
   1.40102999566398       -3.38545458834787     
   1.45102999566398       -3.58876538961444     
   1.50102999566398       -3.78967684681169     
   1.55102999566398       -3.98889379981998     
   1.60102999566398       -4.18666165967747     
   1.65102999566398       -4.38296876628223     
   1.70102999566398       -4.57752128407602     
   1.75102999566398       -4.77080013048678     
   1.80102999566398       -4.96242051458122     
   1.85102999566398       -5.15164808216471     
   1.90102999566398       -5.33949926584991     
   1.95102999566398       -5.52569537358038     
   2.00102999566398       -5.70958232123276     
   2.05102999566398       -5.89254255331689     
   2.10102999566398       -6.07287741987942     
   2.15102999566398       -6.25179018794451     
   2.20102999566398       -6.42896945817756     
   2.25102999566398       -6.60433367955146     
   2.30102999566398       -6.77737407165310     
   2.35102999566398       -6.94965584194472     
   2.40102999566398       -7.12008640500032     
   2.45102999566398       -7.28901693462868     
   2.50102999566398       -7.45632116970265     
   2.55102999566398       -7.62209548101044     
   2.60102999566398       -7.78697935443009     
   2.65102999566398       -7.95047011025779     
   2.70102999566398       -8.11271339867696     
   2.75102999566398       -8.27391007359835     
   2.80102999566398       -8.43408057687988     
   2.85102999566398       -8.59319585056149     
   2.90102999566398       -8.75045926975221     
   2.95102999566398       -8.90732310074064     
   3.00102999566398       -9.06312820848897     
   3.05102999566398       -9.21812546086404     
   3.10102999566398       -9.37264152485359     
   3.15102999566398       -9.52660711120089     
   3.20102999566398       -9.68003440771692     
   3.25102999566398       -9.83304378477768     
   3.30102999566398       -9.98540492705377     
   3.35102999566398       -10.1380468042653     
   3.40102999566398       -10.2901362683247     
   3.45102999566398       -10.4419163348010     
   3.50102999566398       -10.5935318362870     
   3.55102999566398       -10.7450039102024     
   3.60102999566398       -10.8962404974524     
   3.65102999566398       -11.0473968781346     
   3.70102999566398       -11.1983834835192     
   3.75102999566398       -11.3492557879455     
   3.80102999566398       -11.5000255887678     
   3.85102999566398       -11.6507216611832     
   3.90102999566398       -11.8013371404320     
   3.95102999566398       -11.9518790286479     
   4.00102999566398       -12.1023520787580     
   4.05102999566398       -12.2527632017064     
   4.10102999566398       -12.4031234589291     
   4.15102999566398       -12.5534318008820     
   4.20102999566398       -12.7036832058136     
   4.25102999566398       -12.8538756889328     
   4.30102999566398       -13.0039943373966     
   4.35102999566398       -13.1540909830235     
   4.40102999566398       -13.3040895129358     
   4.45102999566398       -13.4539691317167     
   4.50102999566398       -13.6037287618776     
   4.55102999566398       -13.7532888583196     
   4.60102999566398       -13.9026143753022     
   4.65102999566398       -14.0516120534143     
   4.70102999566398       -14.2001315712659     
   4.75102999566398       -14.3479629883305     
   4.80102999566398       -14.4949210344400     
 zone T = "ep =   0.630957344480193      ",
   1.30102999566398       -2.65025121774166     
   1.35102999566398       -2.87074429843612     
   1.40102999566398       -3.08341439629110     
   1.45102999566398       -3.29103500743973     
   1.50102999566398       -3.49575921588392     
   1.55102999566398       -3.69824983830937     
   1.60102999566398       -3.89882555133187     
   1.65102999566398       -4.09767382341000     
   1.70102999566398       -4.29487385760640     
   1.75102999566398       -4.49040186630632     
   1.80102999566398       -4.68423272193989     
   1.85102999566398       -4.87619850246547     
   1.90102999566398       -5.06640319927467     
   1.95102999566398       -5.25480350494707     
   2.00102999566398       -5.44122354686688     
   2.05102999566398       -5.62599729045076     
   2.10102999566398       -5.80867392762818     
   2.15102999566398       -5.98959302202606     
   2.20102999566398       -6.16867933004458     
   2.25102999566398       -6.34593053626016     
   2.30102999566398       -6.52119412705684     
   2.35102999566398       -6.69502174641442     
   2.40102999566398       -6.86708894971309     
   2.45102999566398       -7.03755075338576     
   2.50102999566398       -7.20640505401322     
   2.55102999566398       -7.37372968004728     
   2.60102999566398       -7.53980728599091     
   2.65102999566398       -7.70450415582540     
   2.70102999566398       -7.86792214751920     
   2.75102999566398       -8.03018685094506     
   2.80102999566398       -8.19135629630389     
   2.85102999566398       -8.35146716671215     
   2.90102999566398       -8.51070378655054     
   2.95102999566398       -8.66910546953177     
   3.00102999566398       -8.82666265728960     
   3.05102999566398       -8.98346162923717     
   3.10102999566398       -9.13965861327516     
   3.15102999566398       -9.29519777354555     
   3.20102999566398       -9.45023475853679     
   3.25102999566398       -9.60473633198663     
   3.30102999566398       -9.75865776555843     
   3.35102999566398       -9.91241059778253     
   3.40102999566398       -10.0656759650433     
   3.45102999566398       -10.2185696299746     
   3.50102999566398       -10.3711963187561     
   3.55102999566398       -10.5235521009917     
   3.60102999566398       -10.6756422586702     
   3.65102999566398       -10.8275342916624     
   3.70102999566398       -10.9792126797427     
   3.75102999566398       -11.1307096279380     
   3.80102999566398       -11.2820463367439     
   3.85102999566398       -11.4332435966373     
   3.90102999566398       -11.5843140501813     
   3.95102999566398       -11.7352655895117     
   4.00102999566398       -11.8861106277856     
   4.05102999566398       -12.0368594128688     
   4.10102999566398       -12.1875225256208     
   4.15102999566398       -12.3381069241059     
   4.20102999566398       -12.4886131970318     
   4.25102999566398       -12.6390448731919     
   4.30102999566398       -12.7893990908463     
   4.35102999566398       -12.9396971442779     
   4.40102999566398       -13.0899072767617     
   4.45102999566398       -13.2400207517659     
   4.50102999566398       -13.3900213021732     
   4.55102999566398       -13.5398792503171     
   4.60102999566398       -13.6895631482909     
   4.65102999566398       -13.8389912096674     
   4.70102999566398       -13.9880850752334     
   4.75102999566398       -14.1367371865357     
   4.80102999566398       -14.2847157440523     
 zone T = "ep =   0.501187233627272      ",
   1.30102999566398       -2.29507927301784     
   1.35102999566398       -2.54210466576168     
   1.40102999566398       -2.76849745316176     
   1.45102999566398       -2.98513207522565     
   1.50102999566398       -3.19491837456690     
   1.55102999566398       -3.40126883548953     
   1.60102999566398       -3.60523358648527     
   1.65102999566398       -3.80722675009210     
   1.70102999566398       -4.00734912873392     
   1.75102999566398       -4.20584017889382     
   1.80102999566398       -4.40252126862991     
   1.85102999566398       -4.59737087458413     
   1.90102999566398       -4.79038409017151     
   1.95102999566398       -4.98151331273928     
   2.00102999566398       -5.17076720970906     
   2.05102999566398       -5.35809111001143     
   2.10102999566398       -5.54349016716502     
   2.15102999566398       -5.72696973049462     
   2.20102999566398       -5.90853797248231     
   2.25102999566398       -6.08821728156377     
   2.30102999566398       -6.26600185268476     
   2.35102999566398       -6.44201411384384     
   2.40102999566398       -6.61624497352526     
   2.45102999566398       -6.78876411542468     
   2.50102999566398       -6.95962055370102     
   2.55102999566398       -7.12888280512896     
   2.60102999566398       -7.29667209796304     
   2.65102999566398       -7.46301777731023     
   2.70102999566398       -7.62800285087623     
   2.75102999566398       -7.79171909874286     
   2.80102999566398       -7.95424245316754     
   2.85102999566398       -8.11564197480921     
   2.90102999566398       -8.27602503504156     
   2.95102999566398       -8.43545976901219     
   3.00102999566398       -8.59399892353474     
   3.05102999566398       -8.75171827114478     
   3.10102999566398       -8.90871076296401     
   3.15102999566398       -9.06500850896463     
   3.20102999566398       -9.22069904047322     
   3.25102999566398       -9.37581472284980     
   3.30102999566398       -9.53038109975311     
   3.35102999566398       -9.68455043077158     
   3.40102999566398       -9.83826527467537     
   3.45102999566398       -9.99158863705134     
   3.50102999566398       -10.1445780299856     
   3.55102999566398       -10.2972576690606     
   3.60102999566398       -10.4496520991927     
   3.65102999566398       -10.6018016138104     
   3.70102999566398       -10.7537207333192     
   3.75102999566398       -10.9054358627229     
   3.80102999566398       -11.0569686293154     
   3.85102999566398       -11.2083389470930     
   3.90102999566398       -11.3595630551816     
   3.95102999566398       -11.5106543195175     
   4.00102999566398       -11.6616264742944     
   4.05102999566398       -11.8124911096883     
   4.10102999566398       -11.9632595541501     
   4.15102999566398       -12.1139395476971     
   4.20102999566398       -12.2645380561233     
   4.25102999566398       -12.4150598985811     
   4.30102999566398       -12.5655070592569     
   4.35102999566398       -12.7158896333244     
   4.40102999566398       -12.8661952697324     
   4.45102999566398       -13.0164201198332     
   4.50102999566398       -13.1665580835187     
   4.55102999566398       -13.3165896674693     
   4.60102999566398       -13.4664849772925     
   4.65102999566398       -13.6162158855805     
   4.70102999566398       -13.7657122140899     
   4.75102999566398       -13.9149142558176     
   4.80102999566398       -14.0636643292998     
 zone T = "ep =   0.398107170553497      ",
   1.30102999566398       -1.82461470669812     
   1.35102999566398       -2.15929088927722     
   1.40102999566398       -2.42647219025391     
   1.45102999566398       -2.66307494275504     
   1.50102999566398       -2.88405810613592     
   1.55102999566398       -3.09687056625711     
   1.60102999566398       -3.30521760213822     
   1.65102999566398       -3.51070774545380     
   1.70102999566398       -3.71397728133510     
   1.75102999566398       -3.91546636558831     
   1.80102999566398       -4.11515367710884     
   1.85102999566398       -4.31297540059977     
   1.90102999566398       -4.50903346206676     
   1.95102999566398       -4.70324812706165     
   2.00102999566398       -4.89552573607211     
   2.05102999566398       -5.08591691683587     
   2.10102999566398       -5.27431184751315     
   2.15102999566398       -5.46074772967781     
   2.20102999566398       -5.64522082402263     
   2.25102999566398       -5.82772711429989     
   2.30102999566398       -6.00828396631023     
   2.35102999566398       -6.18696131909759     
   2.40102999566398       -6.36375863241906     
   2.45102999566398       -6.53874860810445     
   2.50102999566398       -6.71197689074632     
   2.55102999566398       -6.88351030384997     
   2.60102999566398       -7.05342748301866     
   2.65102999566398       -7.22179057484126     
   2.70102999566398       -7.38868099641277     
   2.75102999566398       -7.55418087355770     
   2.80102999566398       -7.71837101912556     
   2.85102999566398       -7.88133227487959     
   2.90102999566398       -8.04314983589783     
   2.95102999566398       -8.20390216647085     
   3.00102999566398       -8.36366697413863     
   3.05102999566398       -8.52251957600996     
   3.10102999566398       -8.68053431409315     
   3.15102999566398       -8.83777848296237     
   3.20102999566398       -8.99431793857104     
   3.25102999566398       -9.15021399112901     
   3.30102999566398       -9.30552398462037     
   3.35102999566398       -9.46030113044861     
   3.40102999566398       -9.61459499365435     
   3.45102999566398       -9.76845115617807     
   3.50102999566398       -9.92191151297102     
   3.55102999566398       -10.0750145350513     
   3.60102999566398       -10.2277953215082     
   3.65102999566398       -10.3802859111676     
   3.70102999566398       -10.5325153035816     
   3.75102999566398       -10.6845099512259     
   3.80102999566398       -10.8362936771549     
   3.85102999566398       -10.9878880196844     
   3.90102999566398       -11.1393124289500     
   3.95102999566398       -11.2905841866929     
   4.00102999566398       -11.4417189922069     
   4.05102999566398       -11.5927303910534     
   4.10102999566398       -11.7436311767508     
   4.15102999566398       -11.8944312138733     
   4.20102999566398       -12.0451401783946     
   4.25102999566398       -12.1957655996612     
   4.30102999566398       -12.3463132535183     
   4.35102999566398       -12.4967866411070     
   4.40102999566398       -12.6471884354194     
   4.45102999566398       -12.7975170442906     
   4.50102999566398       -12.9477686876413     
   4.55102999566398       -13.0979355336882     
   4.60102999566398       -13.2479971898385     
   4.65102999566398       -13.3979393584489     
   4.70102999566398       -13.5477185329968     
   4.75102999566398       -13.6972946110371     
   4.80102999566398       -13.8465827255437     
 zone T = "ep =   0.316227766016838      ",
   1.30102999566398      -0.558838819769025     
   1.35102999566398       -1.54444267400473     
   1.40102999566398       -1.98739030692247     
   1.45102999566398       -2.29738468720179     
   1.50102999566398       -2.55086319351447     
   1.55102999566398       -2.77962513373894     
   1.60102999566398       -2.99656741688397     
   1.65102999566398       -3.20726822363278     
   1.70102999566398       -3.41434727758916     
   1.75102999566398       -3.61904502161802     
   1.80102999566398       -3.82176591631254     
   1.85102999566398       -4.02264991165761     
   1.90102999566398       -4.22179171394687     
   1.95102999566398       -4.41913733327917     
   2.00102999566398       -4.61459375135846     
   2.05102999566398       -4.80819246853410     
   2.10102999566398       -4.99978867814604     
   2.15102999566398       -5.18942378777327     
   2.20102999566398       -5.37706360507047     
   2.25102999566398       -5.56269159633752     
   2.30102999566398       -5.74630345636517     
   2.35102999566398       -5.92796706139647     
   2.40102999566398       -6.10767748004606     
   2.45102999566398       -6.28547717759799     
   2.50102999566398       -6.46141109579372     
   2.55102999566398       -6.63553737892486     
   2.60102999566398       -6.80793682320798     
   2.65102999566398       -6.97865747868761     
   2.70102999566398       -7.14777904279734     
   2.75102999566398       -7.31538236387526     
   2.80102999566398       -7.48154720628635     
   2.85102999566398       -7.64635313297671     
   2.90102999566398       -7.80989210198895     
   2.95102999566398       -7.97224528651572     
   3.00102999566398       -8.13348764303704     
   3.05102999566398       -8.29370132733895     
   3.10102999566398       -8.45297164218952     
   3.15102999566398       -8.61136381551880     
   3.20102999566398       -8.76895737081243     
   3.25102999566398       -8.92581276200760     
   3.30102999566398       -9.08198598825545     
   3.35102999566398       -9.23756643084720     
   3.40102999566398       -9.39258035708906     
   3.45102999566398       -9.54708553081178     
   3.50102999566398       -9.70113542527455     
   3.55102999566398       -9.85477080704179     
   3.60102999566398       -10.0080300646136     
   3.65102999566398       -10.1609532653746     
   3.70102999566398       -10.3135708073519     
   3.75102999566398       -10.4659140898696     
   3.80102999566398       -10.6180109395688     
   3.85102999566398       -10.7698867482273     
   3.90102999566398       -10.9215639215955     
   3.95102999566398       -11.0730624341269     
   4.00102999566398       -11.2244006953466     
   4.05102999566398       -11.3755950022423     
   4.10102999566398       -11.5266604133677     
   4.15102999566398       -11.6776097473373     
   4.20102999566398       -11.8284540208632     
   4.25102999566398       -11.9792032278395     
   4.30102999566398       -12.1298657414969     
   4.35102999566398       -12.2804494716200     
   4.40102999566398       -12.4309584047221     
   4.45102999566398       -12.5813945967528     
   4.50102999566398       -12.7317600373356     
   4.55102999566398       -12.8820522359396     
   4.60102999566398       -13.0322652999312     
   4.65102999566398       -13.1823837045089     
   4.70102999566398       -13.3323914009804     
   4.75102999566398       -13.4822551905311     
   4.80102999566398       -13.6319230789468     
 zone T = "ep =   0.251188643150958      ",
   1.30102999566398        166.749932681375     
   1.35102999566398        101.209219455487     
   1.40102999566398      -0.838067624704159     
   1.45102999566398       -1.72048927976598     
   1.50102999566398       -2.13647944773317     
   1.55102999566398       -2.42618237130752     
   1.60102999566398       -2.66948868298845     
   1.65102999566398       -2.89296582955245     
   1.70102999566398       -3.10694307788748     
   1.75102999566398       -3.31601739769084     
   1.80102999566398       -3.52214751108561     
   1.85102999566398       -3.72614734938978     
   1.90102999566398       -3.92834288952181     
   1.95102999566398       -4.12879841767069     
   2.00102999566398       -4.32746398570621     
   2.05102999566398       -4.52432371398882     
   2.10102999566398       -4.71925618871564     
   2.15102999566398       -4.91225015146607     
   2.20102999566398       -5.10325357888339     
   2.25102999566398       -5.29223501648636     
   2.30102999566398       -5.47917095736637     
   2.35102999566398       -5.66410173813187     
   2.40102999566398       -5.84701017107473     
   2.45102999566398       -6.02792857582454     
   2.50102999566398       -6.20689110915813     
   2.55102999566398       -6.38394103961861     
   2.60102999566398       -6.55914760345542     
   2.65102999566398       -6.73255768297636     
   2.70102999566398       -6.90424113110083     
   2.75102999566398       -7.07427509174271     
   2.80102999566398       -7.24273539944443     
   2.85102999566398       -7.40970091355264     
   2.90102999566398       -7.57526342457586     
   2.95102999566398       -7.73950476353515     
   3.00102999566398       -7.90250320156572     
   3.05102999566398       -8.06434439110438     
   3.10102999566398       -8.22511775068299     
   3.15102999566398       -8.38489392861789     
   3.20102999566398       -8.54375795124211     
   3.25102999566398       -8.70177676673440     
   3.30102999566398       -8.85901249054569     
   3.35102999566398       -9.01556135453145     
   3.40102999566398       -9.17145581363638     
   3.45102999566398       -9.32676012681926     
   3.50102999566398       -9.48153400461493     
   3.55102999566398       -9.63582428548184     
   3.60102999566398       -9.78967494233215     
   3.65102999566398       -9.94313169613013     
   3.70102999566398       -10.0962298540912     
   3.75102999566398       -10.2490056752592     
   3.80102999566398       -10.4014914399340     
   3.85102999566398       -10.5537166599306     
   3.90102999566398       -10.7057076280069     
   3.95102999566398       -10.8574877335333     
   4.00102999566398       -11.0090786069802     
   4.05102999566398       -11.1604997870731     
   4.10102999566398       -11.3117687663504     
   4.15102999566398       -11.4629011341055     
   4.20102999566398       -11.6139105293765     
   4.25102999566398       -11.7648090788777     
   4.30102999566398       -11.9156073006508     
   4.35102999566398       -12.0663164759887     
   4.40102999566398       -12.2169420207486     
   4.45102999566398       -12.3674895950602     
   4.50102999566398       -12.5179655308705     
   4.55102999566398       -12.6683702090277     
   4.60102999566398       -12.8187024335648     
   4.65102999566398       -12.9689596784703     
   4.70102999566398       -13.1191310983141     
   4.75102999566398       -13.2692029934459     
   4.80102999566398       -13.4191431015319     
 zone T = "ep =   0.199526231496888      ",
   1.30102999566398                          NaN
   1.35102999566398                          NaN
   1.40102999566398                          NaN
   1.45102999566398                     Infinity
   1.50102999566398       -1.08279602777673     
   1.55102999566398       -1.88667683915223     
   1.60102999566398       -2.27392065976788     
   1.65102999566398       -2.54835141158778     
   1.70102999566398       -2.78410950151496     
   1.75102999566398       -3.00358556317532     
   1.80102999566398       -3.21542260920952     
   1.85102999566398       -3.42326493990842     
   1.90102999566398       -3.62864007329240     
   1.95102999566398       -3.83212811749173     
   2.00102999566398       -4.03389075032688     
   2.05102999566398       -4.23394332869312     
   2.10102999566398       -4.43220184837705     
   2.15102999566398       -4.62860570074206     
   2.20102999566398       -4.82308101452417     
   2.25102999566398       -5.01557082634920     
   2.30102999566398       -5.20602892151446     
   2.35102999566398       -5.39445145032799     
   2.40102999566398       -5.58081804717230     
   2.45102999566398       -5.76513822959657     
   2.50102999566398       -5.94742823046625     
   2.55102999566398       -6.12771834172075     
   2.60102999566398       -6.30605987075796     
   2.65102999566398       -6.48249449990072     
   2.70102999566398       -6.65708020788565     
   2.75102999566398       -6.82988639734808     
   2.80102999566398       -7.00098390724458     
   2.85102999566398       -7.17044757257095     
   2.90102999566398       -7.33836371353650     
   2.95102999566398       -7.50481452623722     
   3.00102999566398       -7.66988082393325     
   3.05102999566398       -7.83364929639323     
   3.10102999566398       -7.99621065687101     
   3.15102999566398       -8.15764220569644     
   3.20102999566398       -8.31803190467977     
   3.25102999566398       -8.47745418529203     
   3.30102999566398       -8.63597932685120     
   3.35102999566398       -8.79370271660201     
   3.40102999566398       -8.95067086492692     
   3.45102999566398       -9.10695327545432     
   3.50102999566398       -9.26261504195278     
   3.55102999566398       -9.41771041598919     
   3.60102999566398       -9.57229024813485     
   3.65102999566398       -9.72640563982122     
   3.70102999566398       -9.88009856015819     
   3.75102999566398       -10.0334105730362     
   3.80102999566398       -10.1863791744487     
   3.85102999566398       -10.3390386732612     
   3.90102999566398       -10.4914198800651     
   3.95102999566398       -10.6435505334626     
   4.00102999566398       -10.7954561140929     
   4.05102999566398       -10.9471596367685     
   4.10102999566398       -11.0986819870190     
   4.15102999566398       -11.2500417195686     
   4.20102999566398       -11.4012552752442     
   4.25102999566398       -11.5523376480394     
   4.30102999566398       -11.7033017378526     
   4.35102999566398       -11.8541607239827     
   4.40102999566398       -12.0049231722791     
   4.45102999566398       -12.1555979014112     
   4.50102999566398       -12.3061918826544     
   4.55102999566398       -12.4567101621074     
   4.60102999566398       -12.6071567771063     
   4.65102999566398       -12.7575316791443     
   4.70102999566398       -12.9078322364118     
   4.75102999566398       -13.0580526198034     
   4.80102999566398       -13.2081796198036     
 zone T = "ep =   0.158489319246111      ",
   1.30102999566398                          NaN
   1.35102999566398                          NaN
   1.40102999566398                          NaN
   1.45102999566398                          NaN
   1.50102999566398                          NaN
   1.55102999566398                          NaN
   1.60102999566398       -1.26562743533239     
   1.65102999566398       -2.04246532486236     
   1.70102999566398       -2.40244064259508     
   1.75102999566398       -2.66540905925463     
   1.80102999566398       -2.89554761880559     
   1.85102999566398       -3.11206776387660     
   1.90102999566398       -3.32230241452323     
   1.95102999566398       -3.52923182674072     
   2.00102999566398       -3.73402668025612     
   2.05102999566398       -3.93708971983541     
   2.10102999566398       -4.13849351261842     
   2.15102999566398       -4.33819159913723     
   2.20102999566398       -4.53609714015187     
   2.25102999566398       -4.73212121679731     
   2.30102999566398       -4.92618739898713     
   2.35102999566398       -5.11824699408968     
   2.40102999566398       -5.30825794070970     
   2.45102999566398       -5.49620125898530     
   2.50102999566398       -5.68207263236842     
   2.55102999566398       -5.86588274866229     
   2.60102999566398       -6.04765980477443     
   2.65102999566398       -6.22743500289218     
   2.70102999566398       -6.40525336233979     
   2.75102999566398       -6.58117100614631     
   2.80102999566398       -6.75525010666944     
   2.85102999566398       -6.92755850180059     
   2.90102999566398       -7.09817500698712     
   2.95102999566398       -7.26717816326009     
   3.00102999566398       -7.43464826538553     
   3.05102999566398       -7.60067120277215     
   3.10102999566398       -7.76533687181077     
   3.15102999566398       -7.92872748379920     
   3.20102999566398       -8.09093258019001     
   3.25102999566398       -8.25203305730323     
   3.30102999566398       -8.41210671961421     
   3.35102999566398       -8.57124760242437     
   3.40102999566398       -8.72951631067845     
   3.45102999566398       -8.88698774743584     
   3.50102999566398       -9.04373266742010     
   3.55102999566398       -9.19981321629545     
   3.60102999566398       -9.35528778536391     
   3.65102999566398       -9.51021351103171     
   3.70102999566398       -9.66463981994777     
   3.75102999566398       -9.81861440937154     
   3.80102999566398       -9.97218075537657     
   3.85102999566398       -10.1253787790745     
   3.90102999566398       -10.2782446425540     
   3.95102999566398       -10.4308111585471     
   4.00102999566398       -10.5831084089420     
   4.05102999566398       -10.7351636147356     
   4.10102999566398       -10.8870015739045     
   4.15102999566398       -11.0386444020004     
   4.20102999566398       -11.1901120558103     
   4.25102999566398       -11.3414224722542     
   4.30102999566398       -11.4925914857345     
   4.35102999566398       -11.6436347767598     
   4.40102999566398       -11.7945636344665     
   4.45102999566398       -11.9453892443972     
   4.50102999566398       -12.0961215240411     
   4.55102999566398       -12.2467683612562     
   4.60102999566398       -12.3973355613729     
   4.65102999566398       -12.5478282182907     
   4.70102999566398       -12.6982484502185     
   4.75102999566398       -12.8485933952993     
   4.80102999566398       -12.9988615257910     
 zone T = "ep =   0.125892541179417      ",
   1.30102999566398                          NaN
   1.35102999566398                          NaN
   1.40102999566398                          NaN
   1.45102999566398                          NaN
   1.50102999566398                          NaN
   1.55102999566398                          NaN
   1.60102999566398                          NaN
   1.65102999566398                          NaN
   1.70102999566398       -1.45240390778569     
   1.75102999566398       -2.18580016065024     
   1.80102999566398       -2.52431905598755     
   1.85102999566398       -2.77861933717965     
   1.90102999566398       -3.00452613360852     
   1.95102999566398       -3.21884379209830     
   2.00102999566398       -3.42788083285174     
   2.05102999566398       -3.63411123630208     
   2.10102999566398       -3.83845154488161     
   2.15102999566398       -4.04116880984984     
   2.20102999566398       -4.24227100637807     
   2.25102999566398       -4.44167506704208     
   2.30102999566398       -4.63927504695168     
   2.35102999566398       -4.83497762962200     
   2.40102999566398       -5.02870422548045     
   2.45102999566398       -5.22039933611197     
   2.50102999566398       -5.41002707311643     
   2.55102999566398       -5.59757067120315     
   2.60102999566398       -5.78303171531357     
   2.65102999566398       -5.96642298864827     
   2.70102999566398       -6.14777160909484     
   2.75102999566398       -6.32711700544904     
   2.80102999566398       -6.50450803808204     
   2.85102999566398       -6.68000162110886     
   2.90102999566398       -6.85366539421697     
   2.95102999566398       -7.02557101652716     
   3.00102999566398       -7.19579449348847     
   3.05102999566398       -7.36441770475366     
   3.10102999566398       -7.53152737402173     
   3.15102999566398       -7.69720747645520     
   3.20102999566398       -7.86154765752164     
   3.25102999566398       -8.02463297972253     
   3.30102999566398       -8.18654695239660     
   3.35102999566398       -8.34738309753056     
   3.40102999566398       -8.50721363628571     
   3.45102999566398       -8.66611888539190     
   3.50102999566398       -8.82417556555376     
   3.55102999566398       -8.98145368141669     
   3.60102999566398       -9.13801942730084     
   3.65102999566398       -9.29393668802390     
   3.70102999566398       -9.44926281230064     
   3.75102999566398       -9.60405241120285     
   3.80102999566398       -9.75835573585809     
   3.85102999566398       -9.91221914785168     
   3.90102999566398       -10.0656850149039     
   3.95102999566398       -10.2187920010402     
   4.00102999566398       -10.3715755923343     
   4.05102999566398       -10.5240680345809     
   4.10102999566398       -10.6762987243413     
   4.15102999566398       -10.8282941251544     
   4.20102999566398       -10.9800781755349     
   4.25102999566398       -11.1316724487051     
   4.30102999566398       -11.2830963829982     
   4.35102999566398       -11.4343681186898     
