 zone T = "ep =    1.00000000000000      ",
   1.30102999566398       -2.79226632544867     
   1.35102999566398       -2.99353360163783     
   1.40102999566398       -3.19190592454133     
   1.45102999566398       -3.39149850836320     
   1.50102999566398       -3.58771550497736     
   1.55102999566398       -3.78287470158808     
   1.60102999566398       -3.97566956204069     
   1.65102999566398       -4.16722828020195     
   1.70102999566398       -4.35636615692039     
   1.75102999566398       -4.54361938959237     
   1.80102999566398       -4.72883498462925     
   1.85102999566398       -4.91132893516479     
   1.90102999566398       -5.09217158527724     
   1.95102999566398       -5.27109416501695     
   2.00102999566398       -5.44750384873915     
   2.05102999566398       -5.62283552031781     
   2.10102999566398       -5.79565164475234     
   2.15102999566398       -5.96697674998174     
   2.20102999566398       -6.13664768368304     
   2.25102999566398       -6.30465586038042     
   2.30102999566398       -6.47081746333479     
   2.35102999566398       -6.63610541913450     
   2.40102999566398       -6.79992956962696     
   2.45102999566398       -6.96252792611423     
   2.50102999566398       -7.12388300117099     
   2.55102999566398       -7.28412811375235     
   2.60102999566398       -7.44362534466748     
   2.65102999566398       -7.60213177454677     
   2.70102999566398       -7.75978329611833     
   2.75102999566398       -7.91670599769037     
   2.80102999566398       -8.07293370698567     
   2.85102999566398       -8.22848461021480     
   2.90102999566398       -8.38354643866300     
   2.95102999566398       -8.53812849602776     
   3.00102999566398       -8.69219056981607     
   3.05102999566398       -8.84580210658969     
   3.10102999566398       -8.99910720398538     
   3.15102999566398       -9.15201880970965     
   3.20102999566398       -9.30467929442559     
   3.25102999566398       -9.45702972381958     
   3.30102999566398       -9.60900201833034     
   3.35102999566398       -9.76100974778152     
   3.40102999566398       -9.91269785511799     
   3.45102999566398       -10.0641711298226     
   3.50102999566398       -10.2155227713426     
   3.55102999566398       -10.3667337364783     
   3.60102999566398       -10.5177963333577     
   3.65102999566398       -10.6687677087498     
   3.70102999566398       -10.8196212406664     
   3.75102999566398       -10.9703799489146     
   3.80102999566398       -11.1210566440721     
   3.85102999566398       -11.2716645001975     
   3.90102999566398       -11.4222095123048     
   3.95102999566398       -11.5726932102502     
   4.00102999566398       -11.7231233593425     
   4.05102999566398       -11.8735056763766     
   4.10102999566398       -12.0238480380882     
   4.15102999566398       -12.1741535988699     
   4.20102999566398       -12.3244240962900     
   4.25102999566398       -12.4746628296564     
   4.30102999566398       -12.6248688939439     
   4.35102999566398       -12.7750709294334     
   4.40102999566398       -12.9252430796910     
   4.45102999566398       -13.0753906277614     
   4.50102999566398       -13.2255240040881     
   4.55102999566398       -13.3756352340967     
   4.60102999566398       -13.5257288075097     
   4.65102999566398       -13.6758148398912     
   4.70102999566398       -13.8258739043263     
   4.75102999566398       -13.9759140978380     
   4.80102999566398       -14.1259176365891     
 zone T = "ep =   0.794328234724281      ",
   1.30102999566398       -2.53665165511429     
   1.35102999566398       -2.73825739895850     
   1.40102999566398       -2.93827654971612     
   1.45102999566398       -3.13861207856945     
   1.50102999566398       -3.33792364217556     
   1.55102999566398       -3.53490764592742     
   1.60102999566398       -3.73121343951035     
   1.65102999566398       -3.92524865557742     
   1.70102999566398       -4.11746170886498     
   1.75102999566398       -4.30803094739739     
   1.80102999566398       -4.49636188725185     
   1.85102999566398       -4.68206925838051     
   1.90102999566398       -4.86601419238444     
   1.95102999566398       -5.04789299503155     
   2.00102999566398       -5.22740434971276     
   2.05102999566398       -5.40549271447193     
   2.10102999566398       -5.58112845148927     
   2.15102999566398       -5.75512003166296     
   2.20102999566398       -5.92732652361513     
   2.25102999566398       -6.09778450163824     
   2.30102999566398       -6.26634028917596     
   2.35102999566398       -6.43372599416337     
   2.40102999566398       -6.59954052511417     
   2.45102999566398       -6.76401531292985     
   2.50102999566398       -6.92714710322284     
   2.55102999566398       -7.08905347153362     
   2.60102999566398       -7.25001137751877     
   2.65102999566398       -7.40989113417063     
   2.70102999566398       -7.56881592523699     
   2.75102999566398       -7.72689477660290     
   2.80102999566398       -7.88418454434531     
   2.85102999566398       -8.04072124165388     
   2.90102999566398       -8.19665650188751     
   2.95102999566398       -8.35201928152848     
   3.00102999566398       -8.50680543723205     
   3.05102999566398       -8.66108148114277     
   3.10102999566398       -8.81496643983552     
   3.15102999566398       -8.96841570802650     
   3.20102999566398       -9.12154368128758     
   3.25102999566398       -9.27432458011923     
   3.30102999566398       -9.42672450266468     
   3.35102999566398       -9.57904019050519     
   3.40102999566398       -9.73103814751497     
   3.45102999566398       -9.88279995862887     
   3.50102999566398       -10.0343993388674     
   3.55102999566398       -10.1858308731349     
   3.60102999566398       -10.3370968080232     
   3.65102999566398       -10.4882431534785     
   3.70102999566398       -10.6392572859670     
   3.75102999566398       -10.7901605676758     
   3.80102999566398       -10.9409665121264     
   3.85102999566398       -11.0916885873995     
   3.90102999566398       -11.2423347276046     
   3.95102999566398       -11.3929095078025     
   4.00102999566398       -11.5434214045277     
   4.05102999566398       -11.6938769391867     
   4.10102999566398       -11.8442842488324     
   4.15102999566398       -11.9946475537066     
   4.20102999566398       -12.1449701155088     
   4.25102999566398       -12.2952560659044     
   4.30102999566398       -12.4455056309048     
   4.35102999566398       -12.5957406056694     
   4.40102999566398       -12.7459439269292     
   4.45102999566398       -12.8961219580352     
   4.50102999566398       -13.0462797413651     
   4.55102999566398       -13.1964135408571     
   4.60102999566398       -13.3465291552150     
   4.65102999566398       -13.4966257663057     
   4.70102999566398       -13.6467061468193     
   4.75102999566398       -13.7967542337243     
   4.80102999566398       -13.9467720509605     
 zone T = "ep =   0.630957344480193      ",
   1.30102999566398       -2.27405633337720     
   1.35102999566398       -2.47484630361558     
   1.40102999566398       -2.67579922817165     
   1.45102999566398       -2.87680088105604     
   1.50102999566398       -3.07719242698457     
   1.55102999566398       -3.27706503051640     
   1.60102999566398       -3.47542788590208     
   1.65102999566398       -3.67269775122025     
   1.70102999566398       -3.86793247493550     
   1.75102999566398       -4.06146760584418     
   1.80102999566398       -4.25309531639143     
   1.85102999566398       -4.44237878074912     
   1.90102999566398       -4.62968773917462     
   1.95102999566398       -4.81488206323800     
   2.00102999566398       -4.99781350497384     
   2.05102999566398       -5.17896830329326     
   2.10102999566398       -5.35785718409610     
   2.15102999566398       -5.53488815917665     
   2.20102999566398       -5.70997288276173     
   2.25102999566398       -5.88321328735174     
   2.30102999566398       -6.05451649765642     
   2.35102999566398       -6.22437243754211     
   2.40102999566398       -6.39255375812700     
   2.45102999566398       -6.55922606704141     
   2.50102999566398       -6.72446483362434     
   2.55102999566398       -6.88834295992591     
   2.60102999566398       -7.05107402816902     
   2.65102999566398       -7.21261659067554     
   2.70102999566398       -7.37308535732160     
   2.75102999566398       -7.53258256302607     
   2.80102999566398       -7.69116835489292     
   2.85102999566398       -7.84891006801947     
   2.90102999566398       -8.00592155215914     
   2.95102999566398       -8.16225516310883     
   3.00102999566398       -8.31793789700660     
   3.05102999566398       -8.47303787729333     
   3.10102999566398       -8.62764645259134     
   3.15102999566398       -8.78176548770722     
   3.20102999566398       -8.93548242283330     
   3.25102999566398       -9.08880280177538     
   3.30102999566398       -9.24172786500107     
   3.35102999566398       -9.39444188710130     
   3.40102999566398       -9.54682993207563     
   3.45102999566398       -9.69895308499703     
   3.50102999566398       -9.85086547772092     
   3.55102999566398       -10.0025767272182     
   3.60102999566398       -10.1540988713722     
   3.65102999566398       -10.3054677217897     
   3.70102999566398       -10.4566851208543     
   3.75102999566398       -10.6077711124023     
   3.80102999566398       -10.7587405923961     
   3.85102999566398       -10.9096076007371     
   3.90102999566398       -11.0603824313488     
   3.95102999566398       -11.2110729269571     
   4.00102999566398       -11.3616884396461     
   4.05102999566398       -11.5122370294717     
   4.10102999566398       -11.6627269375428     
   4.15102999566398       -11.8131638189757     
   4.20102999566398       -11.9635526480214     
   4.25102999566398       -12.1138980801232     
   4.30102999566398       -12.2642029851159     
   4.35102999566398       -12.4144816061291     
   4.40102999566398       -12.5647265574148     
   4.45102999566398       -12.7149416733846     
   4.50102999566398       -12.8651316843661     
   4.55102999566398       -13.0152980834965     
   4.60102999566398       -13.1654422983539     
   4.65102999566398       -13.3155646168323     
   4.70102999566398       -13.4656660036233     
   4.75102999566398       -13.6157405474425     
   4.80102999566398       -13.7657878631414     
 zone T = "ep =   0.501187233627272      ",
   1.30102999566398       -2.00025702083233     
   1.35102999566398       -2.20421094159347     
   1.40102999566398       -2.40557775531527     
   1.45102999566398       -2.60713185706391     
   1.50102999566398       -2.80819426314122     
   1.55102999566398       -3.00931448701943     
   1.60102999566398       -3.20997027559741     
   1.65102999566398       -3.40946286649688     
   1.70102999566398       -3.60769130825120     
   1.75102999566398       -3.80434773951614     
   1.80102999566398       -3.99912600238419     
   1.85102999566398       -4.19192033942928     
   1.90102999566398       -4.38276280254716     
   1.95102999566398       -4.57150900672692     
   2.00102999566398       -4.75806682287707     
   2.05102999566398       -4.94262197335755     
   2.10102999566398       -5.12503476781703     
   2.15102999566398       -5.30534723778220     
   2.20102999566398       -5.48369172737648     
   2.25102999566398       -5.66005819079893     
   2.30102999566398       -5.83447166961908     
   2.35102999566398       -6.00715410314718     
   2.40102999566398       -6.17805774209856     
   2.45102999566398       -6.34731779780720     
   2.50102999566398       -6.51500110792950     
   2.55102999566398       -6.68119121823208     
   2.60102999566398       -6.84602277030102     
   2.65102999566398       -7.00954947505539     
   2.70102999566398       -7.17185796796766     
   2.75102999566398       -7.33305170231631     
   2.80102999566398       -7.49320694021477     
   2.85102999566398       -7.65240045506254     
   2.90102999566398       -7.81072387854478     
   2.95102999566398       -7.96824938447749     
   3.00102999566398       -8.12503094319175     
   3.05102999566398       -8.28113634286872     
   3.10102999566398       -8.43664235671512     
   3.15102999566398       -8.59158657341520     
   3.20102999566398       -8.74603648625181     
   3.25102999566398       -8.90002656204982     
   3.30102999566398       -9.05358641124927     
   3.35102999566398       -9.20681493920286     
   3.40102999566398       -9.35969104397892     
   3.45102999566398       -9.51226108950084     
   3.50102999566398       -9.66456681295475     
   3.55102999566398       -9.81663014624089     
   3.60102999566398       -9.96847240847159     
   3.65102999566398       -10.1201228076429     
   3.70102999566398       -10.2715955990810     
   3.75102999566398       -10.4229109205183     
   3.80102999566398       -10.5740857118997     
   3.85102999566398       -10.7251353596465     
   3.90102999566398       -10.8760728525737     
   3.95102999566398       -11.0269092979083     
   4.00102999566398       -11.1776555734839     
   4.05102999566398       -11.3283212666311     
   4.10102999566398       -11.4789153412333     
   4.15102999566398       -11.6294451710923     
   4.20102999566398       -11.7799173387031     
   4.25102999566398       -11.9303378956100     
   4.30102999566398       -12.0807117239592     
   4.35102999566398       -12.2310472618539     
   4.40102999566398       -12.3813442020513     
   4.45102999566398       -12.5316079741718     
   4.50102999566398       -12.6818414827677     
   4.55102999566398       -12.8320466105798     
   4.60102999566398       -12.9822254983280     
   4.65102999566398       -13.1323829766314     
   4.70102999566398       -13.2825145571757     
   4.75102999566398       -13.4326193021017     
   4.80102999566398       -13.5827013991584     
 zone T = "ep =   0.398107170553497      ",
   1.30102999566398       -1.67141698207743     
   1.35102999566398       -1.91187049466179     
   1.40102999566398       -2.12531636756262     
   1.45102999566398       -2.32990283727619     
   1.50102999566398       -2.53202865769514     
   1.55102999566398       -2.73378289600189     
   1.60102999566398       -2.93554157963417     
   1.65102999566398       -3.13688210676280     
   1.70102999566398       -3.33734030902585     
   1.75102999566398       -3.53670387126513     
   1.80102999566398       -3.73462919535297     
   1.85102999566398       -3.93074248077444     
   1.90102999566398       -4.12507170946604     
   1.95102999566398       -4.31742337947011     
   2.00102999566398       -4.50769817757275     
   2.05102999566398       -4.69588776386215     
   2.10102999566398       -4.88195717518857     
   2.15102999566398       -5.06592229711983     
   2.20102999566398       -5.24778185479960     
   2.25102999566398       -5.42758949975305     
   2.30102999566398       -5.60539175199493     
   2.35102999566398       -5.78126062441886     
   2.40102999566398       -5.95525139691494     
   2.45102999566398       -6.12744381124029     
   2.50102999566398       -6.29791296887639     
   2.55102999566398       -6.46674589596112     
   2.60102999566398       -6.63404229093669     
   2.65102999566398       -6.79988444340704     
   2.70102999566398       -6.96435998445615     
   2.75102999566398       -7.12756267024389     
   2.80102999566398       -7.28958001408432     
   2.85102999566398       -7.45049870813880     
   2.90102999566398       -7.61040304134188     
   2.95102999566398       -7.76937305919307     
   3.00102999566398       -7.92748253689262     
   3.05102999566398       -8.08480589234132     
   3.10102999566398       -8.24141170677819     
   3.15102999566398       -8.39736193099494     
   3.20102999566398       -8.55271714079118     
   3.25102999566398       -8.70753174823868     
   3.30102999566398       -8.86185507549957     
   3.35102999566398       -9.01573832853049     
   3.40102999566398       -9.16922015262159     
   3.45102999566398       -9.32234064748500     
   3.50102999566398       -9.47513647174094     
   3.55102999566398       -9.62763976293219     
   3.60102999566398       -9.77987979328731     
   3.65102999566398       -9.93188378134982     
   3.70102999566398       -10.0836756091852     
   3.75102999566398       -10.2352772502711     
   3.80102999566398       -10.3867084666639     
   3.85102999566398       -10.5379870781983     
   3.90102999566398       -10.6891290518228     
   3.95102999566398       -10.8401486989391     
   4.00102999566398       -10.9910589384968     
   4.05102999566398       -11.1418713738337     
   4.10102999566398       -11.2925963151490     
   4.15102999566398       -11.4432430864447     
   4.20102999566398       -11.5938200599915     
   4.25102999566398       -11.7443345062793     
   4.30102999566398       -11.8947928691310     
   4.35102999566398       -12.0452017815030     
   4.40102999566398       -12.1955655056900     
   4.45102999566398       -12.3458893104013     
   4.50102999566398       -12.4961764894854     
   4.55102999566398       -12.6464315057692     
   4.60102999566398       -12.7966563820801     
   4.65102999566398       -12.9468527391840     
   4.70102999566398       -13.0970218237834     
   4.75102999566398       -13.2471676788578     
   4.80102999566398       -13.3972867334856     
 zone T = "ep =   0.316227766016838      ",
   1.30102999566398       -1.06740482390461     
   1.35102999566398       -1.49414355367107     
   1.40102999566398       -1.79538177806011     
   1.45102999566398       -2.03356085747929     
   1.50102999566398       -2.24619916133069     
   1.55102999566398       -2.45114429812308     
   1.60102999566398       -2.65397757188823     
   1.65102999566398       -2.85633919200725     
   1.70102999566398       -3.05831739113581     
   1.75102999566398       -3.25967138572369     
   1.80102999566398       -3.46009565082926     
   1.85102999566398       -3.65926769950040     
   1.90102999566398       -3.85680732795436     
   1.95102999566398       -4.05264409468100     
   2.00102999566398       -4.24657331272338     
   2.05102999566398       -4.43850959963951     
   2.10102999566398       -4.62834664775217     
   2.15102999566398       -4.81609225561772     
   2.20102999566398       -5.00171369737080     
   2.25102999566398       -5.18522009872706     
   2.30102999566398       -5.36662710794399     
   2.35102999566398       -5.54601387500163     
   2.40102999566398       -5.72340345056486     
   2.45102999566398       -5.89886138755746     
   2.50102999566398       -6.07245877235106     
   2.55102999566398       -6.24426842101907     
   2.60102999566398       -6.41438748713203     
   2.65102999566398       -6.58289025692893     
   2.70102999566398       -6.74986763332218     
   2.75102999566398       -6.91540934401407     
   2.80102999566398       -7.07960675014028     
   2.85102999566398       -7.24254794910266     
   2.90102999566398       -7.40432591907942     
   2.95102999566398       -7.56502426051453     
   3.00102999566398       -7.72472255236006     
   3.05102999566398       -7.88350059163168     
   3.10102999566398       -8.04143973078254     
   3.15102999566398       -8.19860455069160     
   3.20102999566398       -8.35506763123147     
   3.25102999566398       -8.51088699055029     
   3.30102999566398       -8.66611595917005     
   3.35102999566398       -8.82082957950456     
   3.40102999566398       -8.97505711968457     
   3.45102999566398       -9.12884919680871     
   3.50102999566398       -9.28225182960229     
   3.55102999566398       -9.43530165673351     
   3.60102999566398       -9.58803235124711     
   3.65102999566398       -9.74047832902906     
   3.70102999566398       -9.89266631957212     
   3.75102999566398       -10.0446232130649     
   3.80102999566398       -10.1963728956899     
   3.85102999566398       -10.3479370363874     
   3.90102999566398       -10.4993348262617     
   3.95102999566398       -10.6505833038585     
   4.00102999566398       -10.8016982375659     
   4.05102999566398       -10.9526936417713     
   4.10102999566398       -11.1035823154161     
   4.15102999566398       -11.2543754970004     
   4.20102999566398       -11.4050832208292     
   4.25102999566398       -11.5557144587434     
   4.30102999566398       -11.7062771189338     
   4.35102999566398       -11.8567799705490     
   4.40102999566398       -12.0072279296631     
   4.45102999566398       -12.1576266851551     
   4.50102999566398       -12.3079822490485     
   4.55102999566398       -12.4582979653023     
   4.60102999566398       -12.6085788742212     
   4.65102999566398       -12.7588270351874     
   4.70102999566398       -12.9090475073813     
   4.75102999566398       -13.0592401873226     
   4.80102999566398       -13.2094057937332     
 zone T = "ep =   0.251188643150958      ",
   1.30102999566398        165.519886758147     
   1.35102999566398        98.7458583144665     
   1.40102999566398       -1.22653549185122     
   1.45102999566398       -1.61099240133694     
   1.50102999566398       -1.91604983727141     
   1.55102999566398       -2.15129542125390     
   1.60102999566398       -2.36356070548732     
   1.65102999566398       -2.56888722105265     
   1.70102999566398       -2.77222929863036     
   1.75102999566398       -2.97488753078729     
   1.80102999566398       -3.17704130305848     
   1.85102999566398       -3.37843691232862     
   1.90102999566398       -3.57877587168440     
   1.95102999566398       -3.77771779947701     
   2.00102999566398       -3.97505427300964     
   2.05102999566398       -4.17061359077942     
   2.10102999566398       -4.36420813360264     
   2.15102999566398       -4.55578364082027     
   2.20102999566398       -4.74527263933116     
   2.25102999566398       -4.93264763367227     
   2.30102999566398       -5.11787582498260     
   2.35102999566398       -5.30102263540981     
   2.40102999566398       -5.48208394300962     
   2.45102999566398       -5.66110895178917     
   2.50102999566398       -5.83814876489821     
   2.55102999566398       -6.01326737096112     
   2.60102999566398       -6.18654849967316     
   2.65102999566398       -6.35805885768299     
   2.70102999566398       -6.52788228864019     
   2.75102999566398       -6.69610921418563     
   2.80102999566398       -6.86282665499333     
   2.85102999566398       -7.02812114161514     
   2.90102999566398       -7.19209276253988     
   2.95102999566398       -7.35482748891987     
   3.00102999566398       -7.51640745431230     
   3.05102999566398       -7.67691945461866     
   3.10102999566398       -7.83645312513704     
   3.15102999566398       -7.99507833501628     
   3.20102999566398       -8.15287728973569     
   3.25102999566398       -8.30991443983190     
   3.30102999566398       -8.46624922486608     
   3.35102999566398       -8.62197101040987     
   3.40102999566398       -8.77711073258063     
   3.45102999566398       -8.93172750851702     
   3.50102999566398       -9.08587603211854     
   3.55102999566398       -9.23959885548226     
   3.60102999566398       -9.39293571335060     
   3.65102999566398       -9.54592773602960     
   3.70102999566398       -9.69860648209614     
   3.75102999566398       -9.85100420413290     
   3.80102999566398       -10.0031496100012     
   3.85102999566398       -10.1550687559331     
   3.90102999566398       -10.3067848181441     
   3.95102999566398       -10.4583184033820     
   4.00102999566398       -10.6096885840248     
   4.05102999566398       -10.7609124042079     
   4.10102999566398       -10.9120054433503     
   4.15102999566398       -11.0629814342475     
   4.20102999566398       -11.2138525213518     
   4.25102999566398       -11.3646297322652     
   4.30102999566398       -11.5153229387355     
   4.35102999566398       -11.6659427273348     
   4.40102999566398       -11.8164952456897     
   4.45102999566398       -11.9669875319153     
   4.50102999566398       -12.1174269717772     
   4.55102999566398       -12.2678183241222     
   4.60102999566398       -12.4181671288215     
   4.65102999566398       -12.5684779587429     
   4.70102999566398       -12.7187547415919     
   4.75102999566398       -12.8689997637559     
   4.80102999566398       -13.0192173209270     
 zone T = "ep =   0.199526231496888      ",
   1.30102999566398                          NaN
   1.35102999566398                          NaN
   1.40102999566398                          NaN
   1.45102999566398                     Infinity
   1.50102999566398       -1.24716150417448     
   1.55102999566398       -1.73174258042299     
   1.60102999566398       -2.03299602429542     
   1.65102999566398       -2.26576909078942     
   1.70102999566398       -2.47787868437758     
   1.75102999566398       -2.68353505721709     
   1.80102999566398       -2.88719122924427     
   1.85102999566398       -3.09009335966735     
   1.90102999566398       -3.29237434596366     
   1.95102999566398       -3.49378655556958     
   2.00102999566398       -3.69401763445138     
   2.05102999566398       -3.89283642216312     
   2.10102999566398       -4.08996726566635     
   2.15102999566398       -4.28526826375240     
   2.20102999566398       -4.47860346209723     
   2.25102999566398       -4.66989054289496     
   2.30102999566398       -4.85907400251191     
   2.35102999566398       -5.04614535980957     
   2.40102999566398       -5.23109346410631     
   2.45102999566398       -5.41393373948822     
   2.50102999566398       -5.59469537736279     
   2.55102999566398       -5.77342680121068     
   2.60102999566398       -5.95019102209956     
   2.65102999566398       -6.12504533085751     
   2.70102999566398       -6.29806104027941     
   2.75102999566398       -6.46932221616473     
   2.80102999566398       -6.63891065466877     
   2.85102999566398       -6.80691053421493     
   2.90102999566398       -6.97341861598691     
   2.95102999566398       -7.13852290475620     
   3.00102999566398       -7.30230881977788     
   3.05102999566398       -7.46486690636328     
   3.10102999566398       -7.62629087735723     
   3.15102999566398       -7.78665777351702     
   3.20102999566398       -7.94605635802588     
   3.25102999566398       -8.10455885324696     
   3.30102999566398       -8.26223342277422     
   3.35102999566398       -8.41917514568689     
   3.40102999566398       -8.57542501960929     
   3.45102999566398       -8.73104993991317     
   3.50102999566398       -8.88611170420630     
   3.55102999566398       -9.04066071218321     
   3.60102999566398       -9.19474401133009     
   3.65102999566398       -9.34840925099635     
   3.70102999566398       -9.50169463951721     
   3.75102999566398       -9.65463836739399     
   3.80102999566398       -9.80727465140953     
   3.85102999566398       -9.95963473174764     
   3.90102999566398       -10.1117465263525     
   3.95102999566398       -10.2636350554001     
   4.00102999566398       -10.4153233674636     
   4.05102999566398       -10.5668321585891     
   4.10102999566398       -10.7181803449987     
   4.15102999566398       -10.8693846527292     
   4.20102999566398       -11.0204600014756     
   4.25102999566398       -11.1714199672721     
   4.30102999566398       -11.3222764227734     
   4.35102999566398       -11.4730422309941     
   4.40102999566398       -11.6237251803100     
   4.45102999566398       -11.7743342556162     
   4.50102999566398       -11.9248780199069     
   4.55102999566398       -12.0753628492183     
   4.60102999566398       -12.2257954700423     
   4.65102999566398       -12.3761817100202     
   4.70102999566398       -12.5265265422778     
   4.75102999566398       -12.6768338472339     
   4.80102999566398       -12.8271085773041     
 zone T = "ep =   0.158489319246111      ",
   1.30102999566398                          NaN
   1.35102999566398                          NaN
   1.40102999566398                          NaN
   1.45102999566398                          NaN
   1.50102999566398                          NaN
   1.55102999566398                          NaN
   1.60102999566398       -1.31845873265487     
   1.65102999566398       -1.85176513535885     
   1.70102999566398       -2.14667008594587     
   1.75102999566398       -2.37760318447822     
   1.80102999566398       -2.58954633759794     
   1.85102999566398       -2.79545322150892     
   1.90102999566398       -2.99940243964061     
   1.95102999566398       -3.20251263655475     
   2.00102999566398       -3.40486199064103     
   2.05102999566398       -3.60627476263532     
   2.10102999566398       -3.80644263694391     
   2.15102999566398       -4.00511860379714     
   2.20102999566398       -4.20208532361807     
   2.25102999566398       -4.39718376898387     
   2.30102999566398       -4.59028965416479     
   2.35102999566398       -4.78135052830778     
   2.40102999566398       -4.97030264039958     
   2.45102999566398       -5.15713035066675     
   2.50102999566398       -5.34182921999692     
   2.55102999566398       -5.52442131984260     
   2.60102999566398       -5.70494856779681     
   2.65102999566398       -5.88345040077589     
   2.70102999566398       -6.05998387440658     
   2.75102999566398       -6.23461813309771     
   2.80102999566398       -6.40742499409171     
   2.85102999566398       -6.57848330277078     
   2.90102999566398       -6.74788200531156     
   2.95102999566398       -6.91570693989161     
   3.00102999566398       -7.08204435516902     
   3.05102999566398       -7.24698525462777     
   3.10102999566398       -7.41062487775260     
   3.15102999566398       -7.57304631192023     
   3.20102999566398       -7.73434203089411     
   3.25102999566398       -7.89459227614594     
   3.30102999566398       -8.05387335811037     
   3.35102999566398       -8.21228265196236     
   3.40102999566398       -8.36987470491829     
   3.45102999566398       -8.52672314460833     
   3.50102999566398       -8.68289705524513     
   3.55102999566398       -8.83845540153763     
   3.60102999566398       -8.99345338852752     
   3.65102999566398       -9.14794563346326     
   3.70102999566398       -9.30197812318181     
   3.75102999566398       -9.45559573467862     
   3.80102999566398       -9.60883910132505     
   3.85102999566398       -9.76174540855371     
   3.90102999566398       -9.91434821037047     
   3.95102999566398       -10.0666777705494     
   4.00102999566398       -10.2187619006420     
   4.05102999566398       -10.3706256980011     
   4.10102999566398       -10.5222920108109     
   4.15102999566398       -10.6737812375519     
   4.20102999566398       -10.8251116839951     
   4.25102999566398       -10.9762999650632     
   4.30102999566398       -11.1273607946652     
   4.35102999566398       -11.2783089966616     
   4.40102999566398       -11.4291550773919     
   4.45102999566398       -11.5799102017510     
   4.50102999566398       -11.7305842907793     
   4.55102999566398       -11.8811856680374     
   4.60102999566398       -12.0317226524208     
   4.65102999566398       -12.1822022610109     
   4.70102999566398       -12.3326301755513     
   4.75102999566398       -12.4830132190049     
   4.80102999566398       -12.6333550269022     
 zone T = "ep =   0.125892541179417      ",
   1.30102999566398                          NaN
   1.35102999566398                          NaN
   1.40102999566398                          NaN
   1.45102999566398                          NaN
   1.50102999566398                          NaN
   1.55102999566398                          NaN
   1.60102999566398                          NaN
   1.65102999566398                          NaN
   1.70102999566398       -1.42388220231127     
   1.75102999566398       -1.96855376708044     
   1.80102999566398       -2.25762741577922     
   1.85102999566398       -2.48720058473691     
   1.90102999566398       -2.69904220564404     
   1.95102999566398       -2.90516952244891     
   2.00102999566398       -3.10933500797172     
   2.05102999566398       -3.31257854894424     
   2.10102999566398       -3.51500024162376     
   2.15102999566398       -3.71639541326957     
   2.20102999566398       -3.91649603792140     
   2.25102999566398       -4.11505975517148     
   2.30102999566398       -4.31188096485676     
   2.35102999566398       -4.50682165174012     
   2.40102999566398       -4.69975889645728     
   2.45102999566398       -4.89062829938764     
   2.50102999566398       -5.07938353716793     
   2.55102999566398       -5.26600872233278     
   2.60102999566398       -5.45051382873184     
   2.65102999566398       -5.63291429858385     
   2.70102999566398       -5.81324505133600     
   2.75102999566398       -5.99155714401911     
   2.80102999566398       -6.16790823114271     
   2.85102999566398       -6.34236356525163     
   2.90102999566398       -6.51500186983800     
   2.95102999566398       -6.68590213048855     
   3.00102999566398       -6.85514638182101     
   3.05102999566398       -7.02282306877747     
   3.10102999566398       -7.18902530185721     
   3.15102999566398       -7.35383927380767     
   3.20102999566398       -7.51735915376330     
   3.25102999566398       -7.67967052073836     
   3.30102999566398       -7.84085700804836     
   3.35102999566398       -8.00101686542134     
   3.40102999566398       -8.16021737996130     
   3.45102999566398       -8.31853886235734     
   3.50102999566398       -8.47605741096891     
   3.55102999566398       -8.63284077311783     
   3.60102999566398       -8.78895279323584     
   3.65102999566398       -8.94445555915797     
   3.70102999566398       -9.09940359763782     
   3.75102999566398       -9.25384922923661     
   3.80102999566398       -9.40784031210662     
   3.85102999566398       -9.56142087496526     
   3.90102999566398       -9.71463096257071     
   3.95102999566398       -9.86750696939465     
   4.00102999566398       -10.0200823093337     
   4.05102999566398       -10.1723872716972     
   4.10102999566398       -10.3244494482982     
   4.15102999566398       -10.4762936504830     
   4.20102999566398       -10.6279422352538     
   4.25102999566398       -10.7794154787629     
   4.30102999566398       -10.9307314783869     
   4.35102999566398       -11.0819077543700     
