 zone T = "Var            1 : Implicit",
 0.00000E+00  0.35901E+01
-0.10000E+00 -0.55713E-04
-0.20000E+00 -0.26256E-04
-0.30000E+00 -0.16743E-04
-0.40000E+00 -0.12195E-04
-0.50000E+00 -0.96191E-05
-0.60000E+00 -0.80184E-05
-0.70000E+00 -0.69647E-05
-0.80000E+00 -0.62429E-05
-0.90000E+00 -0.57331E-05
-0.10000E+01 -0.53639E-05
-0.11000E+01 -0.50911E-05
-0.12000E+01 -0.48862E-05
-0.13000E+01 -0.47304E-05
-0.14000E+01 -0.46107E-05
-0.15000E+01 -0.45182E-05
-0.16000E+01 -0.44462E-05
-0.17000E+01 -0.43900E-05
-0.18000E+01 -0.43459E-05
-0.19000E+01 -0.43112E-05
-0.20000E+01 -0.42839E-05
-0.21000E+01 -0.42623E-05
-0.22000E+01 -0.42453E-05
-0.23000E+01 -0.42318E-05
-0.24000E+01 -0.42211E-05
-0.25000E+01 -0.42127E-05
-0.26000E+01 -0.42060E-05
-0.27000E+01 -0.42006E-05
-0.28000E+01 -0.41964E-05
-0.29000E+01 -0.41931E-05
-0.30000E+01 -0.41904E-05
-0.31000E+01 -0.41883E-05
-0.32000E+01 -0.41866E-05
-0.33000E+01 -0.41853E-05
-0.34000E+01 -0.41843E-05
-0.35000E+01 -0.41834E-05
-0.36000E+01 -0.41828E-05
-0.37000E+01 -0.41822E-05
-0.38000E+01 -0.41818E-05
-0.39000E+01 -0.41815E-05
-0.40000E+01 -0.41812E-05
-0.41000E+01 -0.41810E-05
-0.42000E+01 -0.41808E-05
-0.43000E+01 -0.41807E-05
-0.44000E+01 -0.41806E-05
-0.45000E+01 -0.41805E-05
-0.46000E+01 -0.41804E-05
-0.47000E+01 -0.41804E-05
-0.48000E+01 -0.41803E-05
-0.49000E+01 -0.41803E-05
-0.50000E+01 -0.41803E-05
-0.51000E+01 -0.41803E-05
-0.52000E+01 -0.41803E-05
-0.53000E+01 -0.41802E-05
-0.54000E+01 -0.41802E-05
-0.55000E+01 -0.41802E-05
-0.56000E+01 -0.41802E-05
-0.57000E+01 -0.41802E-05
-0.58000E+01 -0.41802E-05
-0.59000E+01 -0.41802E-05
-0.60000E+01 -0.41802E-05
-0.61000E+01 -0.41802E-05
-0.62000E+01 -0.41802E-05
-0.63000E+01 -0.41802E-05
-0.64000E+01 -0.41802E-05
-0.65000E+01 -0.41802E-05
-0.66000E+01 -0.41802E-05
-0.67000E+01 -0.41802E-05
-0.68000E+01 -0.41802E-05
-0.69000E+01 -0.41802E-05
-0.70000E+01 -0.41802E-05
-0.71000E+01 -0.41802E-05
-0.72000E+01 -0.41802E-05
-0.73000E+01 -0.41802E-05
-0.74000E+01 -0.41802E-05
-0.75000E+01 -0.41802E-05
-0.76000E+01 -0.41802E-05
-0.77000E+01 -0.41802E-05
-0.78000E+01 -0.41802E-05
-0.79000E+01 -0.41802E-05
-0.80000E+01 -0.41802E-05
 zone T = "Var            1 : Predicted",
 0.00000E+00  0.96388E+00
-0.10000E+00  0.96270E+00
-0.20000E+00  0.96139E+00
-0.30000E+00  0.95997E+00
-0.40000E+00  0.95847E+00
-0.50000E+00  0.95691E+00
-0.60000E+00  0.95534E+00
-0.70000E+00  0.95381E+00
-0.80000E+00  0.95234E+00
-0.90000E+00  0.95097E+00
-0.10000E+01  0.94972E+00
-0.11000E+01  0.94861E+00
-0.12000E+01  0.94763E+00
-0.13000E+01  0.94679E+00
-0.14000E+01  0.94608E+00
-0.15000E+01  0.94548E+00
-0.16000E+01  0.94498E+00
-0.17000E+01  0.94457E+00
-0.18000E+01  0.94423E+00
-0.19000E+01  0.94396E+00
-0.20000E+01  0.94374E+00
-0.21000E+01  0.94356E+00
-0.22000E+01  0.94342E+00
-0.23000E+01  0.94331E+00
-0.24000E+01  0.94321E+00
-0.25000E+01  0.94314E+00
-0.26000E+01  0.94308E+00
-0.27000E+01  0.94304E+00
-0.28000E+01  0.94300E+00
-0.29000E+01  0.94297E+00
-0.30000E+01  0.94294E+00
-0.31000E+01  0.94293E+00
-0.32000E+01  0.94291E+00
-0.33000E+01  0.94290E+00
-0.34000E+01  0.94289E+00
-0.35000E+01  0.94288E+00
-0.36000E+01  0.94288E+00
-0.37000E+01  0.94287E+00
-0.38000E+01  0.94287E+00
-0.39000E+01  0.94286E+00
-0.40000E+01  0.94286E+00
-0.41000E+01  0.94286E+00
-0.42000E+01  0.94286E+00
-0.43000E+01  0.94286E+00
-0.44000E+01  0.94286E+00
-0.45000E+01  0.94286E+00
-0.46000E+01  0.94286E+00
-0.47000E+01  0.94286E+00
-0.48000E+01  0.94285E+00
-0.49000E+01  0.94285E+00
-0.50000E+01  0.94285E+00
-0.51000E+01  0.94285E+00
-0.52000E+01  0.94285E+00
-0.53000E+01  0.94285E+00
-0.54000E+01  0.94285E+00
-0.55000E+01  0.94285E+00
-0.56000E+01  0.94285E+00
-0.57000E+01  0.94285E+00
-0.58000E+01  0.94285E+00
-0.59000E+01  0.94285E+00
-0.60000E+01  0.94285E+00
-0.61000E+01  0.94285E+00
-0.62000E+01  0.94285E+00
-0.63000E+01  0.94285E+00
-0.64000E+01  0.94285E+00
-0.65000E+01  0.94285E+00
-0.66000E+01  0.94285E+00
-0.67000E+01  0.94285E+00
-0.68000E+01  0.94285E+00
-0.69000E+01  0.94285E+00
-0.70000E+01  0.94285E+00
-0.71000E+01  0.94285E+00
-0.72000E+01  0.94285E+00
-0.73000E+01  0.94285E+00
-0.74000E+01  0.94285E+00
-0.75000E+01  0.94285E+00
-0.76000E+01  0.94285E+00
-0.77000E+01  0.94285E+00
-0.78000E+01  0.94285E+00
-0.79000E+01  0.94285E+00
-0.80000E+01  0.94285E+00
 zone T = "Var            2 : Implicit",
 0.00000E+00  0.31735E+01
-0.10000E+00  0.12389E-05
-0.20000E+00  0.63822E-06
-0.30000E+00  0.44835E-06
-0.40000E+00  0.36257E-06
-0.50000E+00  0.31937E-06
-0.60000E+00  0.29773E-06
-0.70000E+00  0.28783E-06
-0.80000E+00  0.28403E-06
-0.90000E+00  0.28290E-06
-0.10000E+01  0.28266E-06
-0.11000E+01  0.28263E-06
-0.12000E+01  0.28263E-06
-0.13000E+01  0.28263E-06
-0.14000E+01  0.28263E-06
-0.15000E+01  0.28263E-06
-0.16000E+01  0.28263E-06
-0.17000E+01  0.28263E-06
-0.18000E+01  0.28263E-06
-0.19000E+01  0.28263E-06
-0.20000E+01  0.28263E-06
-0.21000E+01  0.28263E-06
-0.22000E+01  0.28263E-06
-0.23000E+01  0.28263E-06
-0.24000E+01  0.28263E-06
-0.25000E+01  0.28263E-06
-0.26000E+01  0.28263E-06
-0.27000E+01  0.28263E-06
-0.28000E+01  0.28263E-06
-0.29000E+01  0.28263E-06
-0.30000E+01  0.28263E-06
-0.31000E+01  0.28263E-06
-0.32000E+01  0.28263E-06
-0.33000E+01  0.28263E-06
-0.34000E+01  0.28263E-06
-0.35000E+01  0.28263E-06
-0.36000E+01  0.28263E-06
-0.37000E+01  0.28263E-06
-0.38000E+01  0.28263E-06
-0.39000E+01  0.28263E-06
-0.40000E+01  0.28263E-06
-0.41000E+01  0.28263E-06
-0.42000E+01  0.28263E-06
-0.43000E+01  0.28263E-06
-0.44000E+01  0.28263E-06
-0.45000E+01  0.28263E-06
-0.46000E+01  0.28263E-06
-0.47000E+01  0.28263E-06
-0.48000E+01  0.28263E-06
-0.49000E+01  0.28263E-06
-0.50000E+01  0.28263E-06
-0.51000E+01  0.28263E-06
-0.52000E+01  0.28263E-06
-0.53000E+01  0.28263E-06
-0.54000E+01  0.28263E-06
-0.55000E+01  0.28263E-06
-0.56000E+01  0.28263E-06
-0.57000E+01  0.28263E-06
-0.58000E+01  0.28263E-06
-0.59000E+01  0.28263E-06
-0.60000E+01  0.28263E-06
-0.61000E+01  0.28263E-06
-0.62000E+01  0.28263E-06
-0.63000E+01  0.28263E-06
-0.64000E+01  0.28263E-06
-0.65000E+01  0.28263E-06
-0.66000E+01  0.28263E-06
-0.67000E+01  0.28263E-06
-0.68000E+01  0.28263E-06
-0.69000E+01  0.28263E-06
-0.70000E+01  0.28263E-06
-0.71000E+01  0.28263E-06
-0.72000E+01  0.28263E-06
-0.73000E+01  0.28263E-06
-0.74000E+01  0.28263E-06
-0.75000E+01  0.28263E-06
-0.76000E+01  0.28263E-06
-0.77000E+01  0.28263E-06
-0.78000E+01  0.28263E-06
-0.79000E+01  0.28263E-06
-0.80000E+01  0.28263E-06
 zone T = "Var            2 : Predicted",
 0.00000E+00  0.10254E+01
-0.10000E+00  0.10254E+01
-0.20000E+00  0.10254E+01
-0.30000E+00  0.10254E+01
-0.40000E+00  0.10254E+01
-0.50000E+00  0.10254E+01
-0.60000E+00  0.10254E+01
-0.70000E+00  0.10254E+01
-0.80000E+00  0.10254E+01
-0.90000E+00  0.10254E+01
-0.10000E+01  0.10254E+01
-0.11000E+01  0.10254E+01
-0.12000E+01  0.10254E+01
-0.13000E+01  0.10254E+01
-0.14000E+01  0.10254E+01
-0.15000E+01  0.10254E+01
-0.16000E+01  0.10254E+01
-0.17000E+01  0.10254E+01
-0.18000E+01  0.10254E+01
-0.19000E+01  0.10254E+01
-0.20000E+01  0.10254E+01
-0.21000E+01  0.10254E+01
-0.22000E+01  0.10254E+01
-0.23000E+01  0.10254E+01
-0.24000E+01  0.10254E+01
-0.25000E+01  0.10254E+01
-0.26000E+01  0.10254E+01
-0.27000E+01  0.10254E+01
-0.28000E+01  0.10254E+01
-0.29000E+01  0.10254E+01
-0.30000E+01  0.10254E+01
-0.31000E+01  0.10254E+01
-0.32000E+01  0.10254E+01
-0.33000E+01  0.10254E+01
-0.34000E+01  0.10254E+01
-0.35000E+01  0.10254E+01
-0.36000E+01  0.10254E+01
-0.37000E+01  0.10254E+01
-0.38000E+01  0.10254E+01
-0.39000E+01  0.10254E+01
-0.40000E+01  0.10254E+01
-0.41000E+01  0.10254E+01
-0.42000E+01  0.10254E+01
-0.43000E+01  0.10254E+01
-0.44000E+01  0.10254E+01
-0.45000E+01  0.10254E+01
-0.46000E+01  0.10254E+01
-0.47000E+01  0.10254E+01
-0.48000E+01  0.10254E+01
-0.49000E+01  0.10254E+01
-0.50000E+01  0.10254E+01
-0.51000E+01  0.10254E+01
-0.52000E+01  0.10254E+01
-0.53000E+01  0.10254E+01
-0.54000E+01  0.10254E+01
-0.55000E+01  0.10254E+01
-0.56000E+01  0.10254E+01
-0.57000E+01  0.10254E+01
-0.58000E+01  0.10254E+01
-0.59000E+01  0.10254E+01
-0.60000E+01  0.10254E+01
-0.61000E+01  0.10254E+01
-0.62000E+01  0.10254E+01
-0.63000E+01  0.10254E+01
-0.64000E+01  0.10254E+01
-0.65000E+01  0.10254E+01
-0.66000E+01  0.10254E+01
-0.67000E+01  0.10254E+01
-0.68000E+01  0.10254E+01
-0.69000E+01  0.10254E+01
-0.70000E+01  0.10254E+01
-0.71000E+01  0.10254E+01
-0.72000E+01  0.10254E+01
-0.73000E+01  0.10254E+01
-0.74000E+01  0.10254E+01
-0.75000E+01  0.10254E+01
-0.76000E+01  0.10254E+01
-0.77000E+01  0.10254E+01
-0.78000E+01  0.10254E+01
-0.79000E+01  0.10254E+01
-0.80000E+01  0.10254E+01
