 zone T = "ep =  1. ",
 1. -1.3045115047699951
 1.05 -1.448482825192039
 1.1 -1.6035624291399966
 1.15 -1.7368582521880191
 1.2 -1.8811581476477306
 1.25 -2.026106152400152
 1.3 -2.164088349340342
 1.3499999999999999 -2.3084087579432655
 1.4 -2.4463080036931917
 1.45 -2.584678152424734
 1.5 -2.7239578652886713
 1.55 -2.8595537457342064
 1.6 -2.992232517490918
 1.65 -3.1244914740859313
 1.7 -3.2530314699115017
 1.75 -3.3812292009181037
 1.8 -3.506644191446159
 1.8499999999999999 -3.630746600186953
 1.9000000000000001 -3.7521885604804703
 1.95 -3.870543422062819
 2. -3.9876183645163685
 2.05 -4.102869633367424
 2.1 -4.216322585528532
 2.15 -4.328056547448064
 2.2 -4.4384619257222875
 2.25 -4.547366199717422
 2.3 -4.655183407008399
 2.35 -4.761834025938289
 2.4 -4.8677081250194245
 2.45 -4.972824878629203
 2.5 -5.077224784715544
 2.55 -5.181068017684676
 2.6 -5.284345266884078
 2.65 -5.38730835838015
 2.7 -5.489772726553904
 2.75 -5.591991717633696
 2.8 -5.693864581141673
 2.85 -5.795537236106017
 2.9 -5.897022733606936
 2.95 -5.998289860221125
 3. -6.099382989560388
 3.05 -6.200366453236689
 3.1 -6.3012376066793
 3.15 -6.402008362177827
 3.2 -6.5026552630597685
 3.25 -6.603238243521657
 3.3 -6.703744568727067
 3.35 -6.80419295224309
 3.4 -6.90457328181595
 3.45 -7.004914843588184
 3.5 -7.10520403120432
 3.55 -7.205451693746015
 3.6 -7.305664834478454
 3.65 -7.405849801781845
 3.7 -7.505998718354212
 3.75 -7.606122140389492
 3.8 -7.706216819842585
 3.85 -7.806284944910832
 3.9 -7.906327578814403
 3.95 -8.006348837513547
 4. -8.106341401365961
 4.05 -8.206315457830652
 4.1 -8.306263832486684
 4.15 -8.406186941161362
 4.2 -8.506081601674603
 4.25 -8.605950059526853
 4.3 -8.705787302936837
 4.35 -8.805589953074685
 4.4 -8.905356746441093
 4.45 -9.005082772765554
 4.5 -9.104763123583282
 zone T = "ep =  0.7943282347242815 ",
 1. -1.3359278904212448
 1.05 -1.4700621230260151
 1.1 -1.6175123691329103
 1.15 -1.7654924388494488
 1.2 -1.9039339530847066
 1.25 -2.0514348781075245
 1.3 -2.1885047953833574
 1.3499999999999999 -2.3332991370727867
 1.4 -2.47112751786074
 1.45 -2.6129237366808677
 1.5 -2.7497006820733048
 1.55 -2.886019451113226
 1.6 -3.0211753165385904
 1.65 -3.1549690013794827
 1.7 -3.285008727668914
 1.75 -3.4142358370167933
 1.8 -3.541017548508265
 1.8499999999999999 -3.66641125200871
 1.9000000000000001 -3.7889189689883813
 1.95 -3.9091209957260213
 2. -4.027613162463751
 2.05 -4.144272171547196
 2.1 -4.259154757271542
 2.15 -4.372138229798463
 2.2 -4.483658208397402
 2.25 -4.5936298340387625
 2.3 -4.702447304506707
 2.35 -4.81007982540355
 2.4 -4.916775586884882
 2.45 -5.022667488484101
 2.5 -5.127747465524897
 2.55 -5.232182449255365
 2.6 -5.336026995419293
 2.65 -5.439430717889699
 2.7 -5.542351533238055
 2.75 -5.644932753938783
 2.8 -5.747167673323877
 2.85 -5.849137908706156
 2.9 -5.950871775910429
 2.95 -6.052380963415359
 3. -6.153695946639318
 3.05 -6.254863173160923
 3.1 -6.355889566435625
 3.15 -6.4567948587461
 3.2 -6.557577046781649
 3.25 -6.6582715284259
 3.3 -6.7588780790201115
 3.35 -6.859411270585396
 3.4 -6.959872518594285
 3.45 -7.060278902645015
 3.5 -7.160628576816755
 3.55 -7.260929637409558
 3.6 -7.36118772271856
 3.65 -7.461407781296707
 3.7 -7.561589130828493
 3.75 -7.66173746233
 3.8 -7.761853113457945
 3.85 -7.8619379444287105
 3.9 -7.961993302466634
 3.95 -8.062021227832146
 4. -8.16201916034627
 4.05 -8.261990989005794
 4.1 -8.361933641645168
 4.15 -8.461846676095686
 4.2 -8.561727937765975
 4.25 -8.661577057670799
 4.3 -8.761390509541787
 4.35 -8.861165012095679
 4.4 -8.960897671052644
 4.45 -9.060583682894476
 4.5 -9.160217720830591
 zone T = "ep =  0.6309573444801932 ",
 1. -1.3637177750865828
 1.05 -1.507116115913235
 1.1 -1.645480748675622
 1.15 -1.7917862817237797
 1.2 -1.9361192876474937
 1.25 -2.076072541295139
 1.3 -2.223703745137759
 1.3499999999999999 -2.3605234570801272
 1.4 -2.5041477616560255
 1.45 -2.6414102787611533
 1.5 -2.7812213411224027
 1.55 -2.9193581511913043
 1.6 -3.0537068540337224
 1.65 -3.187899405079357
 1.7 -3.320277760702359
 1.75 -3.450763257694024
 1.8 -3.5790402883933594
 1.8499999999999999 -3.70528191363911
 1.9000000000000001 -3.829201595988771
 1.95 -3.950990624718856
 2. -4.070928003599489
 2.05 -4.188947871979967
 2.1 -4.3049486035981985
 2.15 -4.4191747703381665
 2.2 -4.531854339769504
 2.25 -4.642977384462425
 2.3 -4.752817491108888
 2.35 -4.861394469087583
 2.4 -4.968939158247887
 2.45 -5.075533147760661
 2.5 -5.1813163543185405
 2.55 -5.286364593274568
 2.6 -5.3907516266301325
 2.65 -5.494621703241296
 2.7 -5.597999526215867
 2.75 -5.700953546155866
 2.8 -5.8035371134505835
 2.85 -5.905810313954047
 2.9 -6.007806662231749
 2.95 -6.109553436903312
 3. -6.211088274627946
 3.05 -6.312437423720906
 3.1 -6.413626172772223
 3.15 -6.514673476223526
 3.2 -6.615587959490659
 3.25 -6.716394313165378
 3.3 -6.817101182180033
 3.35 -6.917721278731215
 3.4 -7.018261590858648
 3.45 -7.118733586458065
 3.5 -7.21914197380852
 3.55 -7.3194939886907635
 3.6 -7.419794766997133
 3.65 -7.520049412000828
 3.7 -7.620260310928567
 3.75 -7.720431386720345
 3.8 -7.82056480998358
 3.85 -7.920662334576501
 3.9 -8.0207255365997
 3.95 -8.120755454201891
 4. -8.220751907225717
 4.05 -8.32071556693164
 4.1 -8.420645358214415
 4.15 -8.520540248927302
 4.2 -8.620398432708777
 4.25 -8.7202180437442
 4.3 -8.819996038039006
 4.35 -8.919728893389129
 4.4 -9.019412551074543
 4.45 -9.119041881487801
 4.5 -9.21861087736161
 zone T = "ep =  0.5011872336272724 ",
 1. -1.3901639528716874
 1.05 -1.5502543619676898
 1.1 -1.681633445947632
 1.15 -1.8210474085428348
 1.2 -1.972231249161354
 1.25 -2.1096173409556043
 1.3 -2.251651846659065
 1.3499999999999999 -2.3954940828780407
 1.4 -2.534903043139038
 1.45 -2.676026419520949
 1.5 -2.815123883912038
 1.55 -2.952036989143032
 1.6 -3.089850990886521
 1.65 -3.224087533588363
 1.7 -3.356522689022232
 1.75 -3.487999821775899
 1.8 -3.617443821278578
 1.8499999999999999 -3.744821670306739
 1.9000000000000001 -3.870063024832241
 1.95 -3.993181658987744
 2. -4.114324759518396
 2.05 -4.233691468775254
 2.1 -4.350703919887528
 2.15 -4.4662772613641355
 2.2 -4.579881201665251
 2.25 -4.6920259573967895
 2.3 -4.8028063307119275
 2.35 -4.912300869535429
 2.4 -5.0206166660930345
 2.45 -5.127945037519143
 2.5 -5.234398978666943
 2.55 -5.340025483106725
 2.6 -5.44497341010058
 2.65 -5.549328298841761
 2.7 -5.653128273462537
 2.75 -5.756475254825188
 2.8 -5.859399616840197
 2.85 -5.961974741454613
 2.9 -6.064238943425493
 2.95 -6.1662281500859955
 3. -6.2679780409289165
 3.05 -6.369519318829754
 3.1 -6.470871640548516
 3.15 -6.572064160910048
 3.2 -6.67311096930798
 3.25 -6.774030936198697
 3.3 -6.874838607990307
 3.35 -6.97554595099905
 3.4 -7.076163790150124
 3.45 -7.1767020585148735
 3.5 -7.277167947074248
 3.55 -7.377569297006058
 3.6 -7.477911301366654
 3.65 -7.578199248087251
 3.7 -7.678437429796978
 3.75 -7.778629226954249
 3.8 -7.878777312385586
 3.85 -7.978883900683897
 3.9 -8.078950323144795
 3.95 -8.178977729923535
 4. -8.278966262465321
 4.05 -8.378915903039111
 4.1 -8.478825799896853
 4.15 -8.578694602967948
 4.2 -8.67852031624522
 4.25 -8.778300400179175
 4.3 -8.878031489662199
 4.35 -8.977709534769387
 4.4 -9.077329643261654
 4.45 -9.176885965369495
 4.5 -9.276371609996765
 zone T = "ep =  0.39810717055349726 ",
 1. -1.4218482917541173
 1.05 -1.5730503065646744
 1.1 -1.7242202994761464
 1.15 -1.8556198592116762
 1.2 -1.9992133110484887
 1.25 -2.148909217084191
 1.3 -2.2836917744564036
 1.3499999999999999 -2.4281688476456136
 1.4 -2.5680055787436316
 1.45 -2.7087578684982634
 1.5 -2.8476055646175507
 1.55 -2.986879267295416
 1.6 -3.1223404774048102
 1.65 -3.2583126818314025
 1.7 -3.3924311016281177
 1.75 -3.523816285144636
 1.8 -3.653806424694326
 1.8499999999999999 -3.7820983622666957
 1.9000000000000001 -3.90835931266103
 1.95 -4.032491864058999
 2. -4.154672446079031
 2.05 -4.274922693745499
 2.1 -4.393238573526972
 2.15 -4.509511234459354
 2.2 -4.624288594165026
 2.25 -4.737369222257661
 2.3 -4.848969885886239
 2.35 -4.959298174589238
 2.4 -5.068352777156129
 2.45 -5.176419533536844
 2.5 -5.283478017955932
 2.55 -5.389686572805262
 2.6 -5.49516365705488
 2.65 -5.599983690719783
 2.7 -5.704194731223473
 2.75 -5.807920389904531
 2.8 -5.9111879592061545
 2.85 -6.014074261460171
 2.9 -6.116601659190442
 2.95 -6.2188299386722035
 3. -6.320792187881834
 3.05 -6.422521282621007
 3.1 -6.524044065148104
 3.15 -6.625384585023097
 3.2 -6.726560107117357
 3.25 -6.827595317746249
 3.3 -6.928503758899839
 3.35 -7.029299943706304
 3.4 -7.129993726722135
 3.45 -7.230597908447843
 3.5 -7.331120536318932
 3.55 -7.431569345908302
 3.6 -7.531950909374489
 3.65 -7.632271037301244
 3.7 -7.732533975705605
 3.75 -7.832743889896162
 3.8 -7.932903477276103
 3.85 -8.033015245389084
 3.9 -8.133080598569384
 3.95 -8.233100523858232
 4. -8.333075284887313
 4.05 -8.433004670199246
 4.1 -8.532887464372559
 4.15 -8.632722076575817
 4.2 -8.732506014816364
 4.25 -8.832236259077522
 4.3 -8.931908829146105
 4.35 -9.03151890281547
 4.4 -9.131060789329585
 4.45 -9.230527671733963
 4.5 -9.32991156695148
 zone T = "ep =  0.31622776601683794 ",
 1. -1.4573939156405615
 1.05 -1.5999204728522738
 1.1 -1.751853845400197
 1.15 -1.893768010201211
 1.2 -2.029199765809332
 1.25 -2.1741049951920774
 1.3 -2.318438382840748
 1.3499999999999999 -2.456000146840957
 1.4 -2.600674249851699
 1.45 -2.7376084142098254
 1.5 -2.878860777821231
 1.55 -3.0152110685646414
 1.6 -3.154115098246242
 1.65 -3.2880449087792756
 1.7 -3.4222544518472313
 1.75 -3.5555096781412674
 1.8 -3.6855091831086297
 1.8499999999999999 -3.8140863264129816
 1.9000000000000001 -3.9409374633953567
 1.95 -4.0658197702232926
 2. -4.1887131311073995
 2.05 -4.309664713211727
 2.1 -4.4287841066159785
 2.15 -4.546026188116418
 2.2 -4.6613888395664915
 2.25 -4.775317430195732
 2.3 -4.8876857067365105
 2.35 -4.99865701152951
 2.4 -5.108443374758993
 2.45 -5.217026903971732
 2.5 -5.324700359973902
 2.55 -5.431437478971238
 2.6 -5.537351639602008
 2.65 -5.642615113350834
 2.7 -5.7472191648397075
 2.75 -5.8512838862265335
 2.8 -5.954874102874592
 2.85 -6.0580266199205814
 2.9 -6.160811253986489
 2.95 -6.263262488985879
 3. -6.365424514771907
 3.05 -6.467330922452107
 3.1 -6.569009432184706
 3.15 -6.670485801725932
 3.2 -6.771785232855414
 3.25 -6.87292915966938
 3.3 -6.973930197986476
 3.35 -7.074806876113971
 3.4 -7.175571814877046
 3.45 -7.276236162121284
 3.5 -7.376809809566104
 3.55 -7.477300999241156
 3.6 -7.577716822367128
 3.65 -7.678063555558233
 3.7 -7.778345863983727
 3.75 -7.878568274527733
 3.8 -7.978733523807359
 3.85 -8.078844196317768
 3.9 -8.17890181350211
 3.95 -8.278907310313626
 4. -8.378860485409934
 4.05 -8.478761147124601
 4.1 -8.578607650826621
 4.15 -8.67839789917776
 4.2 -8.778128908323986
 4.25 -8.877796970729099
 4.3 -8.977397324973825
 4.35 -9.07692426768155
 4.4 -9.176371105787975
 4.45 -9.275729876595651
 4.5 -9.374991286154453
 zone T = "ep =  0.251188643150958 ",
 1. -1.4951334203421498
 1.05 -1.6298706649567385
 1.1 -1.774170002070627
 1.15 -1.9259415489704965
 1.2 -2.060424928934723
 1.25 -2.198434900490102
 1.3 -2.3438003749546
 1.3499999999999999 -2.483435512603529
 1.4 -2.622142825610622
 1.45 -2.7653094826232594
 1.5 -2.9009149563416967
 1.55 -3.0414173867004957
 1.6 -3.175780107958408
 1.65 -3.3124338399496285
 1.7 -3.4456116060146114
 1.75 -3.5779641023264532
 1.8 -3.7093429731261733
 1.8499999999999999 -3.8379410308898994
 1.9000000000000001 -3.964792577322032
 1.95 -4.089952031709854
 2. -4.213229073043304
 2.05 -4.334584428562843
 2.1 -4.454066347103597
 2.15 -4.571793952041199
 2.2 -4.687887738644667
 2.25 -4.802092558023647
 2.3 -4.915058058305338
 2.35 -5.026472719160563
 2.4 -5.1366827130593
 2.45 -5.2457833992864735
 2.5 -5.353818615691131
 2.55 -5.460958037965622
 2.6 -5.567251983943909
 2.65 -5.672817704896621
 2.7 -5.777732584088511
 2.75 -5.882078050434935
 2.8 -5.985892216562769
 2.85 -6.089273512841552
 2.9 -6.192251062002373
 2.95 -6.294884880450119
 3. -6.397197796831049
 3.05 -6.499240609230639
 3.1 -6.60104141389003
 3.15 -6.702628130159405
 3.2 -6.8040215304793294
 3.25 -6.905246811941281
 3.3 -7.0063196026302315
 3.35 -7.107258260578691
 3.4 -7.2080755257046905
 3.45 -7.308783386916874
 3.5 -7.409392705757385
 3.55 -7.509911542995289
 3.6 -7.610348776656723
 3.65 -7.710709655437488
 3.7 -7.810999752623813
 3.75 -7.911223046213115
 3.8 -8.011382990273736
 3.85 -8.111481781985535
 3.9 -8.211520932636235
 3.95 -8.311500960530203
 4. -8.411421714847364
 4.05 -8.511282137238432
 4.1 -8.611080321835065
 4.15 -8.710813585912756
 4.2 -8.81047821187276
 4.25 -8.910069663120403
 4.3 -9.009582249733658
 4.35 -9.109009232511639
 4.4 -9.208342686129095
 4.45 -9.307573298112287
 4.5 -9.406690300321547
 zone T = "ep =  0.199526231496888 ",
 1. -1.5325836998616502
 1.05 -1.66128529736495
 1.1 -1.7991155463357458
 1.15 -1.944190100189525
 1.2 -2.091190237336777
 1.25 -2.2235858497898335
 1.3 -2.3630551428177156
 1.3499999999999999 -2.5079781494995452
 1.4 -2.643632868734976
 1.45 -2.782618220319646
 1.5 -2.9222081233306665
 1.55 -3.0578566211388614
 1.6 -3.1956736020239047
 1.65 -3.3292169892879278
 1.7 -3.463528769539709
 1.75 -3.5952442825465596
 1.8 -3.7255671755756783
 1.8499999999999999 -3.8548890873939192
 1.9000000000000001 -3.9815039820912905
 1.95 -4.106456083704459
 2. -4.229744845151529
 2.05 -4.351213411611957
 2.1 -4.470830863022388
 2.15 -4.58866700369411
 2.2 -4.704845128525969
 2.25 -4.819515527592196
 2.3 -4.932597558091041
 2.35 -5.044361059791579
 2.4 -5.154815536247295
 2.45 -5.264164056385486
 2.5 -5.372474220226709
 2.55 -5.47988149370933
 2.6 -5.5863803771026905
 2.65 -5.692164270963753
 2.7 -5.797286888620657
 2.75 -5.901800473524488
 2.8 -6.00579417208771
 2.85 -6.109327146505832
 2.9 -6.2124374462738485
 2.95 -6.315190203926013
 3. -6.417606783300236
 3.05 -6.519744287177318
 3.1 -6.621627712939418
 3.15 -6.723285534290362
 3.2 -6.8247429419169165
 3.25 -6.926020433841437
 3.3 -7.027140621028499
 3.35 -7.128116013138124
 3.4 -7.228964174208817
 3.45 -7.3296969629042374
 3.5 -7.430324396917127
 3.55 -7.530856249966172
 3.6 -7.631300098412085
 3.65 -7.7316619602484
 3.7 -7.8319477652596285
 3.75 -7.932160886985755
 3.8 -8.032305064051764
 3.85 -8.132382046679217
 3.9 -8.232393143503083
 3.95 -8.332338706283364
 4. -8.432217842331822
 4.05 -8.532029307479796
 4.1 -8.63177042972313
 4.15 -8.731437781387235
 4.2 -8.831026883164169
 4.25 -8.930532305458849
 4.3 -9.02994731473484
 4.35 -9.129263994766966
 4.4 -9.228473129760104
 4.45 -9.327563972950594
 4.5 -9.426524166319185
 zone T = "ep =  0.15848931924611132 ",
 1. -1.5720621610678698
 1.05 -1.6964540916949673
 1.1 -1.8293657516774344
 1.15 -1.9689402661974
 1.2 -2.1140650385877318
 1.25 -2.2521865336354656
 1.3 -2.387055307546258
 1.3499999999999999 -2.527121496387261
 1.4 -2.668447991436035
 1.45 -2.8032107892594142
 1.5 -2.9416906914749354
 1.55 -3.078087531485174
 1.6 -3.2130524153922355
 1.65 -3.3482125472117086
 1.7 -3.480498772605136
 1.75 -3.612570897581921
 1.8 -3.742411051055012
 1.8499999999999999 -3.8707446558011163
 1.9000000000000001 -3.997990913919707
 1.95 -4.122439971262211
 2. -4.245515583061579
 2.05 -4.366968748236929
 2.1 -4.4866525400937745
 2.15 -4.604575256689103
 2.2 -4.7208162413819865
 2.25 -4.835488513946272
 2.3 -4.9487591061152685
 2.35 -5.060780062530407
 2.4 -5.171378900663185
 2.45 -5.280955170884253
 2.5 -5.389479591855118
 2.55 -5.497033221374589
 2.6 -5.603738272503421
 2.65 -5.709724214732828
 2.7 -5.815012625839697
 2.75 -5.919675228054499
 2.8 -6.0238154299711235
 2.85 -6.127474733715965
 2.9 -6.230701827003563
 2.95 -6.333556251106409
 3. -6.436078428784469
 3.05 -6.5382970394017175
 3.1 -6.640255428474261
 3.15 -6.741979324068031
 3.2 -6.843492633140084
 3.25 -6.944820286287511
 3.3 -7.045980703526557
 3.35 -7.1469930312458025
 3.4 -7.247868717370639
 3.45 -7.3486231324376075
 3.5 -7.449266435221181
 3.55 -7.549808775843251
 3.6 -7.650257344350889
 3.65 -7.750619472028386
 3.7 -7.8508992840710015
 3.75 -7.951101676495421
 3.8 -8.051229078588019
 3.85 -8.151283721477222
 3.9 -8.25126642903306
 3.95 -8.35117734953439
 4. -8.451014870941773
 4.05 -8.550777624950959
 4.1 -8.650462134477488
 4.15 -8.750064318640575
 4.2 -8.849578818296372
 4.25 -8.94899944256962
 4.3 -9.048318380693326
 4.35 -9.14752655741582
 4.4 -9.24661355718135
