 zone T = "ep =   0.31622776601683794      ",
   1.0791812460476249       -1.4569713611689019     
   1.1291812460476249       -1.5326230907261724     
   1.1791812460476248       -1.5919224590662608     
   1.2291812460476248       -1.6305665248357275     
   1.2791812460476248       -1.6786579286664394     
   1.3291812460476249       -1.7387262319261396     
   1.3791812460476249       -1.7713838296171440     
   1.4291812460476248       -1.8377179258178293     
   1.4791812460476248       -1.8750330178162085     
   1.5291812460476248       -1.9365438510386508     
   1.5791812460476249       -1.9856246494361256     
   1.6291812460476249       -2.0307228482754520     
   1.6791812460476248       -2.0798448786091921     
   1.7291812460476248       -2.1313772942539346     
   1.7791812460476248       -2.1808954552312065     
   1.8291812460476249       -2.2352989181083585     
   1.8791812460476249       -2.2865995572488633     
   1.9291812460476248       -2.3346903563492107     
   1.9791812460476248       -2.3844680062799393     
   2.0291812460476248       -2.4353900804836783     
   2.0791812460476247       -2.4836944232882163     
   2.1291812460476249       -2.5368909968237845     
   2.1791812460476248       -2.5858868943267832     
   2.2291812460476246       -2.6363991810892058     
   2.2791812460476248       -2.6866820926840114     
   2.3291812460476251       -2.7369799534030177     
   2.3791812460476249       -2.7859770183961019     
   2.4291812460476248       -2.8366142146348294     
   2.4791812460476246       -2.8867010271301266     
   2.5291812460476248       -2.9369853359410580     
   2.5791812460476247       -2.9868152423586039     
   2.6291812460476249       -3.0363221435603580     
   2.6791812460476248       -3.0870519098371783     
   2.7291812460476246       -3.1370304786847094     
   2.7791812460476248       -3.1869396693580736     
   2.8291812460476247       -3.2371199364683627     
   2.8791812460476249       -3.2869370053285527     
   2.9291812460476248       -3.3371206804296554     
   2.9791812460476246       -3.3869270250558570     
   3.0291812460476248       -3.4370558385798615     
   3.0791812460476247       -3.4868325071786321     
   3.1291812460476245       -3.5371423769489660     
   3.1791812460476248       -3.5870747640841136     
   3.2291812460476246       -3.6371594058516679     
   3.2791812460476248       -3.6869793222131659     
   3.3291812460476247       -3.7371474436321312     
   3.3791812460476245       -3.7870398857799836     
   3.4291812460476248       -3.8371352121382674     
   3.4791812460476246       -3.8871630440767682     
   3.5291812460476248       -3.9371582530183513     
   3.5791812460476251       -3.9871728423082695     
   3.6291812460476245       -4.0371691796123086     
   3.6791812460476248       -4.0871500929061639     
   3.7291812460476246       -4.1371720285920981     
   3.7791812460476248       -4.1871739448218337     
   3.8291812460476247       -4.2371712302354112     
   3.8791812460476245       -4.2871449878182961     
   3.9291812460476248       -4.3371527011353566     
   3.9791812460476246       -4.3871767507622810     
   4.0291812460476253       -4.4371811510816874     
   4.0791812460476251       -4.4870236157556755     
   4.1291812460476249       -4.5371578475713017     
   4.1791812460476248       -4.5871700105132813     
   4.2291812460476246       -4.6371665308299130     
   4.2791812460476253       -4.6871764329495464     
   4.3291812460476251       -4.7371829819856357     
   4.3791812460476249       -4.7871834165815317     
   4.4291812460476248       -4.8371834693162121     
   4.4791812460476246       -4.8871800922927946     
   4.5291812460476253       -4.9371808297854605     
   4.5791812460476251       -4.9871840204551576     
 zone T = "ep =   0.25118864315095801      ",
   1.0791812460476249       -1.4570443528441057     
   1.1291812460476249       -1.5326881998370225     
   1.1791812460476248       -1.5919784813569731     
   1.2291812460476248       -1.6306119601550013     
   1.2791812460476248       -1.6786938820038857     
   1.3291812460476249       -1.7387543393215408     
   1.3791812460476249       -1.7714051858855953     
   1.4291812460476248       -1.8377341658110085     
   1.4791812460476248       -1.8750450957529536     
   1.5291812460476248       -1.9365528041343214     
   1.5791812460476249       -1.9856312627096662     
   1.6291812460476249       -2.0307276731722550     
   1.6791812460476248       -2.0798483775300816     
   1.7291812460476248       -2.1313798291162325     
   1.7791812460476248       -2.1808972911515689     
   1.8291812460476249       -2.2353002439210181     
   1.8791812460476249       -2.2866005067471766     
   1.9291812460476248       -2.3346910393015712     
   1.9791812460476248       -2.3844684933906977     
   2.0291812460476248       -2.4353904287604755     
   2.0791812460476247       -2.4836946725562150     
   2.1291812460476249       -2.5368911747785026     
   2.1791812460476248       -2.5858870212177179     
   2.2291812460476246       -2.6363992714514750     
   2.2791812460476248       -2.6866821568475245     
   2.3291812460476251       -2.7369799990745802     
   2.3791812460476249       -2.7859770508395663     
   2.4291812460476248       -2.8366142376836150     
   2.4791812460476246       -2.8867010435269282     
   2.5291812460476248       -2.9369853475795051     
   2.5791812460476247       -2.9868152506193071     
   2.6291812460476249       -3.0363221494169186     
   2.6791812460476248       -3.0870519139913384     
   2.7291812460476246       -3.1370304816326193     
   2.7791812460476248       -3.1869396714483029     
   2.8291812460476247       -3.2371199379498119     
   2.8791812460476249       -3.2869370063788281     
   2.9291812460476248       -3.3371206811737077     
   2.9791812460476246       -3.3869270255830268     
   3.0291812460476248       -3.4370558389535733     
   3.0791812460476247       -3.4868325074433577     
   3.1291812460476245       -3.5371423771365080     
   3.1791812460476248       -3.5870747642169278     
   3.2291812460476246       -3.6371594059457695     
   3.2791812460476248       -3.6869793222798051     
   3.3291812460476247       -3.7371474436793228     
   3.3791812460476245       -3.7870398858134169     
   3.4291812460476248       -3.8371352121619253     
   3.4791812460476246       -3.8871630440935414     
   3.5291812460476248       -3.9371582530302351     
   3.5791812460476251       -3.9871728423166735     
   3.6291812460476245       -4.0371691796182594     
   3.6791812460476248       -4.0871500929103517     
   3.7291812460476246       -4.1371720285951010     
   3.7791812460476248       -4.1871739448239422     
   3.8291812460476247       -4.2371712302369868     
   3.8791812460476245       -4.2871449878193406     
   3.9291812460476248       -4.3371527011360502     
   3.9791812460476246       -4.3871767507626540     
   4.0291812460476253       -4.4371811510821617     
   4.0791812460476251       -4.4870236157560681     
   4.1291812460476249       -4.5371578475715291     
   4.1791812460476248       -4.5871700105133746     
   4.2291812460476246       -4.6371665308299796     
   4.2791812460476253       -4.6871764329497223     
   4.3291812460476251       -4.7371829819857263     
   4.3791812460476249       -4.7871834165814935     
   4.4291812460476248       -4.8371834693162334     
   4.4791812460476246       -4.8871800922928523     
   4.5291812460476253       -4.9371808297853477     
   4.5791812460476251       -4.9871840204551763     
 zone T = "ep =   0.19952623149688800      ",
   1.0791812460476249       -1.4571157078541424     
   1.1291812460476249       -1.5327560375516578     
   1.1791812460476248       -1.5920395940275389     
   1.2291812460476248       -1.6306627331190611     
   1.2791812460476248       -1.6787347035969751     
   1.3291812460476249       -1.7387869697623983     
   1.3791812460476249       -1.7714302376939248     
   1.4291812460476248       -1.8377534784767029     
   1.4791812460476248       -1.8750595675295076     
   1.5291812460476248       -1.9365636336281633     
