 zone T = "ep =    1.00000000000000      ",
   1.39794000867204       -2.49501680553785     
   1.44794000867204       -2.73301258890370     
   1.49794000867204       -2.96568322620227     
   1.54794000867204       -3.18366568884080     
   1.59794000867204       -3.36013083838904     
   1.64794000867204       -3.45247671011201     
   1.69794000867204       -3.44183756768561     
   1.74794000867204       -3.66593959808569     
   1.79794000867204       -3.87918336563169     
   1.84794000867204       -4.01055771525942     
   1.89794000867204       -4.11510430313308     
   1.94794000867204       -4.32537546906416     
   1.99794000867204       -4.41726363504680     
   2.04794000867204       -4.62175680852647     
   2.09794000867204       -4.73083679934672     
   2.14794000867204       -4.93438284164228     
   2.19794000867204       -5.07145952206318     
   2.24794000867204       -5.21087075493759     
   2.29794000867204       -5.37270146488957     
   2.34794000867204       -5.53207666418203     
   2.39794000867204       -5.63115288101714     
   2.44794000867204       -5.84039280322587     
   2.49794000867204       -6.00418525970897     
   2.54794000867204       -6.14518978969049     
   2.59794000867204       -6.30520114950280     
   2.64794000867204       -6.45986325965664     
   2.69794000867204       -6.60567511410042     
   2.74794000867204       -6.76306039487415     
   2.79794000867204       -6.91067797467154     
   2.84794000867204       -7.06396611143863     
   2.89794000867204       -7.22000856239217     
   2.94794000867204       -7.37071527295262     
   2.99794000867204       -7.52145848248306     
   3.04794000867204       -7.67349039315509     
   3.09794000867204       -7.82139921323235     
   3.14794000867204       -7.97346279911261     
   3.19794000867204       -8.12352777782260     
   3.24794000867204       -8.27634400121984     
   3.29794000867204       -8.42701545004788     
   3.34794000867204       -8.57631630645941     
   3.39794000867204       -8.72647555319846     
   3.44794000867204       -8.87790391405436     
   3.49794000867204       -9.02862200641840     
   3.54794000867204       -9.17903339668458     
   3.59794000867204       -9.32991874062935     
   3.64794000867204       -9.48004666197577     
   3.69794000867204       -9.63052694201895     
   3.74794000867204       -9.78047094893618     
   3.79794000867204       -9.93053468002520     
   3.84794000867204       -10.0810076922819     
   3.89794000867204       -10.2310336868940     
   3.94794000867204       -10.3813965511198     
   3.99794000867204       -10.5312567282757     
   4.04794000867204       -10.6817542356130     
   4.09794000867204       -10.8316264935768     
   4.14794000867204       -10.9818536767701     
   4.19794000867204       -11.1318115128949     
   4.24794000867204       -11.2819319609410     
   4.29794000867204       -11.4321147507713     
