 zone T = "ep =    1.0000000000000000      ",
   1.0000000000000000       -9.7265783482973571     
   1.0500000000000000       -8.5204611085283606     
   1.1000000000000001       -7.4531392290031651     
   1.1499999999999999       -6.8738889838491355     
   1.2000000000000000       -6.5021874459202689     
   1.2500000000000000       -6.2448461158559923     
   1.3000000000000000       -6.0597134708844340     
   1.3499999999999999       -6.2595922880459716     
   1.3999999999999999       -6.4392537765982327     
   1.4500000000000000       -6.5029315304937514     
   1.5000000000000000       -6.5637775400311265     
   1.5500000000000000       -6.7526960262396338     
   1.6000000000000001       -6.8014552421427599     
   1.6499999999999999       -6.9912832726830452     
   1.7000000000000000       -7.0698777775536401     
   1.7500000000000000       -7.2606907774228544     
   1.8000000000000000       -7.3786237380857376     
   1.8499999999999999       -7.5000658365465078     
   1.9000000000000001       -7.6484043796213079     
   1.9500000000000000       -7.7961082610489898     
   2.0000000000000000       -7.8772761395385089     
   2.0499999999999998       -8.0844507648419999     
   2.1000000000000001       -8.2405848304198805     
   2.1499999999999999       -8.3723247868019524     
   2.2000000000000002       -8.5259367739918730     
   2.2500000000000000       -8.6746590067629601     
   2.2999999999999998       -8.8141190866938715     
   2.3500000000000001       -8.9672965701790606     
   2.3999999999999999       -9.1098539475212519     
   2.4500000000000002       -9.2593438354873019     
   2.5000000000000000       -9.4123595547264287     
   2.5499999999999998       -9.5598089464643650     
   2.6000000000000001       -9.7075841983957449     
   2.6499999999999999       -9.8572125230866270     
   2.7000000000000002       -10.002449393856974     
   2.7500000000000000       -10.152638967515854     
   2.7999999999999998       -10.300784975544337     
   2.8500000000000001       -10.452253093962055     
   2.8999999999999999       -10.601498449868533     
   2.9500000000000002       -10.749333800150644     
   3.0000000000000000       -10.898291830509502     
   3.0499999999999998       -11.048828714312741     
   3.1000000000000001       -11.198668381473841     
   3.1499999999999999       -11.348273667638470     
   3.2000000000000002       -11.498506849627642     
   3.2500000000000000       -11.647958625512288     
   3.2999999999999998       -11.797890495390623     
   3.3500000000000001       -11.947273201278929     
   3.3999999999999999       -12.096853355224855     
   3.4500000000000002       -12.246948542333692     
   3.5000000000000000       -12.396580446585565     
   3.5499999999999998       -12.546633296967018     
   3.6000000000000001       -12.696146312785999     
   3.6499999999999999       -12.846410041175718     
   3.7000000000000002       -12.995981027108806     
   3.7500000000000000       -13.145968381662412     
   3.7999999999999998       -13.295647991174322     
   3.8500000000000001       -13.445503242745247     
   3.8999999999999999       -13.595404729983320     
   3.9500000000000002       -13.745102848904635     
   4.0000000000000000       -13.894641636349800     
   4.0499999999999998       -14.044208855270352     
   4.0999999999999996       -14.193663332116991     
   4.1500000000000004       -14.342901930826285     
   4.2000000000000002       -14.491654533495245     
   4.2500000000000000       -14.640028327597529     
   4.2999999999999998       -14.787717414552404     
   4.3499999999999996       -14.934552221507188     
   4.4000000000000004       -15.080001476546597     
   4.4500000000000002       -15.223751521313075     
   4.5000000000000000       -15.365090953270281     
 zone T = "ep =   0.79432823472428149      ",
   1.0000000000000000       -9.5222485531351104     
   1.0500000000000000       -8.2306432901392039     
   1.1000000000000001       -7.1675144929479169     
   1.1499999999999999       -6.5952486334982190     
   1.2000000000000000       -6.2303786554314353     
   1.2500000000000000       -5.9795007635377688     
   1.3000000000000000       -5.8003885712934906     
   1.3499999999999999       -5.9970499313063925     
   1.3999999999999999       -6.1732117710429932     
   1.4500000000000000       -6.2360150669314294     
   1.5000000000000000       -6.2978646801221112     
   1.5500000000000000       -6.4843802690148440     
   1.6000000000000001       -6.5340791463541557     
   1.6499999999999999       -6.7221591461396724     
   1.7000000000000000       -6.8013937166926013     
   1.7500000000000000       -6.9905742064862908     
   1.8000000000000000       -7.1086717923314762     
   1.8499999999999999       -7.2301877611290992     
   1.9000000000000001       -7.3780895391894106     
   1.9500000000000000       -7.5254712601604474     
   2.0000000000000000       -7.6076686955121096     
   2.0499999999999998       -7.8135161715630543     
   2.1000000000000001       -7.9692737109606746     
   2.1499999999999999       -8.1012160494067924     
   2.2000000000000002       -8.2545655561020883     
   2.2500000000000000       -8.4031701983736493     
   2.2999999999999998       -8.5427347497160042     
   2.3500000000000001       -8.6957381798714337     
   2.3999999999999999       -8.8383592344353676     
   2.4500000000000002       -8.9877767870058207     
   2.5000000000000000       -9.1406527127835933     
   2.5499999999999998       -9.2880948486376482     
   2.6000000000000001       -9.4358607568294843     
   2.6499999999999999       -9.5854492027895652     
   2.7000000000000002       -9.7307470082964755     
   2.7500000000000000       -9.8808950427478717     
   2.7999999999999998       -10.029047848702561     
   2.8500000000000001       -10.180454688029545     
   2.8999999999999999       -10.329691265747227     
   2.9500000000000002       -10.477550690670903     
   3.0000000000000000       -10.626511209034561     
   3.0499999999999998       -10.777019055968724     
   3.1000000000000001       -10.926846555874590     
   3.1499999999999999       -11.076447016396724     
   3.2000000000000002       -11.226663350764746     
   3.2500000000000000       -11.376116713312213     
   3.2999999999999998       -11.526041397243954     
   3.3500000000000001       -11.675430248678325     
   3.3999999999999999       -11.825013815285299     
   3.4500000000000002       -11.975102916626854     
   3.5000000000000000       -12.124740885576037     
   3.5499999999999998       -12.274792914377542     
   3.6000000000000001       -12.424319523717166     
   3.6499999999999999       -12.574585477766149     
   3.7000000000000002       -12.724178096968481     
   3.7500000000000000       -12.874183317098282     
   3.7999999999999998       -13.023899961072418     
   3.8500000000000001       -13.173800826166875     
   3.8999999999999999       -13.323767275053553     
   3.9500000000000002       -13.473559944087292     
   4.0000000000000000       -13.623234463144106     
   4.0499999999999998       -13.772988417791403     
   4.0999999999999996       -13.922710934104787     
   4.1500000000000004       -14.072326761553002     
   4.2000000000000002       -14.221607727549234     
   4.2500000000000000       -14.370705032091552     
   4.2999999999999998       -14.519434369590090     
   4.3499999999999996       -14.667708279174672     
   4.4000000000000004       -14.815212690401765     
   4.4500000000000002       -14.961762809043682     
   4.5000000000000000       -15.106949226872796     
 zone T = "ep =   0.63095734448019325      ",
   1.0000000000000000       -9.3372875300433194     
   1.0500000000000000       -7.9426507610609161     
   1.1000000000000001       -6.8856439468311779     
   1.1499999999999999       -6.3221869761853373     
   1.2000000000000000       -5.9658353101211938     
   1.2500000000000000       -5.7229404108288708     
   1.3000000000000000       -5.5511953318155491     
   1.3499999999999999       -5.7439133352333061     
   1.3999999999999999       -5.9156219010135320     
   1.4500000000000000       -5.9769375673140903     
   1.5000000000000000       -6.0398178639262978     
   1.5500000000000000       -6.2233625943683730     
   1.6000000000000001       -6.2738179617283309     
   1.6499999999999999       -6.4598140204807040     
   1.7000000000000000       -6.5395243480819918     
   1.7500000000000000       -6.7267717956212927     
   1.8000000000000000       -6.8449206352843781     
   1.8499999999999999       -6.9663761082918869     
   1.9000000000000001       -7.1136897167478876     
   1.9500000000000000       -7.2606352223649822     
   2.0000000000000000       -7.3438426670510548     
   2.0499999999999998       -7.5482278307110811     
   2.1000000000000001       -7.7035266757083170     
   2.1499999999999999       -7.8356308681983693     
   2.2000000000000002       -7.9886571588519910     
   2.2500000000000000       -8.1371022278332479     
   2.2999999999999998       -8.2767439032827834     
   2.3500000000000001       -8.4295402694815191     
   2.3999999999999999       -8.5722025425760382     
   2.4500000000000002       -8.7215240775225666     
   2.5000000000000000       -8.8742364939517859     
   2.5499999999999998       -9.0216557758756188     
   2.6000000000000001       -9.1693976586243391     
   2.6499999999999999       -9.3189333474852525     
   2.7000000000000002       -9.4642838734536117     
   2.7500000000000000       -9.6143800210802475     
   2.7999999999999998       -9.7625317957146525     
   2.8500000000000001       -9.9138683812221924     
   2.8999999999999999       -10.063090004136621     
   2.9500000000000002       -10.210968768368232     
   3.0000000000000000       -10.359927048546254     
   3.0499999999999998       -10.510400838757906     
   3.1000000000000001       -10.660211997038354     
   3.1499999999999999       -10.809804129482842     
   3.2000000000000002       -10.960000023305415     
   3.2500000000000000       -11.109452055586145     
   3.2999999999999998       -11.259366718540958     
   3.3500000000000001       -11.408759140419999     
   3.3999999999999999       -11.558343471505781     
   3.4500000000000002       -11.708423390869438     
   3.5000000000000000       -11.858064163892946     
   3.5499999999999998       -12.008111072215407     
   3.6000000000000001       -12.157646324010537     
   3.6499999999999999       -12.307907040282535     
   3.7000000000000002       -12.457512442224091     
   3.7500000000000000       -12.607525404313101     
   3.7999999999999998       -12.757261202969962     
   3.8500000000000001       -12.907185916140936     
   3.8999999999999999       -13.057182291467957     
   3.9500000000000002       -13.207023785988676     
   4.0000000000000000       -13.356771503730988     
   4.0499999999999998       -13.506625335754508     
   4.0999999999999996       -13.656486986671085     
   4.1500000000000004       -13.806291643468517     
   4.2000000000000002       -13.955857471438923     
   4.2500000000000000       -14.105353682089993     
   4.2999999999999998       -14.254636120419640     
   4.3499999999999996       -14.403705811583198     
   4.4000000000000004       -14.552286201295503     
   4.4500000000000002       -14.700397165599441     
   4.5000000000000000       -14.847712361916900     
 zone T = "ep =   0.50118723362727235      ",
   1.0000000000000000       -9.1737279519463684     
   1.0500000000000000       -7.6568104945310056     
   1.1000000000000001       -6.6084915360585148     
   1.1499999999999999       -6.0560834002395261     
   1.2000000000000000       -5.7102594806120575     
   1.2500000000000000       -5.4771073501500487     
   1.3000000000000000       -5.3142473181230754     
   1.3499999999999999       -5.5021983370505048     
   1.3999999999999999       -5.6682818648270041     
   1.4500000000000000       -5.7272450995373232     
   1.5000000000000000       -5.7911056797807454     
   1.5500000000000000       -5.9710086562821312     
   1.6000000000000001       -6.0218588392470513     
   1.6499999999999999       -6.2053963531907401     
   1.7000000000000000       -6.2852752099947837     
   1.7500000000000000       -6.4702565068631008     
   1.8000000000000000       -6.5882653729489444     
   1.8499999999999999       -6.7094457596403450     
   1.9000000000000001       -6.8559706904165996     
   1.9500000000000000       -7.0023269942033490     
   2.0000000000000000       -7.0864311389083818     
   2.0499999999999998       -7.2892472190581570     
   2.1000000000000001       -7.4439874713750882     
   2.1499999999999999       -7.5761753347640335     
   2.2000000000000002       -7.7288034274120880     
   2.2500000000000000       -7.8770319740110279     
   2.2999999999999998       -8.0167008582073063     
   2.3500000000000001       -8.1692510723162020     
   2.3999999999999999       -8.3119155062432348     
   2.4500000000000002       -8.4611095407096233     
   2.5000000000000000       -8.6136316176024454     
   2.5499999999999998       -8.7610045705533892     
   2.6000000000000001       -8.9087006623317428     
   2.6499999999999999       -9.0581665826129250     
   2.7000000000000002       -9.2035532349615448     
   2.7500000000000000       -9.3535845571001222     
   2.7999999999999998       -9.5017230047676033     
   2.8500000000000001       -9.6529798417346395     
   2.8999999999999999       -9.8021777814258115     
   2.9500000000000002       -9.9500672363319502     
   3.0000000000000000       -10.099016053941984     
   3.0499999999999998       -10.249450229028080     
   3.1000000000000001       -10.399239701158738     
   3.1499999999999999       -10.548818829493017     
   3.2000000000000002       -10.698990313985473     
   3.2500000000000000       -10.848437006821529     
   3.2999999999999998       -10.998338289856507     
   3.3500000000000001       -11.147730777149860     
   3.3999999999999999       -11.297312871246653     
   3.4500000000000002       -11.447380747701246     
   3.5000000000000000       -11.597021072462217     
   3.5499999999999998       -11.747059791884832     
   3.6000000000000001       -11.896600324467739     
   3.6499999999999999       -12.046851532297930     
   3.7000000000000002       -12.196463940807895     
   3.7500000000000000       -12.346478292709914     
   3.7999999999999998       -12.496224166597376     
   3.8500000000000001       -12.646158880467166     
   3.8999999999999999       -12.796170785931867     
   3.9500000000000002       -12.946037666561136     
   4.0000000000000000       -13.095825732540861     
   4.0499999999999998       -13.245729747171435     
   4.0999999999999996       -13.395664610144793     
   4.1500000000000004       -13.545576813381821     
   4.2000000000000002       -13.695290016295543     
   4.2500000000000000       -13.844997550239732     
   4.2999999999999998       -13.994592930018984     
   4.3499999999999996       -14.144071511271221     
   4.4000000000000004       -14.293269993078082     
   4.4500000000000002       -14.442207187860886     
   4.5000000000000000       -14.590688064522007     
 zone T = "ep =   0.39810717055349726      ",
   1.0000000000000000       -9.0331570198665574     
   1.0500000000000000       -7.3735928184639015     
   1.1000000000000001       -6.3372458222119210     
   1.1499999999999999       -5.7985846752696908     
   1.2000000000000000       -5.4656188003709891     
   1.2500000000000000       -5.2441779640058295     
   1.3000000000000000       -5.0918440143934660     
   1.3499999999999999       -5.2741263050296707     
   1.3999999999999999       -5.4331670469914455     
   1.4500000000000000       -5.4886120509026393     
   1.5000000000000000       -5.5532909809429860     
   1.5500000000000000       -5.7287734082872825     
   1.6000000000000001       -5.7794300430337371     
   1.6499999999999999       -5.9600972269042973     
   1.7000000000000000       -6.0396562752004348     
   1.7500000000000000       -6.2220050012784638     
   1.8000000000000000       -6.3395835510085332     
   1.8499999999999999       -6.4601729345258292     
   1.9000000000000001       -6.6056476840551621     
   1.9500000000000000       -6.7512123027404201     
   2.0000000000000000       -6.8359774054394853     
   2.0499999999999998       -7.0371553030387251     
   2.1000000000000001       -7.1912137558373628     
   2.1499999999999999       -7.3233588784715895     
   2.2000000000000002       -7.4754949895850977     
   2.2500000000000000       -7.6234303009661595     
   2.2999999999999998       -7.7630476895872462     
   2.3500000000000001       -7.9153040806165249     
   2.3999999999999999       -8.0579105858570017     
   2.4500000000000002       -8.2069353793988569     
   2.5000000000000000       -8.3592358017146804     
   2.5499999999999998       -8.5065288711937352     
   2.6000000000000001       -8.6541484278744800     
   2.6499999999999999       -8.8035221870073919     
   2.7000000000000002       -8.9489180511988113     
   2.7500000000000000       -9.0988682116644490     
   2.7999999999999998       -9.2469755045594741     
   2.8500000000000001       -9.3981422580227463     
   2.8999999999999999       -9.5473045872791946     
   2.9500000000000002       -9.6951913032541199     
   3.0000000000000000       -9.8441204025864799     
   3.0499999999999998       -9.9945086571849249     
   3.1000000000000001       -10.144269618528815     
   3.1499999999999999       -10.293829472913881     
   3.2000000000000002       -10.443971975916861     
   3.2500000000000000       -10.593407857174281     
   3.2999999999999998       -10.743291745002907     
   3.3500000000000001       -10.892679624743371     
   3.3999999999999999       -11.042255416356964     
   3.4500000000000002       -11.192308404567775     
   3.5000000000000000       -11.341944760096757     
   3.5499999999999998       -11.491972712831105     
   3.6000000000000001       -11.641514551820167     
   3.6499999999999999       -11.791753590535798     
   3.7000000000000002       -11.941369128123242     
   3.7500000000000000       -12.091379868714260     
   3.7999999999999998       -12.241130293453049     
   3.8500000000000001       -12.391068073054022     
   3.8999999999999999       -12.541084608292163     
   3.9500000000000002       -12.690963942579485     
   4.0000000000000000       -12.840772574945330     
   4.0499999999999998       -12.990702816190087     
   4.0999999999999996       -13.140674861905101     
   4.1500000000000004       -13.290642860094257     
   4.2000000000000002       -13.440439412587457     
   4.2500000000000000       -13.590261946627692     
   4.2999999999999998       -13.740016018230881     
   4.3499999999999996       -13.889731529167246     
   4.4000000000000004       -14.039246407427525     
   4.4500000000000002       -14.188644273627839     
   4.5000000000000000       -14.337774631010006     
 zone T = "ep =   0.31622776601683794      ",
   1.0000000000000000       -8.9165646039692739     
   1.0500000000000000       -7.0936721005980807     
   1.1000000000000001       -6.0733502234860905     
   1.1499999999999999       -5.5516062896480110     
   1.2000000000000000       -5.2341095063024081     
   1.2500000000000000       -5.0264879165650092     
   1.3000000000000000       -4.8863635278742796     
   1.3499999999999999       -5.0620288317127438     
   1.3999999999999999       -5.2123365512846780     
   1.4500000000000000       -5.2627697907364279     
   1.5000000000000000       -5.3279629062292360     
   1.5500000000000000       -5.4981330897526757     
   1.6000000000000001       -5.5477508829251470     
   1.6499999999999999       -5.7250970430162180     
   1.7000000000000000       -5.8036408092078267     
   1.7500000000000000       -5.9829514109020669     
   1.8000000000000000       -6.0996940969563926     
   1.8499999999999999       -6.2192579454778150     
   1.9000000000000001       -6.3633474846836080     
   1.9500000000000000       -6.5078568462111663     
   2.0000000000000000       -6.5929037129100738     
   2.0499999999999998       -6.7924122802023410     
   2.1000000000000001       -6.9456340494999411     
   2.1499999999999999       -7.0775527429964935     
   2.2000000000000002       -7.2290775257484681     
   2.2500000000000000       -7.3766171125566116     
   2.2999999999999998       -7.5160699133700053     
   2.3500000000000001       -7.6679719886796418     
   2.3999999999999999       -7.8104353657944596     
   2.4500000000000002       -7.9592356745874300     
   2.5000000000000000       -8.1112759301074657     
   2.5499999999999998       -8.2584431086071497     
   2.6000000000000001       -8.4059443764769863     
   2.6499999999999999       -8.5551965365808087     
   2.7000000000000002       -8.7005629579789883     
   2.7500000000000000       -8.8504110501086650     
   2.7999999999999998       -8.9984628363500008     
   2.8500000000000001       -9.1495274850696120     
   2.8999999999999999       -9.2986383776617068     
   2.9500000000000002       -9.4465035694019495     
   3.0000000000000000       -9.5953991356240493     
   3.0499999999999998       -9.7457339839762405     
   3.1000000000000001       -9.8954577522448712     
   3.1499999999999999       -10.044990211695623     
   3.2000000000000002       -10.195098264304880     
   3.2500000000000000       -10.344516122165924     
   3.2999999999999998       -10.494377669235622     
   3.3500000000000001       -10.643754691668088     
   3.3999999999999999       -10.793319112733631     
   3.4500000000000002       -10.943354080594625     
   3.5000000000000000       -11.092982250556215     
   3.5499999999999998       -11.242996546086996     
   3.6000000000000001       -11.392535498309480     
   3.6499999999999999       -11.542760557381369     
   3.7000000000000002       -11.692375033375807     
   3.7500000000000000       -11.842379162216860     
   3.7999999999999998       -11.992129331611212     
   3.8500000000000001       -12.142065616178815     
   3.8999999999999999       -12.292081395648191     
   3.9500000000000002       -12.441965281416316     
   4.0000000000000000       -12.591783806827973     
   4.0499999999999998       -12.741727228350744     
   4.0999999999999996       -12.891717499720137     
   4.1500000000000004       -13.041714053902533     
   4.2000000000000002       -13.191555072898304     
   4.2500000000000000       -13.341439328963549     
   4.2999999999999998       -13.491285115163695     
   4.3499999999999996       -13.641124075453288     
   4.4000000000000004       -13.790823942325462     
   4.4500000000000002       -13.940476710054947     
   4.5000000000000000       -14.089966057058033     
 zone T = "ep =   0.25118864315095801      ",
   1.0000000000000000       -8.8242511960832406     
   1.0500000000000000       -6.8179782149857724     
   1.1000000000000001       -5.8185207711080809     
   1.1499999999999999       -5.3173030957026821     
   1.2000000000000000       -5.0180771410203651     
   1.2500000000000000       -4.8264114943467735     
   1.3000000000000000       -4.7001121363449299     
   1.3499999999999999       -4.8682042878951579     
   1.3999999999999999       -5.0077902067879396     
   1.4500000000000000       -5.0514152585676744     
   1.5000000000000000       -5.1166632557268175     
   1.5500000000000000       -5.2805047068292534     
   1.6000000000000001       -5.3279889550424180     
   1.6499999999999999       -5.5015144492113395     
   1.7000000000000000       -5.5781387811041698     
   1.7500000000000000       -5.7539512278310436     
   1.8000000000000000       -5.8693325810948558     
   1.8499999999999999       -5.9873086289156374     
   1.9000000000000001       -6.1295919970341943     
   1.9500000000000000       -6.2727095925510694     
   2.0000000000000000       -6.3575094266107106     
   2.0499999999999998       -6.5553413328861154     
   2.1000000000000001       -6.7075279967624590     
   2.1499999999999999       -6.8389732430993684     
   2.2000000000000002       -6.9897321389328617     
   2.2500000000000000       -7.1367403031022532     
   2.2999999999999998       -7.2758765513785617     
   2.3500000000000001       -7.4273444553911183     
   2.3999999999999999       -7.5695508530568709     
   2.4500000000000002       -7.7180535857438173     
   2.5000000000000000       -7.8697833631889091     
   2.5499999999999998       -8.0167635388068526     
   2.6000000000000001       -8.1640914595773602     
   2.6499999999999999       -8.3131832732392432     
   2.7000000000000002       -8.4584690756695249     
   2.7500000000000000       -8.6081878813693535     
   2.7999999999999998       -8.7561523312770095     
   2.8500000000000001       -8.9070995682355925     
   2.8999999999999999       -9.0561384852934559     
   2.9500000000000002       -9.2039577200206573     
   3.0000000000000000       -9.3528019459355338     
   3.0499999999999998       -9.5030739444480297     
   3.1000000000000001       -9.6527495062733557     
   3.1499999999999999       -9.8022442236747924     
   3.2000000000000002       -9.9523110071626704     
   3.2500000000000000       -10.101701711240755     
   3.2999999999999998       -10.251534732487182     
   3.3500000000000001       -10.400893078707977     
   3.3999999999999999       -10.550439822109722     
   3.4500000000000002       -10.700452995843877     
   3.5000000000000000       -10.850067829939666     
   3.5499999999999998       -11.000065442941271     
   3.6000000000000001       -11.149596448833231     
   3.6499999999999999       -11.299805780796703     
   3.7000000000000002       -11.449414757444337     
   3.7500000000000000       -11.599409582447606     
   3.7999999999999998       -11.749155553614843     
   3.8500000000000001       -11.899086755474798     
   3.8999999999999999       -12.049098246779234     
   3.9500000000000002       -12.198981820578428     
   4.0000000000000000       -12.348802997106418     
   4.0499999999999998       -12.498751152846832     
   4.0999999999999996       -12.648749699402234     
   4.1500000000000004       -12.798759573005217     
   4.2000000000000002       -12.948623696519888     
   4.2500000000000000       -13.098541156679838     
   4.2999999999999998       -13.248435534355160     
   4.3499999999999996       -13.398344268313764     
   4.4000000000000004       -13.548143609649298     
   4.4500000000000002       -13.697938686357178     
   4.5000000000000000       -13.847624682879792     
 zone T = "ep =   0.19952623149688800      ",
   1.0000000000000000       -8.7558128601310763     
   1.0500000000000000       -6.5477287657557826     
   1.1000000000000001       -5.5747407394192532     
   1.1499999999999999       -5.0979991043664166     
   1.2000000000000000       -4.8198914500412640     
   1.2500000000000000       -4.6462006198933388     
   1.3000000000000000       -4.5351447376796195     
   1.3499999999999999       -4.6947341865225987     
   1.3999999999999999       -4.8212872082074538     
   1.4500000000000000       -4.8561217582172080     
   1.5000000000000000       -4.9208353571802768     
   1.5500000000000000       -5.0771779542718596     
   1.6000000000000001       -5.1212462899319595     
   1.6499999999999999       -5.2903792765375961     
   1.7000000000000000       -5.3640024763817289     
   1.7500000000000000       -5.5357744208206485     
   1.8000000000000000       -5.6491602726371504     
   1.8499999999999999       -5.7648601263317198     
   1.9000000000000001       -5.9048189482564455     
   1.9500000000000000       -6.0461242282462733     
   2.0000000000000000       -6.1300105221804877     
   2.0499999999999998       -6.3261523893031377     
   2.1000000000000001       -6.4770467290584968     
   2.1499999999999999       -6.6077054275835811     
   2.2000000000000002       -6.7574959226148694     
   2.2500000000000000       -6.9037947570187965     
   2.2999999999999998       -7.0424199399701655     
   2.3500000000000001       -7.1933453762548920     
   2.3999999999999999       -7.3351488231098374     
   2.4500000000000002       -7.4832572254128555     
   2.5000000000000000       -7.6346075965917333     
   2.5499999999999998       -7.7813212572258754     
   2.6000000000000001       -7.9284045370035585     
   2.6499999999999999       -8.0772847918408761     
   2.7000000000000002       -8.2224257897034949     
   2.7500000000000000       -8.3719792459027182     
   2.7999999999999998       -8.5198158966236850     
   2.8500000000000001       -8.6706246130094087     
   2.8999999999999999       -8.8195652147935579     
   2.9500000000000002       -8.9673082381645379     
   3.0000000000000000       -9.1160787768123424     
   3.0499999999999998       -9.2662753568063359     
   3.1000000000000001       -9.4158886637484489     
   3.1499999999999999       -9.5653326296326799     
   3.2000000000000002       -9.7153492983519492     
   3.2500000000000000       -9.8647015960391098     
   3.2999999999999998       -10.014498324003403     
   3.3500000000000001       -10.163828473359693     
   3.3999999999999999       -10.313349863077828     
   3.4500000000000002       -10.463336565792014     
   3.5000000000000000       -10.612931907814982     
   3.5499999999999998       -10.762909073144920     
   3.6000000000000001       -10.912426362103531     
   3.6499999999999999       -11.062618078194239     
   3.7000000000000002       -11.212216730260117     
   3.7500000000000000       -11.362199569418495     
   3.7999999999999998       -11.511937425016560     
   3.8500000000000001       -11.661860501050416     
   3.8999999999999999       -11.811864913982239     
   3.9500000000000002       -11.961743999612978     
   4.0000000000000000       -12.111563617951015     
   4.0499999999999998       -12.261510811424051     
   4.0999999999999996       -12.411511126796475     
   4.1500000000000004       -12.561526125646951     
   4.2000000000000002       -12.711401729731909     
   4.2500000000000000       -12.861336461965896     
   4.2999999999999998       -13.011255558460942     
   4.3499999999999996       -13.161202174778149     
   4.4000000000000004       -13.311058185381428     
   4.4500000000000002       -13.460930313072076     
   4.5000000000000000       -13.610731663351329     
 zone T = "ep =   0.15848931924611132      ",
   1.0000000000000000       -8.7102032348446556     
   1.0500000000000000       -6.2844396107235729     
   1.1000000000000001       -5.3442208155310027     
   1.1499999999999999       -4.8960713723650588     
   1.2000000000000000       -4.6417821454034831     
   1.2500000000000000       -4.4878011879065998     
   1.3000000000000000       -4.3930817278733381     
   1.3499999999999999       -4.5432788082067592     
   1.3999999999999999       -4.6541566717116485     
   1.4500000000000000       -4.6782836650571529     
   1.5000000000000000       -4.7418246091712852     
   1.5500000000000000       -4.8892913787676324     
   1.6000000000000001       -4.9285906741796506     
   1.6499999999999999       -5.0926495281996917     
   1.7000000000000000       -5.1620730635897401     
   1.7500000000000000       -5.3291412012738197     
   1.8000000000000000       -5.4398152255097196     
   1.8499999999999999       -5.5524352502793484     
   1.9000000000000001       -5.6894439924058009     
   1.9500000000000000       -5.8284230761605249     
   2.0000000000000000       -5.9106166421399315     
   2.0499999999999998       -6.1050096927150177     
   2.1000000000000001       -6.2542784809781242     
   2.1499999999999999       -6.3837705546648591     
   2.2000000000000002       -6.5323270775929343     
   2.2500000000000000       -6.6776859645102977     
   2.2999999999999998       -6.8155588599195207     
   2.3500000000000001       -6.9657938434567921     
   2.3999999999999999       -7.1070116595203174     
   2.4500000000000002       -7.2545977040802425     
   2.5000000000000000       -7.4054721968136894     
   2.5499999999999998       -7.5518168460189905     
   2.6000000000000001       -7.6985637649045060     
   2.6499999999999999       -7.8471644015474222     
   2.7000000000000002       -7.9920822709609585     
   2.7500000000000000       -8.1414219226233531     
   2.7999999999999998       -8.2890798303927493     
   2.8500000000000001       -8.4397196974984805     
   2.8999999999999999       -8.5885281950265799     
   2.9500000000000002       -8.7361584126825917     
   3.0000000000000000       -8.8848274582345024     
   3.0499999999999998       -9.0349313017833897     
   3.1000000000000001       -9.1844642516355250     
   3.1499999999999999       -9.3338410980666051     
   3.2000000000000002       -9.4837958315436310     
   3.2500000000000000       -9.6330959713281299     
   3.2999999999999998       -9.7828464971682418     
   3.3500000000000001       -9.9321371376368042     
   3.3999999999999999       -10.081623959842501     
   3.4500000000000002       -10.231578115441797     
   3.5000000000000000       -10.381146693311926     
   3.5499999999999998       -10.531098647337664     
   3.6000000000000001       -10.680595656529521     
   3.6499999999999999       -10.830767099006769     
   3.7000000000000002       -10.980350061233446     
   3.7500000000000000       -11.130317892773007     
   3.7999999999999998       -11.280043477839111     
   3.8500000000000001       -11.429955416597883     
   3.8999999999999999       -11.579950096454633     
   3.9500000000000002       -11.729821560968643     
   4.0000000000000000       -11.879635237223789     
   4.0499999999999998       -12.029578150634009     
   4.0999999999999996       -12.179575868900175     
   4.1500000000000004       -12.329590798694779     
   4.2000000000000002       -12.479469514735733     
   4.2500000000000000       -12.629411622640312     
   4.2999999999999998       -12.779343578169417     
   4.3499999999999996       -12.929309876850622     
   4.4000000000000004       -13.079195449685384     
   4.4500000000000002       -13.229112625954174     
   4.5000000000000000       -13.378977806324354     
 zone T = "ep =   0.12589254117941670      ",
   1.0000000000000000       -8.6858561788368416     
   1.0500000000000000       -6.0299160959861124     
   1.1000000000000001       -5.1293158833402748     
   1.1499999999999999       -4.7137923761188336     
   1.2000000000000000       -4.4856543833842215     
   1.2500000000000000       -4.3526748715066113     
   1.3000000000000000       -4.2749543071222176     
   1.3499999999999999       -4.4148801734720413     
   1.3999999999999999       -4.5071503161551965     
   1.4500000000000000       -4.5191177184240106     
   1.5000000000000000       -4.5809335896447374     
   1.5500000000000000       -4.7178686591281860     
   1.6000000000000001       -4.7511265066764778     
   1.6499999999999999       -4.9092731178869649     
   1.7000000000000000       -4.9732567299607702     
   1.7500000000000000       -5.1347947200367186     
   1.8000000000000000       -5.2419933952057329     
   1.8499999999999999       -5.3506296439722609     
   1.9000000000000001       -5.4839484630646806     
   1.9500000000000000       -5.6199875712740432     
   2.0000000000000000       -5.6996227801629420     
   2.0499999999999998       -5.8921266256127982     
   2.1000000000000001       -6.0393441150546678     
   2.1499999999999999       -6.1672211641921120     
   2.2000000000000002       -6.3141994003833082     
   2.2500000000000000       -6.4583235348230579     
   2.2999999999999998       -6.5951499894645158     
   2.3500000000000001       -6.7444944087833054     
   2.3999999999999999       -6.8849001347959167     
   2.4500000000000002       -7.0317950212632612     
   2.5000000000000000       -7.1820590914331026     
   2.5499999999999998       -7.3279026921936090     
   2.6000000000000001       -7.4741949865789827     
   2.6499999999999999       -7.6224251770212668     
   2.7000000000000002       -7.7670244886996391     
   2.7500000000000000       -7.9160847257056828     
   2.7999999999999998       -8.0634993297615054     
   2.8500000000000001       -8.2139265576646796     
   2.8999999999999999       -8.3625591717381198     
   2.9500000000000002       -8.5100321882828407     
   3.0000000000000000       -8.6585648329709564     
   3.0499999999999998       -8.8085517795725323     
   3.1000000000000001       -8.9579807160106242     
   3.1499999999999999       -9.1072695994465498     
   3.2000000000000002       -9.2571463622585597     
   3.2500000000000000       -9.4063774121446553     
   3.2999999999999998       -9.5560689095557887     
   3.3500000000000001       -9.7053065193907333     
   3.3999999999999999       -9.8547476305181494     
   3.4500000000000002       -10.004661202826361     
   3.5000000000000000       -10.154194339492372     
   3.5499999999999998       -10.304114881460311     
   3.6000000000000001       -10.453584166884342     
   3.6499999999999999       -10.603731483090064     
   3.7000000000000002       -10.753292813453577     
   3.7500000000000000       -10.903241850265807     
   3.7999999999999998       -11.052950634367523     
   3.8500000000000001       -11.202848013158730     
   3.8999999999999999       -11.352830137404636     
   3.9500000000000002       -11.502690648359764     
   4.0000000000000000       -11.652495011673377     
   4.0499999999999998       -11.802430323762197     
   4.0999999999999996       -11.952422325708723     
   4.1500000000000004       -12.102433346249454     
   4.2000000000000002       -12.252310564990195     
   4.2500000000000000       -12.402253475830182     
   4.2999999999999998       -12.552190138771945     
   4.3499999999999996       -12.702165587804895     
   4.4000000000000004       -12.852066495373766     
   4.4500000000000002       -13.002007307159332     
   4.5000000000000000       -13.151907394877430     
 zone T = "ep =   0.10000000000000001      ",
   1.0000000000000000       -8.6808426325434205     
   1.0500000000000000       -5.7862255357837720     
   1.1000000000000001       -4.9323959560262143     
   1.1499999999999999       -4.5531473527111412     
   1.2000000000000000       -4.3529128836453639     
   1.2500000000000000       -4.2416587407203741     
   1.3000000000000000       -4.1811079489504541     
   1.3499999999999999       -4.3098028751918811     
   1.3999999999999999       -4.3803959214018588     
   1.4500000000000000       -4.3797081185170041     
   1.5000000000000000       -4.4394827553434446     
   1.5500000000000000       -4.5638874827418032     
   1.6000000000000001       -4.5900716055137361     
   1.6499999999999999       -4.7412647923581304     
   1.7000000000000000       -4.7986009749484735     
   1.7500000000000000       -4.9535828697798339     
   1.8000000000000000       -5.0565299349246304     
   1.8499999999999999       -5.1601918606973287     
   1.9000000000000001       -5.2889626878551939     
   1.9500000000000000       -5.4213446940157075     
   2.0000000000000000       -5.4974857990980652     
   2.0499999999999998       -5.6878568699894112     
   2.1000000000000001       -5.8324916344673818     
   2.1499999999999999       -5.9582341392062146     
   2.2000000000000002       -6.1031969806440571     
   2.2500000000000000       -6.2457160492763233     
   2.2999999999999998       -6.3811402695743791     
   2.3500000000000001       -6.5293295309919781     
   2.3999999999999999       -6.6686429100922986     
   2.4500000000000002       -6.8146259800521829     
   2.5000000000000000       -6.9640955020157440     
   2.5499999999999998       -7.1092676292502999     
   2.6000000000000001       -7.2549520732785169     
   2.6499999999999999       -7.4026905638689486     
   2.7000000000000002       -7.5468531266671537     
   2.7500000000000000       -7.6955450179672615     
   2.7999999999999998       -7.8426332423860972     
   2.8500000000000001       -7.9927854980574757     
   2.8999999999999999       -8.1411847093755352     
   2.9500000000000002       -8.2884454424744227     
   3.0000000000000000       -8.4367969940577403     
   3.0499999999999998       -8.5866333908003742     
   3.1000000000000001       -8.7359269824050472     
   3.1499999999999999       -8.8851008843508463     
   3.2000000000000002       -9.0348778067195372     
   3.2500000000000000       -9.1840184656279398     
   3.2999999999999998       -9.3336340926303958     
   3.3500000000000001       -9.4828021473109931     
   3.3999999999999999       -9.6321837768198542     
   3.4500000000000002       -9.7820460432306007     
   3.5000000000000000       -9.9315331700732425     
   3.5499999999999998       -10.081414131695798     
   3.6000000000000001       -10.230847011178437     
   3.6499999999999999       -10.380964693691800     
   3.7000000000000002       -10.530497598024445     
   3.7500000000000000       -10.680422972978279     
   3.7999999999999998       -10.830109759601713     
   3.8500000000000001       -10.979988548880247     
   3.8999999999999999       -11.129954694329117     
   3.9500000000000002       -11.279800678953483     
   4.0000000000000000       -11.429592070444086     
   4.0499999999999998       -11.579516812336045     
   4.0999999999999996       -11.729500129192731     
   4.1500000000000004       -11.879504419360217     
   4.2000000000000002       -12.029375985762066     
   4.2500000000000000       -12.179315802577216     
   4.2999999999999998       -12.329251710787332     
   4.3499999999999996       -12.479229744369645     
   4.4000000000000004       -12.629136838197523     
   4.4500000000000002       -12.779089364222028     
   4.5000000000000000       -12.929008456187789     
 zone T = "ep =    7.9432823472428138E-002 ",
   1.0000000000000000       -8.6930336274557725     
   1.0500000000000000       -5.5556454184057404     
   1.1000000000000001       -4.7556790754103693     
   1.1499999999999999       -4.4156539769339691     
   1.2000000000000000       -4.2443269714141545     
   1.2500000000000000       -4.1548899337390797     
   1.3000000000000000       -4.1111822842257713     
   1.3499999999999999       -4.2274395208398836     
   1.3999999999999999       -4.2734909192935140     
   1.4500000000000000       -4.2610378059938201     
   1.5000000000000000       -4.3187884556605418     
   1.5500000000000000       -4.4283113429724263     
   1.6000000000000001       -4.4467950829715575     
   1.6499999999999999       -4.5897519555411543     
   1.7000000000000000       -4.6393426246416851     
   1.7500000000000000       -4.7865166675767519     
   1.8000000000000000       -4.8844530322706508     
   1.8499999999999999       -4.9820751667095804     
   1.9000000000000001       -5.1053209374558906     
   1.9500000000000000       -5.2332245127012333     
   2.0000000000000000       -5.3048693484605929     
   2.0499999999999998       -5.4927565480495479     
   2.1000000000000001       -5.6341627551116042     
   2.1499999999999999       -5.7571774190369851     
   2.2000000000000002       -5.8995842594323626     
   2.2500000000000000       -6.0400428150767596     
   2.2999999999999998       -6.1736377072413351     
   2.3500000000000001       -6.3203316836545804     
   2.3999999999999999       -6.4582067756394892     
   2.4500000000000002       -6.6029936255445696     
   2.5000000000000000       -6.7514229199116400     
   2.5499999999999998       -6.8957039611370075     
   2.6000000000000001       -7.0405818015841914     
   2.6499999999999999       -7.1876675267435441     
   2.7000000000000002       -7.3312439648406471     
   2.7500000000000000       -7.4794475211014806     
   2.7999999999999998       -7.6261009078661210     
   2.8500000000000001       -7.7758911495839396     
   2.8999999999999999       -7.9239805040113760     
   2.9500000000000002       -8.0709586478369868     
   3.0000000000000000       -8.2190706901125399     
   3.0499999999999998       -8.3687099804782239     
   3.1000000000000001       -8.5178262847618686     
   3.1499999999999999       -8.6668495571323039     
   3.2000000000000002       -8.8164968016377046     
   3.2500000000000000       -8.9655196041334033     
   3.2999999999999998       -9.1150369813931729     
   3.3500000000000001       -9.2641146679429145     
   3.3999999999999999       -9.4134193277572127     
   3.4500000000000002       -9.5632159254571292     
   3.5000000000000000       -9.7126437961113794     
   3.5499999999999998       -9.8624743301695279     
   3.6000000000000001       -10.011860328082115     
   3.6499999999999999       -10.161940685189267     
   3.7000000000000002       -10.311437064453296     
   3.7500000000000000       -10.461332493044411     
   3.7999999999999998       -10.610991134795864     
   3.8500000000000001       -10.760846262957863     
   3.8999999999999999       -10.910792151644454     
   3.9500000000000002       -11.060619407902465     
   4.0000000000000000       -11.210393886627969     
   4.0499999999999998       -11.360304638202274     
   4.0999999999999996       -11.510276227154414     
   4.1500000000000004       -11.660270710839237     
   4.2000000000000002       -11.810133304376436     
   4.2500000000000000       -11.960066506327147     
   4.2999999999999998       -12.109997685607198     
   4.3499999999999996       -12.259973553492356     
   4.4000000000000004       -12.409880993997087     
   4.4500000000000002       -12.559837574767576     
   4.5000000000000000       -12.709765281250990     
 zone T = "ep =    6.3095734448019331E-002 ",
   1.0000000000000000       -8.7202468526085255     
   1.0500000000000000       -5.3405779748070668     
   1.1000000000000001       -4.6010459486725868     
   1.1499999999999999       -4.3022167300426357     
   1.2000000000000000       -4.1599627607439160     
   1.2500000000000000       -4.0918089549728149     
   1.3000000000000000       -4.0641685439856055     
   1.3499999999999999       -4.1663019770757277     
   1.3999999999999999       -4.1857198250304810     
   1.4500000000000000       -4.1639369933348407     
   1.5000000000000000       -4.2199957931249807     
   1.5500000000000000       -4.3120249560623414     
   1.6000000000000001       -4.3227829144012517     
   1.6499999999999999       -4.4559550401983969     
   1.7000000000000000       -4.4969144754421357     
   1.7500000000000000       -4.6347896102340078     
   1.8000000000000000       -4.7270022722658673     
   1.8499999999999999       -4.8174589920993807     
   1.9000000000000001       -4.9340855950098614     
   1.9500000000000000       -5.0565857000097250     
   2.0000000000000000       -5.1226612109334599     
   2.0499999999999998       -5.3076126934080454     
   2.1000000000000001       -5.4450247005497925     
   2.1499999999999999       -5.5646446460920291     
   2.2000000000000002       -5.7038446021560940     
   2.2500000000000000       -5.8416954679311575     
   2.2999999999999998       -5.9729546839872221     
   2.3500000000000001       -6.1177290407990794     
   2.3999999999999999       -6.2537426531613045     
   2.4500000000000002       -6.3969736676390196     
   2.5000000000000000       -6.5440436625030616     
   2.5499999999999998       -6.6871530483752490     
   2.6000000000000001       -6.8309679766749367     
   2.6499999999999999       -6.9771892484194016     
   2.7000000000000002       -7.1199883803361104     
   2.7500000000000000       -7.2675431870137848     
   2.7999999999999998       -7.4136190971129965     
   2.8500000000000001       -7.5629279772045868     
   2.8999999999999999       -7.7106052798138203     
   2.9500000000000002       -7.8572090579969309     
   3.0000000000000000       -8.0050040871118693     
   3.0499999999999998       -8.1543823288093051     
   3.1000000000000001       -8.3032648166827325     
   3.1499999999999999       -8.4520897938763326     
   3.2000000000000002       -8.6015666817767702     
   3.2500000000000000       -8.7504354610013237     
   3.2999999999999998       -8.8998245728010108     
   3.3500000000000001       -9.0487849299609042     
   3.3999999999999999       -9.1979898651879779     
   3.4500000000000002       -9.3477014996316665     
   3.5000000000000000       -9.4970530526936550     
   3.5499999999999998       -9.6468187141823609     
   3.6000000000000001       -9.7961447154909891     
   3.6499999999999999       -9.9461772030226037     
   3.7000000000000002       -10.095627053872894     
   3.7500000000000000       -10.245484293689870     
   3.7999999999999998       -10.395107173202941     
   3.8500000000000001       -10.544932209791844     
   3.8999999999999999       -10.694852284129382     
   3.9500000000000002       -10.844655712034333     
   4.0000000000000000       -10.994408606599118     
   4.0499999999999998       -11.144301343558565     
   4.0999999999999996       -11.294257602593582     
   4.1500000000000004       -11.444239001509819     
   4.2000000000000002       -11.594089230550892     
   4.2500000000000000       -11.744012480906129     
   4.2999999999999998       -11.893935571792998     
   4.3499999999999996       -12.043905648761406     
   4.4000000000000004       -12.193808965163374     
   4.4500000000000002       -12.343764442179966     
   4.5000000000000000       -12.493693709109298     
 zone T = "ep =    5.0118723362727227E-002 ",
