 zone T = "ep =    1.00000000000000      ",
   5.38021124171161       -7.36519994988936     
   5.43021124171161       -7.36519967936292     
   5.48021124171161       -7.36519897286490     
   5.53021124171161       -7.36519959887574     
   5.58021124171161       -7.36520158870191     
   5.63021124171161       -7.36519870904632     
   5.68021124171161       -7.36520165801062     
   5.73021124171161       -7.36519829096126     
   5.78021124171161       -7.36520184357918     
   5.83021124171161       -7.36520190618063     
   5.88021124171161       -7.36520304418727     
   5.93021124171161       -7.36519806962228     
   5.98021124171161       -7.36519600603294     
   6.03021124171161       -7.36519541803474     
