 zone T = "ep =    1.00000000000000      ",
   5.30102999566398       -7.36519993871058     
   5.35102999566398       -7.36519961005452     
   5.40102999566398       -7.36519902652294     
   5.45102999566398       -7.36519971960651     
   5.50102999566398       -7.36520171166899     
   5.55102999566398       -7.36519854136510     
   5.60102999566398       -7.36520173179088     
   5.65102999566398       -7.36519819035262     
   5.70102999566398       -7.36520175638430     
   5.75102999566398       -7.36520177203466     
   5.80102999566398       -7.36520305536613     
   5.85102999566398       -7.36519798019242     
   5.90102999566398       -7.36519583164556     
   5.95102999566398       -7.36519528389077     
