 zone T = "ep =    1.00000000000000      ",
   5.30102999566398       -14.6793348680321     
   5.35102999566398       -14.6847472662402     
   5.40102999566398       -14.6878702041186     
   5.45102999566398       -14.6900421490473     
   5.50102999566398       -14.6896913457561     
   5.55102999566398       -14.6880591462947     
   5.60102999566398       -14.6881308361535     
   5.65102999566398       -14.6902659894198     
   5.70102999566398       -14.6898175009964     
   5.75102999566398       -14.6884096036017     
   5.80102999566398       -14.6918876220874     
   5.85102999566398       -14.6890054348154     
   5.90102999566398       -14.6874191345970     
   5.95102999566398       -14.6902327837248     
