 zone T = "ep =    1.00000000000000      ",
   5.30102999566398       -8.20330892595312     
   5.35102999566398       -8.20331123602704     
   5.40102999566398       -8.20331491677020     
   5.45102999566398       -8.20331006558805     
   5.50102999566398       -8.20329769916884     
   5.55102999566398       -8.20331745788724     
   5.60102999566398       -8.20329726796755     
   5.65102999566398       -8.20332033783786     
   5.70102999566398       -8.20329711396720     
   5.75102999566398       -8.20329725256751     
   5.80102999566398       -8.20328933702018     
   5.85102999566398       -8.20332127729112     
   5.90102999566398       -8.20333510751040     
   5.95102999566398       -8.20333885006193     
