 zone T = "ep =  1. ",
 1. -3.833739173620444
 1.05 -4.043411137062667
 1.1 -4.254382196729062
 1.15 -4.4391482945366585
 1.2 -4.647824117640934
 1.25 -4.849226849287511
 1.3 -5.040531833687614
 1.3499999999999999 -5.245149852308329
 1.4 -5.439789431416706
 1.45 -5.641116012634176
 1.5 -5.8464848828682285
 1.55 -6.045009932356829
 1.6 -6.244772265346316
 1.65 -6.445315576495201
 1.7 -6.641008703887622
 1.75 -6.842147446048081
 1.8 -7.04114336956073
 1.8499999999999999 -7.243887085112816
 1.9000000000000001 -7.443380337667512
 1.95 -7.641720991471445
 2. -7.84121968519928
 2.05 -8.042232068317947
 2.1 -8.242749852233295
 2.15 -8.442488501510693
 2.2 -8.643135821507276
 2.25 -8.843021467279392
 2.3 -9.043092232614782
 2.35 -9.24278828610268
 2.4 -9.442431287301789
 2.45 -9.642844489184158
 2.5 -9.842522062778755
 2.55 -10.042833288131822
 2.6 -10.242376897214786
 2.65 -10.44278258446298
 2.7 -10.642393895253667
 2.75 -10.842335512567924
 2.8 -11.042201629109583
 2.85 -11.242084226071922
 2.9 -11.44183035261422
 2.95 -11.642055410457877
 3. -11.843054227615397
 3.05 -12.036316915144345
 3.1 -12.235351733922457
 3.15 -12.428848705796378
 3.2 -12.621066928983177
 3.25 -12.790236914406567
 3.3 -12.998841905754361
 3.35 -13.349689032363255
 3.4 -13.157495427560749
 3.45 -13.481102800126434
 3.5 -14.006421408463872
 3.55 -15.326200840140691
 3.6 -13.470289930844217
 3.65 -15.60240725207964
 3.7 -14.501653899989824
 3.75 -13.378536509204334
 3.8 -13.808461734512765
 3.85 -13.064378403569831
 3.9 -13.518029599569262
 3.95 -13.29993201554148
 4. -14.585838150646447
 4.05 -13.140009254180685
 4.1 -13.292186127314084
 4.15 -13.046574150165016
 4.2 -13.211276030959878
 4.25 -12.667039959338263
 4.3 -12.731321030113678
 4.35 -12.93345217592283
 4.4 -12.50716038958541
 4.45 -13.605555204677303
 4.5 -13.670723421717534
 zone T = "ep =  0.7943282347242815 ",
 1. -4.163214763704299
 1.05 -4.374861757363162
 1.1 -4.587541275680391
 1.15 -4.773706055915468
 1.2 -4.983656822654261
 1.25 -5.186109058605049
 1.3 -5.37832697494932
 1.3499999999999999 -5.583724097414544
 1.4 -5.7790673674989295
 1.45 -5.981000284658612
 1.5 -6.186898368781718
 1.55 -6.3858873303988375
 1.6 -6.586063910089867
 1.65 -6.786961853452199
 1.7 -6.982974508505239
 1.75 -7.184389168097291
 1.8 -7.3836319884722466
 1.8499999999999999 -7.586589203775577
 1.9000000000000001 -7.786272382010261
 1.95 -7.984784553345881
 2. -8.184433621201196
 2.05 -8.385576410966976
 2.1 -8.586210980585683
 2.15 -8.786053088866746
 2.2 -8.98679132205471
 2.25 -9.186758790322816
 2.3 -9.386901660850413
 2.35 -9.586661710041824
 2.4 -9.786362773705548
 2.45 -9.986821631362892
 2.5 -10.186548262381987
 2.55 -10.386902681769985
 2.6 -10.586483685208854
 2.65 -10.786893331878579
 2.7 -10.986555649326702
 2.75 -11.186447191508245
 2.8 -11.386396115859963
 2.85 -11.586342410675185
 2.9 -11.785981811961333
 2.95 -11.986334535690917
 3. -12.188125799810962
 3.05 -12.378450062370906
 3.1 -12.579612426294284
 3.15 -12.7708218415231
 3.2 -12.958516115705727
 3.25 -13.118661511299466
 3.3 -13.333478429647029
 3.35 -13.77417713735268
 3.4 -13.42930195588386
 3.45 -13.800965427666553
 3.5 -14.56876015152122
 3.55 -14.52930015374421
 3.6 -13.719851093426366
 3.65 -14.417558153995143
 3.7 -14.405893321658656
 3.75 -13.549222062993643
 3.8 -13.92141741527947
 3.85 -13.235724937138045
 3.9 -13.652610792918487
 3.95 -13.46463129076617
 4. -15.402834897174436
 4.05 -13.312991734880269
 4.1 -13.502803334666712
 4.15 -13.232367306221272
 4.2 -13.387342781989148
 4.25 -12.853788590946037
 4.3 -12.917736401006925
 4.35 -13.112878438499173
 4.4 -12.692420588711062
 4.45 -13.77669271027206
 4.5 -13.821650026526404
 zone T = "ep =  0.6309573444801932 ",
 1. -4.871773352908969
 1.05 -5.093954589909765
 1.1 -5.315898597419401
 1.15 -5.510626387641824
 1.2 -5.727722392065574
 1.25 -5.9363002910611575
 1.3 -6.134209925775525
 1.3499999999999999 -6.344116515795417
 1.4 -6.543836210508639
 1.45 -6.7493694632371435
 1.5 -6.958282330003405
 1.55 -7.160116743657965
 1.6 -7.362793717202798
 1.65 -7.565821281621104
 1.7 -7.763894493604496
 1.75 -7.96694543738267
 1.8 -8.167709496306342
 1.8499999999999999 -8.371878403035
 1.9000000000000001 -8.572729067414677
 1.95 -8.772326197437904
 2. -8.97290009918053
 2.05 -9.174804438867996
 2.1 -9.376130341917369
 2.15 -9.576607890640062
 2.2 -9.777877660671107
 2.25 -9.978344020611758
 2.3 -10.178917622531868
 2.35 -10.379072467237759
 2.4 -10.579131751893852
 2.45 -10.779851997691472
 2.5 -10.979861818803949
 2.55 -11.180424670752705
 2.6 -11.380206504707354
 2.65 -11.580531437438005
 2.7 -11.780372730078193
 2.75 -11.979829166343471
 2.8 -12.180034029900408
 2.85 -12.379755799942869
 2.9 -12.578303732749191
 2.95 -12.779322642545571
 3. -12.985552632693459
 3.05 -13.155163059744796
 3.1 -13.357649222999072
 3.15 -13.526606924784176
 3.2 -13.701888404825329
 3.25 -13.786442308751273
 3.3 -14.028375984351921
 3.35 -15.366318063348674
 3.4 -13.873490109644868
 3.45 -14.327159900851171
 3.5 -14.955949065453728
 3.55 -14.558281427114798
 3.6 -14.038464957300564
 3.65 -14.671571377369741
 3.7 -14.623415632804157
 3.75 -13.823452496412397
 3.8 -14.208101528062697
 3.85 -13.517285222168432
 3.9 -13.953776230492783
 3.95 -13.72774829949198
 4. -15.688887736868764
 4.05 -13.582887100909566
 4.1 -13.789308339150304
 4.15 -13.526961678450359
 4.2 -13.675479165944825
 4.25 -13.132564789573289
 4.3 -13.20174936139158
 4.35 -13.404858693648137
 4.4 -12.972163055894761
 4.45 -14.047447239187862
 4.5 -14.067394593149706
 zone T = "ep =  0.5011872336272724 ",
 1. -5.100062040715092
 1.05 -5.2955290294931965
 1.1 -5.494865155826406
 1.15 -5.668724171605493
 1.2 -5.869352643058101
 1.25 -6.063967565865883
 1.3 -6.248953252502594
 1.3499999999999999 -6.449000420197447
 1.4 -6.6391159958821175
 1.45 -6.836949223635987
 1.5 -7.039559531351813
 1.55 -7.235376991747255
 1.6 -7.4328344955645775
 1.65 -7.631455185204628
 1.7 -7.825210371932276
 1.75 -8.024928601514356
 1.8 -8.22257543414905
 1.8499999999999999 -8.424329920482906
 1.9000000000000001 -8.622808715554779
 1.95 -8.820189872811312
 2. -9.018897865340369
 2.05 -9.219290376979323
 2.1 -9.41924065262448
 2.15 -9.618444068960555
 2.2 -9.818663343274808
 2.25 -10.01813550223093
 2.3 -10.217853498190182
 2.35 -10.41722009158649
 2.4 -10.616564952908218
 2.45 -10.816785266416769
 2.5 -11.016233233177179
 2.55 -11.216394080135547
 2.6 -11.415775181901576
 2.65 -11.616297662256553
 2.7 -11.81582933006535
 2.75 -12.016274137569129
 2.8 -12.215939252046674
 2.85 -12.41627529557297
 2.9 -12.617701832016117
 2.95 -12.81729006774151
 3. -13.014501502976811
 3.05 -13.228767434592456
 3.1 -13.428877020072674
 3.15 -13.644328046635579
 3.2 -13.861606102697671
 3.25 -14.149365106463296
 3.3 -14.324289049165396
 3.35 -14.261082661556486
 3.4 -14.674054080230007
 3.45 -15.68522278278236
 3.5 -14.749199300577612
 3.55 -14.734236479651594
 3.6 -14.474313274427908
 3.65 -15.000347260751678
 3.7 -15.01103342860583
 3.75 -14.226743638118755
 3.8 -14.618067498437275
 3.85 -13.918035725226622
 3.9 -14.34915003821166
 3.95 -14.154066002841216
 4. -15.643498448519127
 4.05 -14.004057584010118
 4.1 -14.152457701477564
 4.15 -13.903437247743621
 4.2 -14.06153924129148
 4.25 -13.529912267280219
 4.3 -13.589394377429949
 4.35 -13.814514036975494
 4.4 -13.371089900955642
 4.45 -14.41992919436256
 4.5 -14.512061008573973
 zone T = "ep =  0.39810717055349726 ",
 1. -5.107052652849745
 1.05 -5.309808244665725
 1.1 -5.515141589667755
 1.15 -5.694091387339244
 1.2 -5.8988568077420815
 1.25 -6.096836327481067
 1.3 -6.284776356348059
 1.3499999999999999 -6.487154391749263
 1.4 -6.679415336045324
 1.45 -6.87900377145792
 1.5 -7.083080047039752
 1.55 -7.2802198340430335
 1.6 -7.478827350328837
 1.65 -7.678419044164937
 1.7 -7.873073858570173
 1.75 -8.073525870671762
 1.8 -8.271836673792713
 1.8499999999999999 -8.474137007247055
 1.9000000000000001 -8.673118674895678
 1.95 -8.87095966995357
 2. -9.070060928661983
 2.05 -9.270784560676882
 2.1 -9.471031895731077
 2.15 -9.67050298074542
 2.2 -9.87095072271132
 2.25 -10.070631896747674
 2.3 -10.270527748258672
 2.35 -10.470063976289184
 2.4 -10.669555198301362
 2.45 -10.869882570195568
 2.5 -11.069445919668503
 2.55 -11.269689522329546
 2.6 -11.469148738651109
 2.65 -11.669618355634366
 2.7 -11.869182392890728
 2.75 -12.069391600237255
 2.8 -12.269497370083798
 2.85 -12.469740180014082
 2.9 -12.669939653198977
 2.95 -12.869537626457973
 3. -13.068420831177452
 3.05 -13.272395319327732
 3.1 -13.472386359775115
 3.15 -13.676470573741836
 3.2 -13.881143511758754
 3.25 -14.101043648937098
 3.3 -14.296615660031609
 3.35 -14.41343972885794
 3.4 -14.988264674780087
 3.45 -14.965585154492466
 3.5 -14.986983299193698
 3.55 -15.054692356864814
 3.6 -15.233784675614896
 3.65 -15.344962016539347
 3.7 -15.41343972885794
 3.75 -14.790306637653215
 3.8 -15.168315393620386
 3.85 -14.488289938431842
 3.9 -14.891098084022802
 3.95 -14.712036695850923
 4. -16.487768472111153
 4.05 -14.5657007477063
 4.1 -14.766012799587262
 4.15 -14.486265521519007
 4.2 -14.656966023218933
 4.25 -14.107099050221224
 4.3 -14.172554078945891
 4.35 -14.383463493106692
 4.4 -13.948826280505717
 4.45 -15.01922422739868
 4.5 -15.109491730176746
 zone T = "ep =  0.31622776601683794 ",
 1. -5.564202609309388
 1.05 -5.765123490754046
 1.1 -5.96913486107819
 1.15 -6.147377533120741
 1.2 -6.351455943619848
 1.25 -6.54900144385875
 1.3 -6.736724445660828
 1.3499999999999999 -6.9388525889735835
 1.4 -7.131019547855552
 1.45 -7.330498546083691
 1.5 -7.534460548589657
 1.55 -7.731575400019228
 1.6 -7.930164332160488
 1.65 -8.129741659506113
 1.7 -8.3244384817802
 1.75 -8.524885691090576
 1.8 -8.723216157569214
 1.8499999999999999 -8.925502037241339
 1.9000000000000001 -9.124504458595553
 1.95 -9.322376943918611
 2. -9.521498319562866
 2.05 -9.722226920249863
 2.1 -9.922483600217248
 2.15 -10.121971233045974
 2.2 -10.322421402818831
 2.25 -10.522121384233623
 2.3 -10.722033653390278
 2.35 -10.921578183656939
 2.4 -11.12108728141034
 2.45 -11.321422264843273
 2.5 -11.521000898754481
 2.55 -11.72123893642865
 2.6 -11.920698717902969
 2.65 -12.121206376148576
 2.7 -12.32131329405172
 2.75 -12.521397210845775
 2.8 -12.721123914367764
 2.85 -12.921021917812288
 2.9 -13.120971466715599
 2.95 -13.320862976776757
 3. -13.52034375067988
 3.05 -13.720568065289289
 3.1 -13.920628349036358
 3.15 -14.121164985530616
 3.2 -14.321516020156993
 3.25 -14.522911959824173
 3.3 -14.722944993586548
 3.35 -14.917303369756464
 3.4 -15.139788315232812
 3.45 -15.330110268684864
 3.5 -15.513410321705953
 3.55 -15.781050689774395
 3.6 -16.268533338097484
 3.65 -16.19403771518867
 3.7 -16.28911138515673
 3.75 -16.145345791288946
 3.8 -16.44114326001925
 3.85 -16.02586995038215
 3.9 -16.469345389284367
 3.95 -16.329405980015903
 4. -17.62246704600861
 4.05 -16.063976659093147
 4.1 -16.280942596079303
 4.15 -16.133019952550313
 4.2 -16.202211163103378
 4.25 -15.71058339449953
 4.3 -15.784477093992491
 4.35 -15.909511395455816
 4.4 -15.592714440715751
 4.45 -16.381690952862193
 4.5 -17.020407054680646
 zone T = "ep =  0.251188643150958 ",
 1. -6.314479416727025
 1.05 -6.5543111794827125
 1.1 -6.792005264547258
 1.15 -6.989956667108463
 1.2 -7.217637252005169
 1.25 -7.4321229282543015
 1.3 -7.630620690322091
 1.3499999999999999 -7.845360720254508
 1.4 -8.04518381210438
 1.45 -8.252882842932852
 1.5 -8.465179728454363
 1.55 -8.667187281175428
 1.6 -8.870296794070981
 1.65 -9.073855649564297
 1.7 -9.270275353567088
 1.75 -9.473843774971776
 1.8 -9.674151172382903
 1.8499999999999999 -9.879383062264909
 1.9000000000000001 -10.079888445708248
 1.95 -10.278628956849024
 2. -10.4788204303858
 2.05 -10.680974700006148
 2.1 -10.882344005121684
 2.15 -11.08257134553583
 2.2 -11.283929240729005
 2.25 -11.484160941694832
 2.3 -11.684582903842431
 2.35 -11.884434872442261
 2.4 -12.083999939696053
 2.45 -12.284598438451557
 2.5 -12.484350021499079
 2.55 -12.6851326942695
 2.6 -12.884723839829945
 2.65 -13.085507949646397
 2.7 -13.28514145181138
 2.75 -13.48634307072376
 2.8 -13.686872192708265
 2.85 -13.888098234653146
 2.9 -14.089611370466885
 2.95 -14.28999415607711
 3. -14.488616173128234
 3.05 -14.699611889796705
 3.1 -14.899478086337963
 3.15 -15.11643887999147
 3.2 -15.364080130443567
 3.25 -15.663479889651608
 3.3 -15.90475872729977
 3.35 -15.91771224580917
 3.4 -16.090118089646516
 3.45 -16.690731877567135
 3.5 -16.620497453145706
 3.55 -16.431181203590956
 3.6 -16.02474693572475
 3.65 -16.811074862486286
 3.7 -16.702438637100386
 3.75 -15.83279020491431
 3.8 -16.298137814418997
 3.85 -15.528806628188836
 3.9 -15.960138571239813
 3.95 -15.754103181191706
 4. -17.487768472111153
 4.05 -15.594469168282302
 4.1 -15.783904146044085
 4.15 -15.513871274675358
 4.2 -15.669982816225623
 4.25 -15.138377608896908
 4.3 -15.19695505655035
 4.35 -15.405881332687603
 4.4 -14.970539574314508
 4.45 -16.05253479757841
 4.5 -16.090843001318586
 zone T = "ep =  0.199526231496888 ",
 1. -5.738291398721254
 1.05 -5.95313745237965
 1.1 -6.168706478636039
 1.15 -6.352370066048186
 1.2 -6.563981563766663
 1.25 -6.766486041769271
 1.3 -6.956875042964153
 1.3499999999999999 -7.162657577279582
 1.4 -7.356679210391234
 1.45 -7.558391670730492
 1.5 -7.7647338003092194
 1.55 -7.963044373285459
 1.6 -8.162774683712607
 1.65 -8.363372206696258
 1.7 -8.558341348918928
 1.75 -8.759608850590395
 1.8 -8.958396009138315
 1.8499999999999999 -9.161511377390017
 1.9000000000000001 -9.360867567925595
 1.95 -9.55889991344356
 2. -9.75827250955025
 2.05 -9.959392572256506
 2.1 -10.15994274702562
 2.15 -10.359595890050377
 2.2 -10.560297077199852
 2.25 -10.760121214893138
 2.3 -10.960162249740732
 2.35 -11.159778402929241
 2.4 -11.359338775840445
 2.45 -11.559804568374163
 2.5 -11.759415217737747
 2.55 -11.959833383650714
 2.6 -12.159411195652782
 2.65 -12.360058298278652
 2.7 -12.559833875817288
 2.75 -12.760138169444607
 2.8 -12.960221915665292
 2.85 -13.160398297307225
 2.9 -13.360524332947428
 2.95 -13.560820973411179
 3. -13.76136731000823
 3.05 -13.958723301345383
 3.1 -14.15895411222552
 3.15 -14.356091007713923
 3.2 -14.553068070395728
 3.25 -14.739360768346103
 3.3 -14.946147631068433
 3.35 -15.205221882141185
 3.4 -15.234390076691374
 3.45 -15.539763256322042
 3.5 -16.03343185614181
 3.55 -17.686136125877987
 3.6 -15.847452701548196
 3.65 -16.360123842126928
 3.7 -16.256044088782637
 3.75 -15.617559711513865
 3.8 -16.011130035097587
 3.85 -15.337728774456039
 3.9 -15.7330380030874
 3.95 -15.548166029284081
 4. -17.04843577828089
 4.05 -15.429405723604125
 4.1 -15.626234061252115
 4.15 -15.346841630118723
 4.2 -15.536835965451184
 4.25 -14.975173006882711
 4.3 -15.031630275560861
 4.35 -15.245475567128222
 4.4 -14.805743798976769
 4.45 -15.95863767546145
 4.5 -15.896147433897834
 zone T = "ep =  0.15848931924611132 ",
 1. -5.633389907155631
 1.05 -5.8454582280135945
 1.1 -6.058682308039112
 1.15 -6.239930244657087
 1.2 -6.449838953547574
 1.25 -6.650833029222155
 1.3 -6.839838969346057
 1.3499999999999999 -7.044579678398966
 1.4 -7.237632837958368
 1.45 -7.438569806323113
 1.5 -7.64426860254463
 1.55 -7.842004805548822
 1.6 -8.041248937554665
 1.65 -8.241438677224107
 1.7 -8.436053301023007
 1.75 -8.637027822709651
 1.8 -8.835563543431839
 1.8499999999999999 -9.038465882626197
 1.9000000000000001 -9.237640228732813
 1.95 -9.435517973061177
 2. -9.634758871168717
 2.05 -9.835765155741077
 2.1 -10.03622275255879
 2.15 -10.235793922516779
 2.2 -10.436426800602465
 2.25 -10.636189883044628
 2.3 -10.83617822087878
 2.35 -11.035750270102076
 2.4 -11.235276370898323
 2.45 -11.435700380358439
 2.5 -11.635290145712867
 2.55 -11.835625768005823
 2.6 -12.035113191923074
 2.65 -12.235701926622113
 2.7 -12.435446538892164
 2.75 -12.635679031092256
 2.8 -12.835920174924622
 2.85 -13.036168275796959
 2.9 -13.236326559822974
 2.95 -13.43683991033371
 3. -13.638930964405617
 3.05 -13.832508349406332
 3.1 -14.033889784874663
 3.15 -14.227474426094078
 3.2 -14.42189011925376
 3.25 -14.592935699690685
 3.3 -14.809553689365753
 3.35 -15.222636056924221
 3.4 -14.955183938440298
 3.45 -15.345379005992317
 3.5 -16.43597302655316
 3.55 -15.854300016531566
 3.6 -15.316334571168145
 3.65 -15.80894670885898
 3.7 -15.654833989079924
 3.75 -15.051711892840347
 3.8 -15.37852750352295
 3.85 -14.769211427373317
 3.9 -15.155195368113892
 3.95 -14.99342832180623
 4. -16.281842688591965
 4.05 -14.84834839380407
 4.1 -15.068694316376604
 4.15 -14.811440738229832
 4.2 -14.968640812261683
 4.25 -14.417952429539158
 4.3 -14.475437516531006
 4.35 -14.667391840905116
 4.4 -14.254772361718999
 4.45 -15.35041436074042
 4.5 -15.313999648974503
 zone T = "ep =  0.1258925411794167 ",
 1. -5.603572318241016
 1.05 -5.814414296814096
 1.1 -6.026530099291709
 1.15 -6.20591054445773
 1.2 -6.414829562427055
 1.25 -6.614732692502895
 1.3 -6.802515199961172
 1.3499999999999999 -7.006466617838907
 1.4 -7.198614130312662
 1.45 -7.398877865915939
 1.5 -7.604051854877461
 1.55 -7.801222414907529
 1.6 -7.999991317224597
 1.65 -8.199780753686763
 1.7 -8.393988974680676
 1.75 -8.5946760371453
 1.8 -8.792941342651115
 1.8499999999999999 -8.99565088614892
 1.9000000000000001 -9.19462951807177
 1.95 -9.392328207298728
 2. -9.591425925066252
 2.05 -9.792323551097986
 2.1 -9.992684966077872
 2.15 -10.192169022262826
 2.2 -10.392732850479629
 2.25 -10.592435136889177
 2.3 -10.792368758926418
 2.35 -10.991889001514608
 2.4 -11.191371574447325
 2.45 -11.39175224130872
 2.5 -11.591304427114201
 2.55 -11.791601804601392
 2.6 -11.991005381627202
 2.65 -12.19148480965902
 2.7 -12.391153184461768
 2.75 -12.591159959573211
 2.8 -12.791339852609783
 2.85 -12.991436736123374
 2.9 -13.19119687727724
 2.95 -13.391707030407071
 3. -13.594088067001326
 3.05 -13.782121391148095
 3.1 -13.981101116967743
 3.15 -14.16900970948674
 3.2 -14.352614610288626
 3.25 -14.501713691341457
 3.3 -14.711067288122742
 3.35 -15.225159198266098
 3.4 -14.775567885810318
 3.45 -15.135457293213216
 3.5 -16.086367931329608
 3.55 -15.830075356510354
 3.6 -15.03140243898211
 3.65 -15.826271292931322
 3.7 -15.58977504213859
 3.75 -14.855243695739842
 3.8 -15.266267297128717
 3.85 -14.546920084616078
 3.9 -14.958167034629131
 3.95 -14.77232227349427
 4. -16.449015883119138
 4.05 -14.61994756406558
 4.1 -14.792520350066972
 4.15 -14.526062688108647
 4.2 -14.71486027713988
 4.25 -14.152056555032678
 4.3 -14.218442361400916
 4.35 -14.417361150371033
 4.4 -13.991041726600653
 4.45 -15.088671886239172
 4.5 -15.124031172788936
 zone T = "ep =  0.1 ",
 1. -5.598492336228601
 1.05 -5.808983464185148
 1.1 -6.020709957737476
 1.15 -6.198609492712985
 1.2 -6.40694016339351
 1.25 -6.605983621241456
 1.3 -6.792613005202521
 1.3499999999999999 -6.995863798507794
 1.4 -7.187079767087076
 1.45 -7.3866495297561325
 1.5 -7.591275224996964
 1.55 -7.7878007621210985
 1.6 -7.986015086653412
 1.65 -8.185324747565543
 1.7 -8.37902767938102
 1.75 -8.579355710832393
 1.8 -8.777276188344567
 1.8499999999999999 -8.979737746760145
 1.9000000000000001 -9.17845994814682
 1.95 -9.375922338981363
 2. -9.574829807086488
 2.05 -9.775581683248387
 2.1 -9.975813427724333
 2.15 -10.175179839730866
 2.2 -10.375651485963305
 2.25 -10.575267989368584
 2.3 -10.775131316950201
 2.35 -10.974585830159354
 2.4 -11.174013367597174
 2.45 -11.37434605096686
 2.5 -11.573858026429244
 2.55 -11.77412339136141
 2.6 -11.973482526072186
 2.65 -12.173834917974657
 2.7 -12.373506308800554
 2.75 -12.573411209025688
 2.8 -12.77351249839118
 2.85 -12.973511231661629
 2.9 -13.17301950365325
 2.95 -13.373798394812344
 3. -13.57667481327905
 3.05 -13.760487544466626
 3.1 -13.961050214149012
 3.15 -14.142094205289752
 3.2 -14.323574291696367
 3.25 -14.45973974851091
 3.3 -14.66594936382009
 3.35 -15.346632381990414
 3.4 -14.662992009635607
 3.45 -15.069688252051922
 3.5 -16.418347063352684
 3.55 -15.606954879830361
 3.6 -14.903738945902267
 3.65 -15.583233244245028
 3.7 -15.479736376927162
 3.75 -14.696686308211294
 3.8 -15.080887802062028
 3.85 -14.386204683452126
 3.9 -14.789261962463634
 3.95 -14.615417927616429
 4. -16.418347063352684
 4.05 -14.468402897538665
 4.1 -14.648332326853048
 4.15 -14.374895470270694
 4.2 -14.531856338180203
 4.25 -13.99918015598453
 4.3 -14.071727405146719
 4.35 -14.276185214892047
 4.4 -13.841456254741825
 4.45 -14.92349704167259
 4.5 -14.928580283106378
 zone T = "ep =  0.07943282347242814 ",
 1. -5.602412067515901
 1.05 -5.813282260479791
 1.1 -6.025296170622928
 1.15 -6.202251313948304
 1.2 -6.4104669706475805
 1.25 -6.6090008660618444
 1.3 -6.7946888624519834
 1.3499999999999999 -6.9974199162309425
 1.4 -7.187772230679204
 1.45 -7.386687717735459
 1.5 -7.590777374629731
 1.55 -7.786607028082899
 1.6 -7.98419934874265
 1.65 -8.182949672468926
 1.7 -8.376045622587565
 1.75 -8.575927944206438
 1.8 -8.773412586174612
 1.8499999999999999 -8.97554739717773
 1.9000000000000001 -9.173932281434363
 1.95 -9.371082646249878
 2. -9.569733323845622
 2.05 -9.770281536420228
 2.1 -9.970331966878492
 2.15 -10.169533223970777
 2.2 -10.369872816059265
 2.25 -10.569368002850709
 2.3 -10.769129668588773
 2.35 -10.968492352207205
 2.4 -11.167836851169064
 2.45 -11.368101012182077
 2.5 -11.567552589712527
 2.55 -11.767757874532512
 2.6 -11.967055123248686
 2.65 -12.16725329630049
 2.7 -12.366892832998186
 2.75 -12.566598255599084
 2.8 -12.766556007265214
 2.85 -12.96634444121862
 2.9 -13.165455435035506
 2.95 -13.366072966283006
 3. -13.56989201892404
 3.05 -13.747869277305409
 3.1 -13.947388937441035
 3.15 -14.124984508641239
 3.2 -14.30372091758926
 3.25 -14.411200841666215
 3.3 -14.627550287442396
 3.35 -15.444799398717972
 3.4 -14.579211970312103
 3.45 -14.977938938972299
 3.5 -16.290947728196727
 3.55 -15.440623458063836
 3.6 -14.754731789177573
 3.65 -15.56074047762112
 3.7 -15.469622982443004
 3.75 -14.60391784310488
 3.8 -14.999217755610708
 3.85 -14.28911138515673
 3.9 -14.69147173205936
 3.95 -14.507068363162904
 4. -16.399041908157297
 4.05 -14.37337991783616
 4.1 -14.5237289527957
 4.15 -14.26724198858411
 4.2 -14.41334214555635
 4.25 -13.891186036461466
 4.3 -13.955132977868956
 4.35 -14.186333323972486
 4.4 -13.733420136400134
 4.45 -14.799348650108442
 4.5 -14.859039052445672
 zone T = "ep =  0.06309573444801933 ",
 1. -5.608677249008913
 1.05 -5.820439142466605
 1.1 -6.033300532907695
 1.15 -6.209931762037021
 1.2 -6.418548933845147
 1.25 -6.617037849398962
 1.3 -6.802158716020425
 1.3499999999999999 -7.0046839173294195
 1.4 -7.194387776183446
 1.45 -7.392810514562757
 1.5 -7.596477353991521
 1.55 -7.7916471374924114
 1.6 -7.9886151376567796
 1.65 -8.186772490043646
 1.7 -8.379190656767737
 1.75 -8.57855671566316
 1.8 -8.77552104407103
 1.8499999999999999 -8.977248094427813
 1.9000000000000001 -9.175207848808393
 1.95 -9.371960180182418
 2. -9.570274906608818
 2.05 -9.77054724082893
 2.1 -9.97035006119196
 2.15 -10.169326347043391
 2.2 -10.369480399048449
 2.25 -10.56880795166453
 2.3 -10.768428521425705
 2.35 -10.967662059315362
 2.4 -11.16689971120399
 2.45 -11.367074271149026
 2.5 -11.566450115314629
 2.55 -11.766589897786169
 2.6 -11.965829862059426
 2.65 -12.165957468180887
 2.7 -12.36553336512469
 2.75 -12.565099747648185
 2.8 -12.765294697774044
 2.85 -12.964997445219959
 2.9 -13.16415615666605
 2.95 -13.365644378974405
 3. -13.570368004155902
 3.05 -13.744697927440866
 3.1 -13.944163922449377
 3.15 -14.12068601280177
 3.2 -14.298821248971128
 3.25 -14.394720534374654
 3.3 -14.628189896515153
 3.35 -15.854973863807022
 3.4 -14.542891166147458
 3.45 -14.966630388407117
 3.5 -15.88570848078319
 3.55 -15.437517644003204
 3.6 -14.71780067078171
 3.65 -15.391553886764747
 3.7 -15.351682374727055
 3.75 -14.51071587465309
 3.8 -14.874279019002408
 3.85 -14.211705145452171
 3.9 -14.601653922347122
 3.95 -14.42732246967814
 4. -16.48201614322206
 4.05 -14.296205684519427
 4.1 -14.453701793513591
 4.15 -14.202601378304994
 4.2 -14.338754748195427
 4.25 -13.823452496412397
 4.3 -13.889751705658616
 4.35 -14.095611058882735
 4.4 -13.662697378812712
 4.45 -14.766452591505253
 4.5 -14.778951137004228
 zone T = "ep =  0.05011872336272723 ",
 1. -5.614290719531624
 1.05 -5.827148065525079
 1.1 -6.041173773922875
 1.15 -6.218040508211758
 1.2 -6.427504171702929
 1.25 -6.626432864536649
 1.3 -6.811460203804525
 1.3499999999999999 -7.01418519950067
 1.4 -7.203591988825082
 1.45 -7.401812730681011
 1.5 -7.605293857462994
 1.55 -7.799963350567386
 1.6 -7.996410930637641
 1.65 -8.19402901372216
 1.7 -8.385767771694603
 1.75 -8.584597297591051
 1.8 -8.780991580146443
 1.8499999999999999 -8.982252208709344
 1.9000000000000001 -9.179709972330514
 1.95 -9.375981459326205
 2. -9.57387787431586
 2.05 -9.77379528200484
 2.1 -9.973274407056685
 2.15 -10.171953096024545
 2.2 -10.371856457307103
 2.25 -10.570957127855563
 2.3 -10.77038586364322
 2.35 -10.969444645669931
 2.4 -11.168537009716886
 2.45 -11.368593201003366
 2.5 -11.567867639528677
 2.55 -11.767933121523159
 2.6 -11.967115534245654
 2.65 -12.167168042065683
 2.7 -12.366782376131377
 2.75 -12.566433041472507
 2.8 -12.766734292237166
 2.85 -12.966372330218736
 2.9 -13.165979548892786
 2.95 -13.368213475879818
 3. -13.575170933592576
 3.05 -13.747384726425205
 3.1 -13.950268396408362
 3.15 -14.129224516340582
 3.2 -14.298671363039734
 3.25 -14.400176330609641
 3.3 -14.64849997575762
 3.35 -15.769543668482395
 3.4 -14.519721593503245
 3.45 -15.03160495448212
 3.5 -15.444799398717972
 3.55 -15.15117533494967
 3.6 -14.708460644527568
 3.65 -15.119295633670792
 3.7 -15.099904266171022
 3.75 -14.426114977291649
 3.8 -14.786258051437562
 3.85 -14.143979257845174
 3.9 -14.546190790604392
 3.95 -14.357306042829572
 4. -16.418347063352684
 4.05 -14.21769550914136
 4.1 -14.442915254843422
 4.15 -14.160123508512497
 4.2 -14.316412618518862
 4.25 -13.776062449692217
 4.3 -13.831453017421396
 4.35 -14.030148946287607
 4.4 -13.612290486011737
 4.45 -14.757309212065383
 4.5 -14.684493488770674
 zone T = "ep =  0.039810717055349734 ",
 1. -5.6181712143479325
 1.05 -5.83202080993526
 1.1 -6.047217863419691
 1.15 -6.224679495219132
 1.2 -6.43524389984312
 1.25 -6.634995216747513
 1.3 -6.820395081940464
 1.3499999999999999 -7.023729773744986
 1.4 -7.2132639076888445
 1.45 -7.411659292508233
 1.5 -7.615291711702741
 1.55 -7.809744432420065
 1.6 -8.005897514777851
 1.65 -8.203144428188066
 1.7 -8.394305114610194
 1.75 -8.592662615738693
 1.8 -8.788504803347328
 1.8499999999999999 -8.989292268364412
 1.9000000000000001 -9.186208192065514
 1.95 -9.381938983826451
 2. -9.579348078199862
 2.05 -9.778836392450952
 2.1 -9.977914736590646
 2.15 -10.176217911274232
 2.2 -10.375796124521395
 2.25 -10.574597766803809
 2.3 -10.773762077489005
 2.35 -10.972584680602447
 2.4 -11.171468942930542
 2.45 -11.371346350096351
 2.5 -11.570452616128396
 2.55 -11.770388261346236
 2.6 -11.969423720691724
 2.65 -12.169331136833302
 2.7 -12.368818941074966
 2.75 -12.568068510834648
 2.8 -12.76837088568727
 2.85 -12.967860012291101
 2.9 -13.166487715363084
 2.95 -13.36784427500261
 3. -13.575510978878306
 3.05 -13.743402460621361
 3.1 -13.945059204385927
 3.15 -14.114758334583652
 3.2 -14.287574834969952
 3.25 -14.367370048881789
 3.3 -14.632370475457083
 3.35 -15.73546387891012
 3.4 -14.466083119895448
 3.45 -14.932109847639571
 3.5 -15.505497239071584
 3.55 -15.158709752846928
 3.6 -14.615573338060708
 3.65 -15.240941750399172
 3.7 -15.149046436167549
 3.75 -14.408394249174371
 3.8 -14.791820063193548
 3.85 -14.109007296794779
 3.9 -14.50598005677768
 3.95 -14.326999910250025
 4. -16.380558502463284
 4.05 -14.193508051821016
 4.1 -14.36701910382681
 4.15 -14.104959249679638
 4.2 -14.248752774678763
 4.25 -13.722070121154267
 4.3 -13.790701947625754
 4.35 -14.004057584010118
 4.4 -13.562387614166596
 4.45 -14.63561391459436
 4.5 -14.715446765388233
 zone T = "ep =  0.03162277660168379 ",
 1. -5.6203037192789855
 1.05 -5.834842563488633
 1.1 -6.0509506791851155
 1.15 -6.229097891178121
 1.2 -6.440756018580841
 1.25 -6.641503439656735
 1.3 -6.827615016819067
 1.3499999999999999 -7.031869010594166
 1.4 -7.221933878996617
 1.45 -7.420888076797865
 1.5 -7.625045406623822
 1.55 -7.819648319470604
 1.6 -8.015833159352665
 1.65 -8.212987549055768
 1.7 -8.40378843653122
 1.75 -8.601844159097334
 1.8 -8.7972486191675
 1.8499999999999999 -8.997638418888892
 1.9000000000000001 -9.194039029557146
 1.95 -9.389220490346503
 2. -9.586111197511775
 2.05 -9.785122997009013
 2.1 -9.983739710282471
 2.15 -10.18159626823151
 2.2 -10.380778292982637
 2.25 -10.579210798090266
 2.3 -10.778041792145038
 2.35 -10.976568118320676
 2.4 -11.175189910227788
 2.45 -11.374844390312836
 2.5 -11.573768795573091
 2.55 -11.773527257100687
 2.6 -11.972440134008052
 2.65 -12.172239218920271
 2.7 -12.371640886647123
 2.75 -12.571018426911419
 2.8 -12.77128877945533
 2.85 -12.97114673265989
 2.9 -13.169883345801653
 2.95 -13.37273962771492
 3. -13.581735278242885
 3.05 -13.750173007968366
 3.1 -13.954250610094185
 3.15 -14.124081296221608
 3.2 -14.302282980376683
 3.25 -14.388963285667474
 3.3 -14.633664945810082
 3.35 -15.327800453300485
 3.4 -14.471626908242557
 3.45 -14.989917732532746
 3.5 -15.18789814197441
 3.55 -15.049806625179615
 3.6 -14.645492152778989
 3.65 -15.040610440768933
 3.7 -14.977581053099634
 3.75 -14.333608341248924
 3.8 -14.732198491482354
 3.85 -14.076103880149029
 3.9 -14.482244779437872
 3.95 -14.299271217391873
 4. -16.806527234735565
 4.05 -14.153100307486648
 4.1 -14.376237128680643
 4.15 -14.072973332793596
 4.2 -14.242124219844579
 4.25 -13.69747392310137
 4.3 -13.775882543110562
 4.35 -13.960946913181571
 4.4 -13.53709212804486
 4.45 -14.638226220106136
 4.5 -14.59256699733226
 zone T = "ep =  0.025118864315095794 ",
 1. -5.621165511611084
 1.05 -5.8360374335241705
 1.1 -6.052665744301795
 1.15 -6.231360974346243
 1.2 -6.443868439111828
 1.25 -6.64553375883774
 1.3 -6.832477312553893
 1.3499999999999999 -7.037766569025365
 1.4 -7.22863972739054
 1.45 -7.428448982860992
 1.5 -7.6334547644099535
 1.55 -7.8285862825773345
 1.6 -8.02517322887173
 1.65 -8.222585294042364
 1.7 -8.413343464931524
 1.75 -8.611368454554352
 1.8 -8.806555331119517
 1.8499999999999999 -9.006722644141583
 1.9000000000000001 -9.202726638463306
 1.95 -9.397429004769233
 2. -9.593834118119743
 2.05 -9.792371902328684
 2.1 -9.990503151031351
 2.15 -10.187867963040148
 2.2 -10.38659232994546
 2.25 -10.584592966479699
 2.3 -10.783017019274414
 2.35 -10.981164235268123
 2.4 -11.179447473937344
 2.45 -11.378795772773577
 2.5 -11.577448357779495
 2.55 -11.77696535616995
 2.6 -11.975632892698224
 2.65 -12.17521539763514
 2.7 -12.374370668924124
 2.75 -12.573440832083536
 2.8 -12.773554986941637
 2.85 -12.972891471102624
 2.9 -13.171065828746395
 2.95 -13.372526407279295
 3. -13.580385778585127
 3.05 -13.747047966123828
 3.1 -13.946855324126288
 3.15 -14.118602109769945
 3.2 -14.286116490812828
 3.25 -14.367370048881789
 3.3 -14.603010858128027
 3.35 -15.45973974851091
 3.4 -14.447324373748476
 3.45 -14.883398398305117
 3.5 -15.393413823148872
 3.55 -15.127301288595303
 3.6 -14.575510978878306
 3.65 -15.199668360525834
 3.7 -15.119295633670792
 3.75 -14.355252637198515
 3.8 -14.689624453723807
 3.85 -14.048625329960004
 3.9 -14.437517644003204
 3.95 -14.258342624190458
 4. -15.961429194721308
 4.05 -14.123880837191091
 4.1 -14.332149071502952
 4.15 -14.049131205942542
 4.2 -14.180871874571787
 4.25 -13.674089650440266
 4.3 -13.733297817153613
 4.35 -13.94043689927548
 4.4 -13.519646807552041
 4.45 -14.594339630331607
 4.5 -14.606954879830361
 zone T = "ep =  0.0199526231496888 ",
 1. -5.6213232274906195
 1.05 -5.836232318331165
 1.1 -6.053012268228467
 1.15 -6.232009231684226
 1.2 -6.445000055961003
 1.25 -6.647311166320272
 1.3 -6.834975712582916
 1.3499999999999999 -7.041185633369782
 1.4 -7.232937350829509
 1.45 -7.433720217805998
 1.5 -7.639754782567373
 1.55 -7.83571310898788
 1.6 -8.033035723514356
 1.65 -8.231059539210792
 1.7 -8.422141128557385
 1.75 -8.62047109003058
 1.8 -8.815748295891765
 1.8499999999999999 -9.015961339588745
 1.9000000000000001 -9.211788905327525
 1.95 -9.406179703213128
 2. -9.602220084352131
 2.05 -9.80036285496384
 2.1 -9.998047678170416
 2.15 -10.194923943559225
 2.2 -10.393177932980857
 2.25 -10.590698720047152
 2.3 -10.78866178496434
 2.35 -10.986376077187627
 2.4 -11.184247341282617
 2.45 -11.38320980370408
 2.5 -11.58149751951406
 2.55 -11.780685433099638
 2.6 -11.979042366267441
 2.65 -12.17823482529503
 2.7 -12.377135671163899
 2.75 -12.575624386499241
 2.8 -12.775127748240443
 2.85 -12.973961555218988
 2.9 -13.170585754076452
 2.95 -13.371656841982627
 3. -13.5763054548279
 3.05 -13.73887787025578
 3.1 -13.937165115819733
 3.15 -14.097540109642022
 3.2 -14.259984571257435
 3.25 -14.329405980015903
 3.3 -14.53442765701126
 3.35 -16.26940805034062
 3.4 -14.381645598104498
 3.45 -14.812846124343164
 3.5 -15.778498511135322
 3.55 -15.270811264750057
 3.6 -14.523477406607432
 3.65 -15.386021398164786
 3.7 -15.387857741204783
 3.75 -14.359886528626527
 3.8 -14.78579774987682
 3.85 -14.05533369758964
 3.9 -14.514763840098862
 3.95 -14.299121176111436
 4. -15.968378054676636
 4.05 -14.13834847019922
 4.1 -14.275900711454488
 4.15 -14.013124924846643
 4.2 -14.1578420313157
 4.25 -13.645292369988422
 4.3 -13.714547806953254
 4.35 -13.932625636871105
 4.4 -13.491513716757117
 4.45 -14.528027681454153
 4.5 -14.657308122080186
 zone T = "ep =  0.015848931924611134 ",
 1. -5.621211670234694
 1.05 -5.835973768421141
 1.1 -6.052651326308939
 1.15 -6.231715152821343
 1.2 -6.444841293806125
 1.25 -6.6474600501133585
 1.3 -6.8355862756211145
 1.3499999999999999 -7.042426704761005
 1.4 -7.234911939098196
 1.45 -7.43656917364095
 1.5 -7.643603509369669
 1.55 -7.840515946764716
 1.6 -8.03877853660039
 1.65 -8.237684461555194
 1.7 -8.429428423389773
 1.75 -8.628400246470138
 1.8 -8.824114327184349
 1.8499999999999999 -9.024700644020234
 1.9000000000000001 -9.220655339698864
 1.95 -9.41499724383669
 2. -9.610890503801711
 2.05 -9.808809765133157
 2.1 -10.006172739034042
 2.15 -10.202639890539679
 2.2 -10.400465761058436
 2.25 -10.597513646061907
 2.3 -10.795000725562204
 2.35 -10.992246409494026
 2.4 -11.189661305592695
 2.45 -11.388209367606887
 2.5 -11.58608526947207
 2.55 -11.784889166858207
 2.6 -11.982887115603361
 2.65 -12.181739959443458
 2.7 -12.38026002759596
 2.75 -12.578580572498096
 2.8 -12.77774819212022
 2.85 -12.975945693869981
 2.9 -13.173092446699847
 2.95 -13.372864054662392
 3. -13.577129839953539
 3.05 -13.73690024278656
 3.1 -13.93249663212282
 3.15 -14.087472304415254
 3.2 -14.242255804297002
 3.25 -14.305315775396263
 3.3 -14.530065430562322
 3.35 -16.13752045377699
 3.4 -14.338508293361288
 3.45 -14.781676843536564
 3.5 -16.556649761518965
 3.55 -15.263840096101676
 3.6 -14.494538047484998
 3.65 -15.51525707636074
 3.7 -15.41637747048978
 3.75 -14.374449170280844
 3.8 -14.782589227237477
 3.85 -14.051669462623725
 3.9 -14.504774017452489
 3.95 -14.28148242769872
 4. -15.40666130502749
 4.05 -14.118008540909571
 4.1 -14.265086676557976
 4.15 -13.987788293829928
 4.2 -14.159361683640206
 4.25 -13.628189896515153
 4.3 -13.699618963246342
 4.35 -13.937556430892222
 4.4 -13.467274600702867
 4.45 -14.503091169305707
 4.5 -14.64019581296904
 zone T = "ep =  0.012589254117941673 ",
 1. -5.621080141072794
 1.05 -5.835617965671446
 1.1 -6.0520677423395925
 1.15 -6.231039702649037
 1.2 -6.444059466425562
 1.25 -6.646701173998574
 1.3 -6.835005819246172
 1.3499999999999999 -7.042132712140024
 1.4 -7.235073119094979
 1.45 -7.437334746008032
 1.5 -7.645137938050002
 1.55 -7.842916939878462
 1.6 -8.042123541832433
 1.65 -8.242011512883876
 1.7 -8.434637986715169
 1.75 -8.634504552917853
 1.8 -8.830966690909209
 1.8499999999999999 -9.032250248328513
 1.9000000000000001 -9.2286738470142
 1.95 -9.423294307463179
 2. -9.619338048462492
 2.05 -9.817294400963194
 2.1 -10.01454914688385
 2.15 -10.210780025026969
 2.2 -10.40830479488206
 2.25 -10.604963859957234
 2.3 -10.802019044624476
 2.35 -10.998801558815988
 2.4 -11.195744913936451
 2.45 -11.393841804704865
 2.5 -11.591271943448653
 2.55 -11.789667462312211
 2.6 -11.987248782505247
 2.65 -12.185749412133774
 2.7 -12.383879040597641
 2.75 -12.58174678136124
 2.8 -12.780602690337187
 2.85 -12.978304286643343
 2.9 -13.17499327893318
 2.95 -13.375145598743408
 3. -13.579326348632993
 3.05 -13.736366181491924
 3.1 -13.930309394143924
 3.15 -14.090523891100766
 3.2 -14.24449886144555
 3.25 -14.31005886602797
 3.3 -14.502851293860832
 3.35 -17.158709752846928
 3.4 -14.34130967138882
 3.45 -14.75558923167111
 3.5 -16.58467848511921
 3.55 -15.240941750399172
 3.6 -14.468735308180154
 3.65 -15.614641708496652
 3.7 -15.222950649101616
 3.75 -14.350161201606523
 3.8 -14.79887427050704
 3.85 -14.029261560578865
 3.9 -14.495715955670876
 3.95 -14.258342624190458
 4. -15.674409913500142
 4.05 -14.10113873256789
 4.1 -14.242255804297002
 4.15 -13.978942591242463
 4.2 -14.132994368945587
 4.25 -13.620136019040073
 4.3 -13.681697085321707
 4.35 -13.91610621593465
 4.4 -13.461327823372798
 4.45 -14.504051998197404
 4.5 -14.638226220106136
 zone T = "ep =  0.01 ",
 1. -5.621032161335251
 1.05 -5.835340981892155
 1.1 -6.05153361866637
 1.15 -6.230338457322596
 1.2 -6.443132241683274
 1.25 -6.645621382045897
 1.3 -6.833889372967495
 1.3499999999999999 -7.041018623589623
 1.4 -7.2341227054560875
 1.45 -7.4366626198221075
 1.5 -7.644895064668027
 1.55 -7.843280592918283
 1.6 -8.043234416979756
 1.65 -8.243994116292074
 1.7 -8.437529698369733
 1.75 -8.63837656442057
 1.8 -8.835773917165072
 1.8499999999999999 -9.037991385991985
 1.9000000000000001 -9.235190288166335
 1.95 -9.43042326733116
 2. -9.626951562498524
 2.05 -9.825263314695345
 2.1 -10.022706085583929
 2.15 -10.218960010934707
 2.2 -10.416397613574276
 2.25 -10.612843115900379
 2.3 -10.80959795928892
 2.35 -11.006005434349055
 2.4 -11.202533515710169
 2.45 -11.400202646547724
 2.5 -11.597199024862082
 2.55 -11.795164050221683
 2.6 -11.992361058347909
 2.65 -12.190547974047853
 2.7 -12.388515201019302
 2.75 -12.586148886849209
 2.8 -12.78495206759768
 2.85 -12.983139960111936
 2.9 -13.180164052384189
 2.95 -13.38140982968726
 3. -13.587991729519038
 3.05 -13.748565448144147
 3.1 -13.946388949704952
 3.15 -14.105631309363508
 3.2 -14.265641862931957
 3.25 -14.327480058979864
 3.3 -14.56876015152122
 3.35 -15.408587226063528
 3.4 -14.366493217407069
 3.45 -14.830840184090302
 3.5 -15.491256799956973
 3.55 -15.08590860343708
 3.6 -14.521220023334417
 3.65 -15.177570970206268
 3.7 -15.243573846224916
 3.75 -14.298821248971128
 3.8 -14.734236479651594
 3.85 -14.005123524718211
 3.9 -14.439585716872577
 3.95 -14.241598280353232
 4. -16.070573664146377
 4.05 -14.081251000479101
 4.1 -14.23884749929139
 4.15 -14.002539335717142
 4.2 -14.149365106463296
 4.25 -13.615386852200016
 4.3 -13.674944210654147
 4.35 -13.89726844353344
 4.4 -13.458828686379686
 4.45 -14.597608369197872
 4.5 -14.637898821310454
 zone T = "ep =  0.007943282347242814 ",
 1. -5.621085700358946
 1.05 -5.835197167197328
 1.1 -6.051156861651136
 1.15 -6.229779883479017
 1.2 -6.442320339476545
 1.25 -6.644585061148105
 1.3 -6.832698097536086
 1.3499999999999999 -7.039657883083946
 1.4 -7.232709268007636
 1.45 -7.435255008450148
 1.5 -7.643591959038046
 1.55 -7.842263505298083
 1.6 -8.042651901890345
 1.65 -8.24400770326288
 1.7 -8.4382789602568
 1.75 -8.639986748859492
 1.8 -8.838314078252697
 1.8499999999999999 -9.04153286931482
 1.9000000000000001 -9.239688054392742
 1.95 -9.435789596692288
 2. -9.633100292677499
 2.05 -9.83208949656324
 2.1 -10.030055733987552
 2.15 -10.226646961213788
 2.2 -10.424287835856251
 2.25 -10.620775742293835
 2.3 -10.817444081940108
 2.35 -11.013651086866272
 2.4 -11.209887994432195
 2.45 -11.407217981348829
 2.5 -11.60381586397067
 2.55 -11.801409668022446
 2.6 -11.998219462528738
 2.65 -12.196066997197011
 2.7 -12.393784902674922
 2.75 -12.591180531873398
 2.8 -12.789874533855278
 2.85 -12.988257341883246
 2.9 -13.186252338813725
 2.95 -13.388760391722228
 3. -13.598414470622812
 3.05 -13.76176977195657
 3.1 -13.967328611197226
 3.15 -14.136900475824588
 3.2 -14.303645117871481
 3.25 -14.369481695579593
 3.3 -14.638226220106136
 3.35 -15.066164545241321
 3.4 -14.408394249174371
 3.45 -14.972601373033722
 3.5 -15.081341847562772
 3.55 -14.901031177977744
 3.6 -14.560466561193305
 3.65 -14.933400471121065
 3.7 -14.893891929837391
 3.75 -14.264532199008155
 3.8 -14.618380278056055
 3.85 -13.981534112499027
 3.9 -14.358680393602794
 3.95 -14.202661442544342
 4. -15.327800453300485
 4.05 -14.058339207729365
 4.1 -14.294792375889068
 4.15 -14.002312055564424
 4.2 -14.190577183079165
 4.25 -13.619006513899103
 4.3 -13.682204184857774
 4.35 -13.867396413928866
 4.4 -13.459587772036574
 4.45 -14.628510054643845
 4.5 -14.546721064762949
 zone T = "ep =  0.006309573444801929 ",
 1. -5.621220265770368
 1.05 -5.835177268198659
 1.1 -6.0509491158844675
 1.15 -6.229408471325883
 1.2 -6.441719996578297
 1.25 -6.64375781528666
 1.3 -6.831677527098948
 1.3499999999999999 -7.0384005183036376
 1.4 -7.23128324505139
 1.45 -7.433668640757114
 1.5 -7.641883754992455
 1.55 -7.840570646580022
 1.6 -8.041084915021816
 1.65 -8.242708519486735
 1.7 -8.437423093429691
 1.75 -8.639711641939108
 1.8 -8.838769560307933
 1.8499999999999999 -9.04285282900509
 1.9000000000000001 -9.24195074589011
 1.95 -9.439013335468385
 2. -9.637278851294832
 2.05 -9.837182923706822
 2.1 -10.035960405270394
 2.15 -10.23321233915996
 2.2 -10.431379350609948
 2.25 -10.628213324085921
 2.3 -10.825074794868689
 2.35 -11.021310299320978
 2.4 -11.217436526981366
 2.45 -11.41453925021248
 2.5 -11.610794816359405
 2.55 -11.80794776817355
 2.6 -12.004226437308864
 2.65 -12.201434178905913
 2.7 -12.398277844732537
 2.75 -12.59478984835295
 2.8 -12.792184071441596
 2.85 -12.989086743709706
 2.9 -13.184094449714348
 2.95 -13.383299570592756
 3. -13.587729236623828
 3.05 -13.74194446617094
 3.1 -13.934565320675638
 3.15 -14.093971060508716
 3.2 -14.23832551066857
 3.25 -14.293013692930858
 3.3 -14.519721593503245
 3.35 -15.656966023218933
 3.4 -14.326200840140691
 3.45 -14.747932519469718
 3.5 -16.857679757182947
 3.55 -15.296876755188983
 3.6 -14.442080474227145
 3.65 -15.449015883119136
 3.7 -15.345796396204072
 3.75 -14.31781987459703
 3.8 -14.79135383182091
 3.85 -14.009875823792765
 3.9 -14.480419051128885
 3.95 -14.246753563774242
 4. -15.357649222999072
 4.05 -14.091545870244085
 4.1 -14.238455949018222
 4.15 -13.972742860079087
 4.2 -14.119890965473273
 4.25 -13.597548717459311
 4.3 -13.660330268895782
 4.35 -13.88698428335669
 4.4 -13.437373247043015
 4.45 -14.469400893723307
 4.5 -14.632370475457083
 zone T = "ep =  0.005011872336272725 ",
 1. -5.62140489190988
 1.05 -5.835248228109617
 1.1 -6.050879160184816
 1.15 -6.229205344088471
 1.2 -6.441332422964668
 1.25 -6.643175268052592
 1.3 -6.830911402828732
 1.3499999999999999 -7.0373993854700005
 1.4 -7.230078664314875
 1.45 -7.4322378266906535
 1.5 -7.640220434643679
 1.55 -7.838755693358735
 1.6 -8.039175492816558
 1.65 -8.240794557257523
 1.7 -8.435655948853867
 1.75 -8.638198792622772
 1.8 -8.837677419275815
 1.8499999999999999 -9.042332632971876
 1.9000000000000001 -9.242166915945788
 1.95 -9.440081082548936
 2. -9.639282695550115
 2.05 -9.84017538560429
 2.1 -10.039929926013377
 2.15 -10.238088526194575
 2.2 -10.437078269540526
 2.25 -10.634590070215927
 2.3 -10.831974094873868
 2.35 -11.028576771320122
 2.4 -11.224905844110895
 2.45 -11.42209516200873
 2.5 -11.618292364224686
 2.55 -11.815315438801612
 2.6 -12.01136739188251
 2.65 -12.20832664095876
 2.7 -12.404944818569088
 2.75 -12.601109325982796
 2.8 -12.798732057609877
 2.85 -12.995608037802953
 2.9 -13.191712012994836
 2.95 -13.391257034749154
 3. -13.598623704349514
 3.05 -13.75558923167111
 3.1 -13.950738957769051
 3.15 -14.113484599149524
 3.2 -14.272642247927433
 3.25 -14.328441951913286
 3.3 -14.583521907919268
 3.35 -15.254264711770018
 3.4 -14.368952820561642
 3.45 -14.874279019002408
 3.5 -15.418347063352684
 3.55 -14.93991175473519
 3.6 -14.49926897097661
 3.65 -15.02757247906832
 3.7 -15.086827745540802
 3.75 -14.293013692930858
 3.8 -14.656966023218933
 3.85 -13.98727585190392
 3.9 -14.414612441942882
 3.95 -14.231339389807905
 4. -16.362829735502853
 4.05 -14.049299962300562
 4.1 -14.259026014546896
 4.15 -13.977294956592644
 4.2 -14.145872528141757
 4.25 -13.603524583699695
 4.3 -13.663581871603995
 4.35 -13.87197267671821
 4.4 -13.436960948647874
 4.45 -14.540138724726798
 4.5 -14.545925896127192
 zone T = "ep =  0.003981071705534973 ",
 1. -5.621611447084567
 1.05 -5.835374593531061
 1.1 -6.050904862005718
 1.15 -6.229129048088489
 1.2 -6.441117776570608
 1.25 -6.6428079398426645
 1.3 -6.830391322937032
 1.3499999999999999 -7.036679540501401
 1.4 -7.22916864317915
 1.45 -7.431102403016853
 1.5 -7.638829884578297
 1.55 -7.837145989867332
 1.6 -8.037359710677944
 1.65 -8.238809442607858
 1.7 -8.433601691353438
 1.75 -8.636129527232432
 1.8 -8.835725668232564
 1.8499999999999999 -9.04061827964827
 1.9000000000000001 -9.2408724052737
 1.95 -9.439368364904336
 2. -9.639295716914232
 2.05 -9.841045562323917
 2.1 -10.041747977416149
 2.15 -10.240889152781403
 2.2 -10.44086122144136
 2.25 -10.639286819268168
 2.3 -10.837486236600682
 2.35 -11.034763916112338
 2.4 -11.23160936770584
 2.45 -11.429181110398595
 2.5 -11.625573146450561
 2.55 -11.822682527416617
 2.6 -12.018630087603206
 2.65 -12.21539829255127
 2.7 -12.411665191681372
 2.75 -12.607665570583608
 2.8 -12.804687796874845
 2.85 -13.001147219534893
 2.9 -13.196612824649568
 2.95 -13.396988591594026
 3. -13.603252535642278
 3.05 -13.757567797653198
 3.1 -13.954250610094185
 3.15 -14.114758334583652
 3.2 -14.269127950697305
 3.25 -14.333608341248924
 3.3 -14.589628593146509
 3.35 -15.263840096101676
 3.4 -14.352190618766222
 3.45 -14.82275064669868
 3.5 -15.27504831769331
 3.55 -14.975439909164123
 3.6 -14.499031196822353
 3.65 -15.035675223093422
 3.7 -15.046439984429657
 3.75 -14.281338406977154
 3.8 -14.674766038556509
 3.85 -13.98406856018648
 3.9 -14.418347063352684
 3.95 -14.212503199004145
 4. -16.255619765854984
 4.05 -14.05859779331718
 4.1 -14.246620609699454
 4.15 -13.975867294288236
 4.2 -14.120288307204468
 4.25 -13.59395494538398
 4.3 -13.66587954716824
 4.35 -13.876200929256557
 4.4 -13.436034705888872
 4.45 -14.458872026979682
 4.5 -14.540400111723496
 zone T = "ep =  0.003162277660168379 ",
 1. -5.6218191365334595
 1.05 -5.835527392856392
 1.1 -6.050988211357146
 1.15 -6.229137173365913
 1.2 -6.4410269875695665
 1.25 -6.6426044423597705
 1.3 -6.830070225232921
 1.3499999999999999 -7.0362033165148725
 1.4 -7.2285358880930835
 1.45 -7.430277677267149
 1.5 -7.637776673742551
 1.55 -7.8358727692475645
 1.6 -8.035853472613429
 1.65 -8.237070135584698
 1.7 -8.431680511909427
 1.75 -8.63403195781847
 1.8 -8.833530283152715
 1.8499999999999999 -9.038388857070705
 1.9000000000000001 -9.238755837051793
 1.95 -9.437512993672936
 2. -9.637849866939638
 2.05 -9.840170677182632
 2.1 -10.041601795889354
 2.15 -10.241601683763566
 2.2 -10.442521268019354
 2.25 -10.641929900982316
 2.3 -10.841106010913824
 2.35 -11.039288971876266
 2.4 -11.236941497270486
 2.45 -11.435192512234472
 2.5 -11.632091052920211
 2.55 -11.829556042054106
 2.6 -12.02565570464759
 2.65 -12.222436094789963
 2.7 -12.418508966925298
 2.75 -12.613900937894844
 2.8 -12.8105266261645
 2.85 -13.006207372385802
 2.9 -13.200540210260494
 2.95 -13.39987352809997
 3. -13.602196188002635
 3.05 -13.755760923502523
 3.1 -13.948056877409522
 3.15 -14.107267797211957
 3.2 -14.257387680701157
 3.25 -14.31283687858271
 3.3 -14.556107232426672
 3.35 -15.426315993023959
 3.4 -14.325881623307575
 3.45 -14.781676843536564
 3.5 -15.605433706709828
 3.55 -15.178706381263181
 3.6 -14.470512474780373
 3.65 -15.230570045971808
 3.7 -15.185581899247229
 3.75 -14.32017548233506
 3.8 -14.708845828128783
 3.85 -13.998466380887121
 3.9 -14.419137408396836
 3.95 -14.208953921823875
 4. -15.596416888390454
 4.05 -14.065200517138704
 4.1 -14.196932825510345
 4.15 -13.963156014021814
 4.2 -14.118899198698578
 4.25 -13.596595402258242
 4.3 -13.652103261620919
 4.35 -13.866232159179145
 4.4 -13.430132792698299
 4.45 -14.551254729632259
 4.5 -14.67798437385844
 zone T = "ep =  0.0025118864315095794 ",
 1. -5.622014695040728
 1.05 -5.835686203687497
 1.1 -6.051100337419748
 1.15 -6.2291951063921305
 1.2 -6.441016540986494
 1.25 -6.642514042454663
 1.3 -6.829893626627022
 1.3499999999999999 -7.03591308346341
 1.4 -7.228126272949014
 1.45 -7.429718758761552
 1.5 -7.63703463799368
 1.55 -7.834942661338697
 1.6 -8.03471187330614
 1.65 -8.235698492002067
 1.7 -8.43009634176704
 1.75 -8.6322104293042
 1.8 -8.831503002492337
 1.8499999999999999 -9.036167692805027
 1.9000000000000001 -9.236430474874906
 1.95 -9.435183909746936
 2. -9.635625612053792
 2.05 -9.838188395195493
 2.1 -10.040018937607895
 2.15 -10.240600484443567
 2.2 -10.442250347236625
 2.25 -10.64251900967148
 2.3 -10.842647103396832
 2.35 -11.041819128932778
 2.4 -11.24045301778538
 2.45 -11.439643972211227
 2.5 -11.637387263955233
 2.55 -11.835559790940682
 2.6 -12.032265000032222
 2.65 -12.229459468316898
 2.7 -12.425887941428408
 2.75 -12.621463800985325
 2.8 -12.818260680335541
 2.85 -13.014244521682
 2.9 -13.208734575017274
 2.95 -13.408606528469447
 3. -13.614641708496652
 3.05 -13.771186454863885
 3.1 -13.96921943914756
 3.15 -14.126090991996207
 3.2 -14.288013294857679
 3.25 -14.340483859232972
 3.3 -14.58641914669551
 3.35 -15.222950649101616
 3.4 -14.352190618766222
 3.45 -14.875974380225909
 3.5 -15.283648489455228
 3.55 -14.949194738304298
 3.6 -14.502371940079382
 3.65 -15.021989185690522
 3.7 -15.046439984429657
 3.75 -14.274906414577556
 3.8 -14.649507230515825
 3.85 -13.967748084328907
 3.9 -14.375878947644336
 3.95 -14.189993375380142
 4. -16.45973974851091
 4.05 -14.05533369758964
 4.1 -14.237673905922323
 4.15 -13.977724172060197
 4.2 -14.153743865740104
 4.25 -13.600361244085308
 4.3 -13.658370344309908
 4.35 -13.87219714731729
 4.4 -13.43167709697956
 4.45 -14.543812536813794
 4.5 -14.575227589320516
 zone T = "ep =  0.001995262314968879 ",
 1. -5.622190921385111
 1.05 -5.835838252733564
 1.1 -6.051221623354403
 1.15 -6.229277865235008
 1.2 -6.4410531870108505
 1.25 -6.642495501084227
 1.3 -6.829813913261492
 1.3499999999999999 -7.03575336610447
 1.4 -7.227879851704904
 1.45 -7.429362818770259
 1.5 -7.636541802288705
 1.55 -7.834303226894188
 1.6 -8.033901608352885
 1.65 -8.234693321102496
 1.7 -8.428895572992042
 1.75 -8.630777300525958
 1.8 -8.829839149784968
 1.8499999999999999 -9.034252447066882
 1.9000000000000001 -9.234302703476473
 1.95 -9.432892142830804
 2. -9.633224218010668
 2.05 -9.835761254275731
 2.1 -10.037685039205707
 2.15 -10.23851582029354
 2.2 -10.440565819166736
 2.25 -10.641410144822279
 2.3 -10.84227394426798
 2.35 -11.042302351809212
 2.4 -11.241890887077762
 2.45 -11.442081099711727
 2.5 -11.640818089304165
 2.55 -11.83995533318905
 2.6 -12.03750375821845
 2.65 -12.23537893581976
 2.7 -12.432430921475364
 2.75 -12.628631776643392
 2.8 -12.82607943775304
 2.85 -13.022639529089247
 2.9 -13.217994095940265
 2.95 -13.4185445148141
 3. -13.626656414332567
 3.05 -13.777684971437102
 3.1 -13.983778159318486
 3.15 -14.14713930924965
 3.2 -14.316568755310731
 3.25 -14.366142979902682
 3.3 -14.613402636381103
 3.35 -15.020407054680646
 3.4 -14.384192787118378
 3.45 -14.91073648648512
 3.5 -15.055761784841554
 3.55 -14.858222964860898
 3.6 -14.537533471071892
 3.65 -14.91135033037799
 3.7 -14.898638364861853
 3.75 -14.243970040093267
 3.8 -14.595822371553048
 3.85 -13.957176079403546
 3.9 -14.367194540905302
 3.95 -14.1841980601096
 4. -15.605433706709828
 4.05 -14.030552903606196
 4.1 -14.266893633322068
 4.15 -13.980308411313173
 4.2 -14.146716638187671
 4.25 -13.600511357972222
 4.3 -13.658644888440366
 4.35 -13.857083012438387
 4.4 -13.431453239084632
 4.45 -14.584678485119209
 4.5 -14.450714006423999
 zone T = "ep =  0.001584893192461114 ",
 1. -5.622344901275234
 1.05 -5.835976541163875
 1.1 -6.051339973543856
 1.15 -6.229368998355473
 1.2 -6.441113790482125
 1.25 -6.642518720051003
 1.3 -6.829794639334889
 1.3499999999999999 -7.035679316481334
 1.4 -7.22774490122546
 1.45 -7.4291506215370005
 1.5 -7.636231905466067
 1.55 -7.833885646960398
 1.6 -8.033355587872144
 1.65 -8.233996226608026
 1.7 -8.428039232178158
 1.75 -8.629724906447196
 1.8 -8.828578057577866
 1.8499999999999999 -9.03274831401613
 1.9000000000000001 -9.232561690065028
 1.95 -9.430925005399406
 2. -9.631040892868713
 2.05 -9.833392517694566
 2.1 -10.035194134335365
 2.15 -10.236003350785287
 2.2 -10.438143044878911
 2.25 -10.639219945009941
 2.3 -10.840480613772876
 2.35 -11.041071037078945
 2.4 -11.241363785230044
 2.45 -11.442376846313127
 2.5 -11.642013779183346
 2.55 -11.842058078792569
 2.6 -12.040461565323756
 2.65 -12.239095663841718
 2.7 -12.436549041297887
 2.75 -12.632768114443717
 2.8 -12.82972398761113
 2.85 -13.025666094725858
 2.9 -13.218778864395421
 2.95 -13.415435229334994
 3. -13.618348989955331
 3.05 -13.767157186236
 3.1 -13.960327622838633
 3.15 -14.10543918616555
 3.2 -14.251432786157247
 3.25 -14.285389151031529
 3.3 -14.507916713194998
 3.35 -15.997341750611954
 3.4 -14.316724948256814
 3.45 -14.730980273343034
 3.5 -16.76076974417489
 3.55 -15.296876755188983
 3.6 -14.448592387735111
 3.65 -15.747932519469718
 3.7 -15.420325629334773
 3.75 -14.308523169654453
 3.8 -14.792754030181248
 3.85 -13.98903531878812
 3.9 -14.424910832855073
 3.95 -14.214103719104706
 4. -15.488928137638391
 4.05 -14.06765862871275
 4.1 -14.199072211520898
 4.15 -13.945923075570427
 4.2 -14.10085354410504
 4.25 -13.580959521296094
 4.3 -13.64782976809081
 4.35 -13.891772841687756
 4.4 -13.422671990468352
 4.45 -14.46454345691373
 4.5 -14.690731877567135
 zone T = "ep =  0.0012589254117941675 ",
 1. -5.622476461733805
 1.05 -5.836098035451714
 1.1 -6.051448728913867
 1.15 -6.229458548449479
 1.2 -6.441183418208295
 1.25 -6.6425633681754315
 1.3 -6.8298101493120615
 1.3499999999999999 -7.035658080994296
 1.4 -7.227681821129036
 1.45 -7.429034553736849
 1.5 -7.63604836057241
 1.55 -7.833626064591496
 1.6 -8.033003881691661
 1.65 -8.233534099083403
 1.7 -8.427456810381315
 1.75 -8.628991124692988
 1.8 -8.827676283810495
 1.8499999999999999 -9.031643064684731
 1.9000000000000001 -9.231243537323113
 1.95 -9.429383811870895
 2. -9.629262002664921
 2.05 -9.831370965082497
 2.1 -10.032947986104054
 2.15 -10.233578792692189
 2.2 -10.435597136504947
 2.25 -10.636650327308177
 2.3 -10.838005787708171
 2.35 -11.038837510574277
 2.4 -11.239535916940762
 2.45 -11.441122247956223
 2.5 -11.64149966465559
 2.55 -11.84240961569586
 2.6 -12.041770106296172
 2.65 -12.24149448257949
 2.7 -12.439936196046396
 2.75 -12.636911572512819
 2.8 -12.834787643847788
 2.85 -13.031669779391846
 2.9 -13.225855639745024
 2.95 -13.424350039312232
 3. -13.630275155651422
 3.05 -13.772790828299408
 3.1 -13.971189032010464
 3.15 -14.118998273520932
 3.2 -14.263840096101676
 3.25 -14.314543342396727
 3.3 -14.542496890603443
 3.35 -15.436487288877197
 3.4 -14.326200840140691
 3.45 -14.730980273343034
 3.5 -15.576078313357291
 3.55 -15.083162791454397
 3.6 -14.454773861404085
 3.65 -15.482016143222062
 3.7 -15.288013294857677
 3.75 -14.296429259547223
 3.8 -14.72895747284452
 3.85 -13.986106821637069
 3.9 -14.432594082736568
 3.95 -14.226870643378296
 4. -15.48661189491121
 4.05 -14.075655275128351
 4.1 -14.210786133015201
 4.15 -13.958817509320609
 4.2 -14.112409733193958
 4.25 -13.584186563409396
 4.3 -13.642670432096896
 4.35 -13.863142652884449
 4.4 -13.42323061997818
 4.45 -14.439171313709547
 4.5 -14.551522895421517
 zone T = "ep =  0.001 ",
 1. -5.622587012858081
 1.05 -5.8362021953820395
 1.1 -6.051544858510196
 1.15 -6.229541084799682
 1.2 -6.441253109621059
 1.25 -6.642616515581823
 1.3 -6.829843462589677
 1.3499999999999999 -7.035667106990557
 1.4 -7.227662530690018
 1.45 -7.4289796170046225
 1.5 -7.635947887062901
 1.55 -7.833473353894485
 1.6 -8.03278723599526
 1.65 -8.233239810453764
 1.7 -8.427075951884943
 1.75 -8.628499809770666
 1.8 -8.827058968094564
 1.8499999999999999 -9.030869363568293
 1.9000000000000001 -9.230298633973518
 1.95 -9.428249971745034
 2. -9.627914957059827
 2.05 -9.829788277054018
 2.1 -10.031120297951514
 2.15 -10.23151253892576
 2.2 -10.43330483442855
 2.25 -10.634178429756348
 2.3 -10.835413090777147
 2.35 -11.036218635497425
 2.4 -11.23701508565844
 2.45 -11.438837799260886
 2.5 -11.639624368019959
 2.55 -11.841111236357738
 2.6 -12.041234618694267
 2.65 -12.24179937699714
 2.7 -12.44100389205896
 2.75 -12.639127841511584
 2.8 -12.838106555087307
 2.85 -13.035920656545505
 2.9 -13.23091608205201
 2.95 -13.429930002966419
 3. -13.636591688700216
 3.05 -13.786672740380759
 3.1 -13.979732805553759
 3.15 -14.123380094045679
 3.2 -14.281914776646227
 3.25 -14.325562640934143
 3.3 -14.55800905678169
 3.35 -15.182130534206818
 3.4 -14.32222739538878
 3.45 -14.777594672137077
 3.5 -15.545925896127192
 3.55 -15.092383827484891
 3.6 -14.482931411172842
 3.65 -15.147985887455155
 3.7 -15.168592986779023
 3.75 -14.293309634667626
 3.8 -14.701964257498984
 3.85 -13.97908615966754
 3.9 -14.41343972885794
 3.95 -14.217819895360712
 4. -15.347469980093638
 4.05 -14.056533406866103
 4.1 -14.226109168346445
 4.15 -13.965028723305647
 4.2 -14.127503333019465
 4.25 -13.586128551514442
 4.3 -13.65693182814928
 4.35 -13.859747570926812
 4.4 -13.421914997922567
 4.45 -14.487768472111153
 4.5 -14.557464828036407
 zone T = "ep =  0.0007943282347242813 ",
 1. -5.62267875076139
 1.05 -5.836289915785714
 1.1 -6.051627585530871
 1.15 -6.2296141380426775
 1.2 -6.441317961107406
 1.25 -6.64267047232663
 1.3 -6.829883967055239
 1.3499999999999999 -7.035691729034679
 1.4 -7.2276681720590155
 1.45 -7.428961613375345
 1.5 -7.63589967906807
 1.55 -7.833389949604441
 1.6 -8.03266048487018
 1.65 -8.233059899754048
 1.7 -8.42683580181212
 1.75 -8.628182117688961
 1.8 -8.826650980218949
 1.8499999999999999 -9.030347541305096
 1.9000000000000001 -9.229648718249438
 1.95 -9.427453868169023
 2. -9.626947831897754
 2.05 -9.828623294997175
 2.1 -10.029736513974804
 2.15 -10.22989628505672
 2.2 -10.431443249571927
 2.25 -10.632075907863976
 2.3 -10.833086555393162
 2.35 -11.03370728819934
 2.4 -11.234383550004782
 2.45 -11.436176807292956
 2.5 -11.637052004101545
 2.55 -11.838763516841299
 2.6 -12.039297961355462
 2.65 -12.240429034610017
 2.7 -12.44043232743718
 2.75 -12.639249293563715
 2.8 -12.839078067590913
 2.85 -13.037470084944365
 2.9 -13.233681438083796
 2.95 -13.434659283204061
 3. -13.63911143167682
 3.05 -13.788520608212295
 3.1 -13.982329060603657
 3.15 -14.13330147171518
 3.2 -14.28597092537426
 3.25 -14.32492537819045
 3.3 -14.55637841225559
 3.35 -15.376954378194458
 3.4 -14.343796571571854
 3.45 -14.763383359777578
 3.5 -15.378752701600023
 3.55 -15.014135545237313
 3.6 -14.454559236007128
 3.65 -15.321437050344628
 3.7 -15.061799739838872
 3.75 -14.307604351649033
 3.8 -14.721355624998754
 3.85 -13.985232109393934
 3.9 -14.422911315133796
 3.95 -14.217446843527979
 4. -15.836490458113008
 4.05 -14.046104751312354
 4.1 -14.223454471062881
 4.15 -13.950268396408362
 4.2 -14.109007296794779
 4.25 -13.583060138091708
 4.3 -13.64927199536686
 4.35 -13.8607851816255
 4.4 -13.427000143301417
 4.45 -14.456494693697762
 4.5 -14.50598005677768
 zone T = "ep =  0.000630957344480193 ",
 1. -5.622754152703957
 1.05 -5.8363628166636845
 1.1 -6.051697428489149
 1.15 -6.229677037787997
 1.2 -6.4413756767675014
 1.25 -6.642721035636389
 1.3 -6.829925400048628
 1.3499999999999999 -7.035722868850269
 1.4 -7.227686670919186
 1.45 -7.428964575206296
 1.5 -7.635882867095939
 1.55 -7.833349742984045
 1.6 -8.032591369742278
 1.65 -8.232955125085224
 1.7 -8.426690073189256
 1.75 -8.627983420176934
 1.8 -8.82638975533137
 1.8499999999999999 -9.030006743377385
 1.9000000000000001 -9.229216341798107
 1.95 -9.426914690384523
 2. -9.626281012994854
 2.05 -9.827804464900593
 2.1 -10.028743303458846
 2.15 -10.228707361407878
 2.2 -10.430036111022385
 2.25 -10.630436844269717
 2.3 -10.831208648610646
 2.35 -11.031589154876986
 2.4 -11.232052891031088
 2.45 -11.433655718731414
 2.5 -11.63443179568958
 2.55 -11.836134895842987
 2.6 -12.036785687374202
 2.65 -12.238239442813736
 2.7 -12.438798688648589
 2.75 -12.638426054637183
 2.8 -12.839093671078908
 2.85 -13.038884967356662
 2.9 -13.236386605657707
 2.95 -13.438116371961653
 3. -13.64782976809081
 3.05 -13.79944358824018
 3.1 -13.996892712679236
 3.15 -14.151709194244804
 3.2 -14.294940928817454
 3.25 -14.339824338252917
 3.3 -14.59138924886294
 3.35 -15.182130534206818
 3.4 -14.363873295032366
 3.45 -14.831350818460598
 3.5 -15.620890657773653
 3.55 -14.953911714656073
 3.6 -14.492660014366413
 3.65 -15.240941750399172
 3.7 -15.158709752846928
 3.75 -14.284808154982466
 3.8 -14.659710389266776
 3.85 -13.96676994319042
 3.9 -14.399419719822625
 3.95 -14.183507790589076
 4. -15.620890657773653
 4.05 -14.04044502675745
 4.1 -14.242914325244861
 4.15 -13.962395367493329
 4.2 -14.126494049548947
 4.25 -13.584360119219047
 4.3 -13.662957336809601
 4.35 -13.844210524873777
 4.4 -13.423410332173535
 4.45 -14.487074156244798
 4.5 -14.535719048036842
 zone T = "ep =  0.0005011872336272724 ",
 1. -5.622815669605479
 1.05 -5.836422796312901
 1.1 -6.051755569511681
 1.15 -6.229730150734862
 1.2 -6.441425542363904
 1.25 -6.642766210030509
 1.3 -6.829964356030541
 1.3499999999999999 -7.035755197295734
 1.4 -7.227710611773098
 1.45 -7.428978369326044
 1.5 -7.635883850891523
 1.55 -7.833335327988234
 1.6 -8.032557918145748
 1.65 -8.232898064907017
 1.7 -8.426605626072039
 1.75 -8.627863498238
 1.8 -8.826227517243868
 1.8499999999999999 -9.029790365343255
 1.9000000000000001 -9.22893664733147
 1.95 -9.42656004862777
 2. -9.625835284473602
 2.05 -9.82724856951824
 2.1 -10.028056854975727
 2.15 -10.227872033450378
 2.2 -10.429027197491962
 2.25 -10.629234129746385
 2.3 -10.829795002313173
 2.35 -11.029948480623869
 2.4 -11.2301779487762
 2.45 -11.43155416436031
 2.5 -11.632134004459894
 2.55 -11.833699795028428
 2.6 -12.034310690871962
 2.65 -12.235846815973485
 2.7 -12.4366581587045
 2.75 -12.63690177665447
 2.8 -12.838547882285287
 2.85 -13.039800513433267
 2.9 -13.238651680028179
 2.95 -13.443312338442517
 3. -13.655702595364767
 3.05 -13.809140850338252
 3.1 -14.018830666445691
 3.15 -14.179616852208602
 3.2 -14.347134746976336
 3.25 -14.389701881903154
 3.3 -14.686685055146647
 3.35 -14.971894628399474
 3.4 -14.393413823148872
 3.45 -14.98844803745197
 3.5 -15.034858111879842
 3.55 -14.838563466735874
 3.6 -14.539877494955372
 3.65 -14.94652214844297
 3.7 -14.896258663116498
 3.75 -14.253859018623372
 3.8 -14.585838150646447
 3.85 -13.951951319082767
 3.9 -14.328281488404384
 3.95 -14.172946572855935
 4. -15.51525707636074
 4.05 -14.042932876687965
 4.1 -14.26287300126167
 4.15 -13.977151978984141
 4.2 -14.12973204763815
 4.25 -13.597250581605012
 4.3 -13.659194497918957
 4.35 -13.843159218425024
 4.4 -13.428533328683447
 4.45 -14.578355091740336
 4.5 -14.485919424158226
 zone T = "ep =  0.0003981071705534973 ",
 1. -5.622865572651201
 1.05 -5.836471767041171
 1.1 -6.051803460931694
 1.15 -6.229774364633058
 1.2 -6.441467741997496
 1.25 -6.642805326552483
 1.3 -6.829999213996212
 1.3499999999999999 -7.0357858077858175
 1.4 -7.227735632020545
 1.45 -7.428996818098472
 1.5 -7.635894057413567
 1.55 -7.833335467342349
 1.6 -8.032545557832893
 1.65 -8.232870270448034
 1.7 -8.42655971025108
 1.75 -8.627794137940729
 1.8 -8.826129954593764
 1.8499999999999999 -9.029656386269142
 1.9000000000000001 -9.228759955927513
 1.95 -9.426332150687749
 2. -9.625544281417723
 2.05 -9.826879751440295
 2.1 -10.027594997138628
 2.15 -10.227300908330243
 2.2 -10.428325426373222
 2.25 -10.628381514814668
 2.3 -10.828770106254256
 2.35 -11.02872573220226
 2.4 -11.228740643655591
 2.45 -11.429875063252858
 2.5 -11.630210201245562
 2.55 -11.831538371982253
 2.6 -12.031930797549977
 2.65 -12.233237796131363
 2.7 -12.433899538236458
 2.75 -12.634109190436693
 2.8 -12.835854992045846
 2.85 -13.037437235485589
 2.9 -13.2369322670984
 2.95 -13.442497663963264
 3. -13.65583900509715
 3.05 -13.812748211033787
 3.1 -14.017103222728677
 3.15 -14.181901415508863
 3.2 -14.34646505604656
 3.25 -14.385106130214005
 3.3 -14.665600392743135
 3.35 -14.97048458014165
 3.4 -14.403025418994515
 3.45 -15.078624667801058
 3.5 -15.07146088505127
 3.55 -14.852821222562618
 3.6 -14.553404706705818
 3.65 -14.94386590479923
 3.7 -14.90464529993259
 3.75 -14.250492899757536
 3.8 -14.617754943920795
 3.85 -13.9526263184134
 3.9 -14.327319950413294
 3.95 -14.170820142849182
 4. -15.551254729632259
 4.05 -14.027813374599265
 4.1 -14.244763513788843
 4.15 -13.976651927711966
 4.2 -14.14703360291302
 4.25 -13.593866220303095
 4.3 -13.653288425263646
 4.35 -13.845317142486412
 4.4 -13.430457453354938
 4.45 -14.53701429051765
 4.5 -14.534169838967532
 zone T = "ep =  0.00031622776601683794 ",
 1. -5.622905874155166
 1.05 -5.836511513428239
 1.1 -6.051842594521052
 1.15 -6.229810781194415
 1.2 -6.4415029255013145
 1.25 -6.6428384785475085
 1.3 -6.830029422137461
 1.3499999999999999 -7.0358133009919035
 1.4 -7.227759399323454
 1.45 -7.429016334184
 1.5 -7.63590830853809
 1.55 -7.833343156576516
 1.6 -8.03254514289718
 1.65 -8.232859795503513
 1.7 -8.426537320439303
 1.75 -8.627756379506108
 1.8 -8.82607359254946
 1.8499999999999999 -9.029575943496287
 1.9000000000000001 -9.228650903506193
 1.95 -9.426188479964342
 2. -9.62535763389459
 2.05 -9.826639569156692
 2.1 -10.027289974508589
 2.15 -10.226918241816465
 2.2 -10.427846397610628
 2.25 -10.62779041416404
 2.3 -10.828043238871437
 2.35 -11.027840523873014
 2.4 -11.227667941239767
 2.45 -11.428586886214495
 2.5 -11.628671824232871
 2.55 -11.829697519151718
 2.6 -12.029753432323458
 2.65 -12.23074687440984
 2.7 -12.431097339162664
 2.75 -12.630580764640019
 2.8 -12.831790444726039
 2.85 -13.031961611286736
 2.9 -13.231737418747915
 2.95 -13.434147179659236
 3. -13.645558767470723
 3.05 -13.79887427050704
 3.1 -14.000422665644985
 3.15 -14.148303780221749
 3.2 -14.302736551678384
 3.25 -14.35371892937064
 3.3 -14.582368402641135
 3.35 -15.10659320229693
 3.4 -14.356620494965195
 3.45 -14.858222964860898
 3.5 -15.324607097134134
 3.55 -15.06006602702987
 3.6 -14.48661189491121
 3.65 -15.06792282489766
 3.7 -15.05661922733509
 3.75 -14.28105050873532
 3.8 -14.689624453723807
 3.85 -13.973592751704336
 3.9 -14.396031189119492
 3.95 -14.195512400754676
 4. -16.107557230399546
 4.05 -14.057736439441205
 4.1 -14.218691597839264
 4.15 -13.961222437049276
 4.2 -14.11397405539642
 4.25 -13.585896215287473
 4.3 -13.646358941777054
 4.35 -13.865071017215584
 4.4 -13.423929918860281
 4.45 -14.448592387735111
 4.5 -14.520969925727792
 zone T = "ep =  0.00025118864315095795 ",
 1. -5.622938308244059
 1.05 -5.836543624802409
 1.1 -6.051874376275073
 1.15 -6.229840536148206
 1.2 -6.441531933950666
 1.25 -6.642866145047961
 1.3 -6.830055037184917
 1.3499999999999999 -7.035837194213935
 1.4 -7.227780795903809
 1.45 -7.429034998204198
 1.5 -7.635923627027144
 1.55 -7.833354217371548
 1.6 -8.032550976393797
 1.65 -8.232859147701902
 1.7 -8.426528927524592
 1.75 -8.627738081308703
 1.8 -8.826043239137228
 1.8499999999999999 -9.029530122852576
 1.9000000000000001 -9.2285863778806
 1.95 -9.426101518591608
 2. -9.625242604918355
 2.05 -9.826489595915314
 2.1 -10.027097447398198
 2.15 -10.226674753302404
 2.2 -10.42754063904705
 2.25 -10.627410722063258
 2.3 -10.827577603510207
 2.35 -11.027277564026559
 2.4 -11.226987902203737
 2.45 -11.427766261153948
 2.5 -11.627721610297321
 2.55 -11.828607606241592
 2.6 -12.028548932327386
 2.65 -12.229404524981648
 2.7 -12.429694885444759
 2.75 -12.629366035009518
 2.8 -12.830579991559985
 2.85 -13.032075154448725
 2.9 -13.232470231801067
 2.95 -13.437744650556446
 3. -13.653186712983569
 3.05 -13.808316347751857
 3.1 -14.018201709808748
 3.15 -14.185466410752491
 3.2 -14.363699194215481
 3.25 -14.395281759283991
 3.3 -14.666648148334328
 3.35 -14.915051726208231
 3.4 -14.406853513254527
 3.45 -15.075924382530477
 3.5 -15.01103342860583
 3.55 -14.825766592721235
 3.6 -14.581792796881722
 3.65 -14.951883876815078
 3.7 -14.88397476797419
 3.75 -14.221442680635516
 3.8 -14.546190790604392
 3.85 -13.955949065453728
 3.9 -14.3066874734438
 3.95 -14.165053124231466
 4. -15.551254729632259
 4.05 -14.036821767743247
 4.1 -14.264116804923972
 4.15 -13.97679474076222
 4.2 -14.140842033883423
 4.25 -13.596654923190549
 4.3 -13.65823313730082
 4.35 -13.83633538063166
 4.4 -13.430741730658275
 4.45 -14.533140094603882
 4.5 -14.488000157623132
 zone T = "ep =  0.00019952623149688788 ",
 1. -5.622964338957834
 1.05 -5.836569474507416
 1.1 -6.051900063961002
 1.15 -6.229864697573268
 1.2 -6.441555651839075
 1.25 -6.642888968928351
 1.3 -6.830076413872243
 1.3499999999999999 -7.035857477889886
 1.4 -7.2277993955556665
 1.45 -7.429051821490231
 1.5 -7.635938335113379
 1.55 -7.833366154361598
 1.6 -8.032559520041799
 1.65 -8.232863497135153
 1.7 -8.426528186247436
 1.75 -8.627730909692183
 1.8 -8.8260281505416
 1.8499999999999999 -9.029504786843694
 1.9000000000000001 -9.228548813980431
 1.95 -9.426048690644068
 2. -9.625170688343365
 2.05 -9.826393644860177
 2.1 -10.026971778148889
 2.15 -10.226512659967241
 2.2 -10.427332102859797
 2.25 -10.62714660361757
 2.3 -10.827243432316626
 2.35 -11.026855321620504
 2.4 -11.22646055008198
 2.45 -11.427107290276581
 2.5 -11.626888963494736
 2.55 -11.827559926502184
 2.6 -12.027208979846115
 2.65 -12.227754357504438
 2.7 -12.427487754711237
 2.75 -12.626557562836025
 2.8 -12.827221720086396
 2.85 -13.026970824183035
 2.9 -13.225944357921199
 2.95 -13.428331284259285
 3. -13.63914425196642
 3.05 -13.78921559072883
 3.1 -13.98844803745197
 3.15 -14.149258857048235
 3.2 -14.303645117871481
 3.25 -14.34147502242143
 3.3 -14.574095876675145
 3.35 -15.248886383196016
 3.4 -14.34999251079768
 3.45 -14.843789696854508
 3.5 -15.340813995685133
 3.55 -15.045602386326433
 3.6 -14.459522655538679
 3.65 -15.15546469803378
 3.7 -15.037314072139704
 3.75 -14.284227935147461
 3.8 -14.65423889035251
 3.85 -13.972247856952418
 3.9 -14.388594458059826
 3.95 -14.200623904325843
 4. -16.719377059016665
 4.05 -14.050567729519505
 4.1 -14.214844414819048
 4.15 -13.958406569865343
 4.2 -14.124683229071819
 4.25 -13.580902112904484
 4.3 -13.649608084597302
 4.35 -13.86928804033537
 4.4 -13.424850713184178
 4.45 -14.470289930844217
 4.5 -14.546721064762949
 zone T = "ep =  0.0001584893192461114 ",
 1. -5.622985185757621
 1.05 -5.836590225613477
 1.1 -6.0519207501717345
 1.15 -6.229884225167232
 1.2 -6.441574923144439
 1.25 -6.642907640977249
 1.3 -6.830094054882309
 1.3499999999999999 -7.0358744292298
 1.4 -7.227815201496756
 1.45 -7.429066484819296
 1.5 -7.63595167571137
 1.55 -7.833377702374033
 1.6 -8.032568895966044
 1.65 -8.232870197037286
 1.7 -8.426531619668793
 1.75 -8.62773024407294
 1.8 -8.826022464505382
 1.8499999999999999 -9.029492668496827
 1.9000000000000001 -9.228528882471508
 1.95 -9.426019302366528
 2. -9.625129471840758
 2.05 -9.826337482434004
 2.1 -10.026897511361966
 2.15 -10.22641638975496
 2.2 -10.427208802179893
 2.25 -10.62699120969092
 2.3 -10.827047606003404
 2.35 -11.02661375528209
 2.4 -11.226164584053652
 2.45 -11.426752316173468
 2.5 -11.626470847147765
 2.55 -11.827071940334713
 2.6 -12.026662298126185
 2.65 -12.22712603635979
 2.7 -12.426895438716194
 2.75 -12.62604771900859
 2.8 -12.826877708410679
 2.85 -13.026794496741756
 2.9 -13.227251882157923
 2.95 -13.4312905057874
 3. -13.645059406162511
 3.05 -13.800203841356693
 3.1 -14.005886515922723
 3.15 -14.165273522349317
 3.2 -14.331502077741723
 3.25 -14.383645701828435
 3.3 -14.63724476323216
 3.35 -15.05490603189097
 3.4 -14.376237128680643
 3.45 -14.935993281699345
 3.5 -15.124281847821525
 3.55 -14.920036509563083
 3.6 -14.562387614166596
 3.65 -14.90464529993259
 3.7 -14.979732805553759
 3.75 -14.245293302792515
 3.8 -14.642174378951129
 3.85 -13.95991525267133
 3.9 -14.357820914830485
 3.95 -14.175760464272429
 4. -15.60240725207964
 4.05 -14.037314072139704
 4.1 -14.274622747368317
 4.15 -13.966979359484071
 4.2 -14.145030055555736
 4.25 -13.58775839466754
 4.3 -13.651123713083917
 4.35 -13.850465576106322
 4.4 -13.419434158993898
 4.45 -14.549649202916841
 4.5 -14.480646847872583
 zone T = "ep =  0.00012589254117941674 ",
 1. -5.623001852326454
 1.05 -5.83660684652667
 1.1 -6.051937359845208
 1.15 -6.229899948397809
 1.2 -6.441590503223188
 1.25 -6.642922814733669
 1.3 -6.83010848370891
 1.3499999999999999 -7.035888421708121
 1.4 -7.227828405231317
 1.45 -7.429078946876214
 1.5 -7.635963304791827
 1.55 -7.833388155949286
 1.6 -8.032577935652725
 1.65 -8.232877500050922
 1.7 -8.426536766230763
 1.75 -8.627732718890085
 1.8 -8.82602161912645
 1.8499999999999999 -9.029487525014334
 1.9000000000000001 -9.2285185135011
 1.95 -9.426002503356344
 2. -9.625104401891207
 2.05 -9.826302032978646
 2.1 -10.026848741865
 2.15 -10.226351489837484
 2.2 -10.427121894119933
 2.25 -10.626877349032478
 2.3 -10.826900516043947
 2.35 -11.02642524262226
 2.4 -11.225917360329209
 2.45 -11.426423373544846
 2.5 -11.626034343666795
 2.55 -11.826497083747638
 2.6 -12.02592592750155
 2.65 -12.226144674164203
 2.7 -12.425596785977698
 2.75 -12.624093559744258
 2.8 -12.824150456835536
 2.85 -13.023243157215404
 2.9 -13.221329793796453
 2.95 -13.423390360479072
 3. -13.631112070862203
 3.05 -13.78140350177873
 3.1 -13.983415431090682
 3.15 -14.134737496345872
 3.2 -14.285534521570762
 3.25 -14.319546069932278
 3.3 -14.562387614166596
 3.35 -15.302887847440898
 3.4 -14.32492537819045
 3.45 -14.753448791252145
 3.5 -15.74373640487611
 3.55 -15.16417264854843
 3.6 -14.455203430659587
 3.65 -15.4303559708257
 3.7 -15.083162791454397
 3.75 -14.313456635351322
 3.8 -14.688152267629654
 3.85 -13.991687957056671
 3.9 -14.403979283823174
 3.95 -14.234301231705413
 4. -15.52524129726734
 4.05 -14.075207133016661
 4.1 -14.232495967007846
 4.15 -13.95991525267133
 4.2 -14.096315815593734
 4.25 -13.581131792017077
 4.3 -13.65061791565662
 4.35 -13.858005600250804
 4.4 -13.422373019978629
 4.45 -14.440415711357218
 4.5 -14.56876015152122
 zone T = "ep =  0.0001 ",
 1. -5.62301515925743
 1.05 -5.8366201365919155
 1.1 -6.0519506667626075
 1.15 -6.229912573012594
 1.2 -6.441603053131262
 1.25 -6.642935087141651
 1.3 -6.830120212898425
 1.3499999999999999 -7.035899877725146
 1.4 -7.227839314796909
 1.45 -7.429089377263609
 1.5 -7.635973223618307
 1.55 -7.833397313005827
 1.6 -8.032586193733943
 1.65 -8.232884667179752
 1.7 -8.426542554576542
 1.75 -8.627736844682355
 1.8 -8.826023690938639
 1.8499999999999999 -9.029486979949057
 1.9000000000000001 -9.228514805621455
 1.95 -9.425994888662037
 2. -9.625091980265791
 2.05 -9.826283675550519
 2.1 -10.026823000831783
 2.15 -10.22631670290664
 2.2 -10.427076251186845
 2.25 -10.626819185670367
 2.3 -10.826828152715473
 2.35 -11.026333178245585
 2.4 -11.225804444930452
 2.45 -11.426290458867571
 2.5 -11.625878328442113
 2.55 -11.826330886262662
 2.6 -12.025741230381895
 2.65 -12.225955765858837
 2.7 -12.42549241914296
 2.75 -12.624299681835724
 2.8 -12.824266054925362
 2.85 -13.0235930099843
 2.9 -13.221907079501506
 2.95 -13.425251668280657
 3. -13.637506268272066
 3.05 -13.790143967486596
 3.1 -13.993910933153472
 3.15 -14.150748719510744
 3.2 -14.314077277803364
 3.25 -14.36178867751676
 3.3 -14.594043688594839
 3.35 -15.11338677406027
 3.4 -14.356620494965195
 3.45 -14.860949241747795
 3.5 -15.189060912366203
 3.55 -14.937948098871786
 3.6 -14.502371940079382
 3.65 -15.053199568076954
 3.7 -14.978297120008603
 3.75 -14.260807878578701
 3.8 -14.644494156594346
 3.85 -13.971753417381516
 3.9 -14.36701910382681
 3.95 -14.20242123541327
 4. -17.45973974851091
 4.05 -14.041687170273404
 4.1 -14.246886558563798
 4.15 -13.965237301464736
 4.2 -14.133916329508164
 4.25 -13.58697181380443
 4.3 -13.648902597370421
 4.35 -13.85502781678329
 4.4 -13.419691506963447
 4.45 -14.58265649186026
 4.5 -14.503331177315077
 zone T = "ep =  0.00007943282347242821 ",
 1. -5.6230257723479875
 1.05 -5.8366307485049544
 1.1 -6.0519613082782
 1.15 -6.229922686201692
 1.2 -6.441613131463993
 1.25 -6.642944973226397
 1.3 -6.830129697684187
 1.3499999999999999 -7.035909190905179
 1.4 -7.227848243292445
 1.45 -7.429097993082671
 1.5 -7.6359815230464
 1.55 -7.833405111756099
 1.6 -8.032593407289191
 1.65 -8.232891173053774
 1.7 -8.426548155308033
 1.75 -8.627741381980137
 1.8 -8.826026897850856
 1.8499999999999999 -9.02948851677687
 1.9000000000000001 -9.228514258622631
 1.95 -9.425991756429442
 2. -9.62508565360363
 2.05 -9.826273267460722
 2.1 -10.026807758884347
 2.15 -10.2262952764574
 2.2 -10.427047208181344
 2.25 -10.626780552657449
 2.3 -10.826776428669234
 2.35 -11.026271946228768
 2.4 -11.225725130230192
 2.45 -11.426192558339128
 2.5 -11.625758330376458
 2.55 -11.826185957400131
 2.6 -12.025555812732838
 2.65 -12.225747934890355
 2.7 -12.425225594947678
 2.75 -12.624020647661137
 2.8 -12.824009770243304
 2.85 -13.023728255887853
 2.9 -13.221191860829581
 2.95 -13.424830675143161
 3. -13.636265519340608
 3.05 -13.789122862110585
 3.1 -13.993688122811568
 3.15 -14.151068641795492
 3.2 -14.306229759210071
 3.25 -14.370895185783905
 3.3 -14.597608369197872
 3.35 -15.142721647462798
 3.4 -14.378572533797437
 3.45 -14.893891929837391
 3.5 -15.30592488416638
 3.55 -14.975439909164123
 3.6 -14.518725504805339
 3.65 -14.9928721281568
 3.7 -14.94188432958088
 3.75 -14.260807878578701
 3.8 -14.639209899987389
 3.85 -13.967398495255935
 3.9 -14.368600594685155
 3.95 -14.192685412859497
 4. -16.380558502463284
 4.05 -14.033961061649926
 4.1 -14.229546369641863
 4.15 -13.987641820141556
 4.2 -14.118602109769945
 4.25 -13.584678485119209
 4.3 -13.650921323418785
 4.35 -13.84579227173056
 4.4 -13.428877020072674
 4.45 -14.647495051710541
 4.5 -14.583810763587982
 zone T = "ep =  0.0000630957344480193 ",
 1. -5.623034229880617
 1.05 -5.836639212864149
 1.1 -6.051969806483219
 1.15 -6.229930773497806
 1.2 -6.441621207132855
 1.25 -6.642952913828539
 1.3 -6.830137338882199
 1.3499999999999999 -7.035916725187584
 1.4 -7.227855504165602
 1.45 -7.429105049722086
 1.5 -7.635988388515899
 1.55 -7.833411647099428
 1.6 -8.032599567414431
 1.65 -8.23289688575339
 1.7 -8.42655328033937
 1.75 -8.627745833961923
 1.8 -8.826030524708345
 1.8499999999999999 -9.029491222768128
 1.9000000000000001 -9.228515563005576
 1.95 -9.425991519353103
 2. -9.625083524611975
 2.05 -9.826268793220278
 2.1 -10.026800354472023
 2.15 -10.226284849047465
 2.2 -10.427032707546328
 2.25 -10.626760774905744
 2.3 -10.826753020886226
 2.35 -11.026237852141746
 2.4 -11.225688265228879
 2.45 -11.426150148329057
 2.5 -11.625711549662928
 2.55 -11.826119316456989
 2.6 -12.025531842091755
 2.65 -12.225704860426388
 2.7 -12.425217572698596
 2.75 -12.624093559744258
 2.8 -12.824240922288281
 2.85 -13.02434136824355
 2.9 -13.22261089939181
 2.95 -13.4271411316562
 3. -13.638521090196837
 3.05 -13.796840322148332
 3.1 -14.006268514787973
 3.15 -14.173732626431434
 3.2 -14.328121084161785
 3.25 -14.388963285667474
 3.3 -14.662472207680192
 3.35 -14.976866164902155
 3.4 -14.385472005957551
 3.45 -14.975439909164123
 3.5 -15.048962515133699
 3.55 -14.883398398305117
 3.6 -14.540923358150529
 3.65 -14.930181075489747
 3.7 -14.910123508991823
 3.75 -14.244366595727488
 3.8 -14.596416888390454
 3.85 -13.954793393457328
 3.9 -14.355252637198515
 3.95 -14.166045797765143
 4. -15.627230835804673
 4.05 -14.035593442755752
 4.1 -14.25971048195714
 4.15 -13.980380415703937
 4.2 -14.159361683640206
 4.25 -13.592154421963873
 4.3 -13.661158153782361
 4.35 -13.842896788976043
 4.4 -13.430619874742238
 4.45 -14.530832058266956
 4.5 -14.492660014366413
 zone T = "ep =  0.000050118723362727245 ",
 1. -5.623040964971692
 1.05 -5.836645958169508
 1.1 -6.051976585010379
 1.15 -6.229937231025553
 1.2 -6.441627664358235
 1.25 -6.642959274877989
 1.3 -6.830143473414537
 1.3499999999999999 -7.035922791557811
 1.4 -7.227861371006682
 1.45 -7.429110778039375
 1.5 -7.635993995034271
 1.55 -7.833417024938599
 1.6 -8.032604685190854
 1.65 -8.23290169267598
 1.7 -8.426557660281407
 1.75 -8.627749749505636
 1.8 -8.82603378416164
 1.8499999999999999 -9.029493683654435
 1.9000000000000001 -9.228516957921878
 1.95 -9.425991521362224
 2. -9.625081757874588
 2.05 -9.826264515970307
 2.1 -10.026792661709813
 2.15 -10.226271999067915
 2.2 -10.427013313703805
 2.25 -10.626732928082237
 2.3 -10.826711971837938
 2.35 -11.026179114147842
 2.4 -11.225600992527871
 2.45 -11.426016714460879
 2.5 -11.625518115590417
 2.55 -11.825843773859752
 2.6 -12.025100596639236
 2.65 -12.225071905308354
 2.7 -12.42431001032636
 2.75 -12.622511267334437
 2.8 -12.822209993701664
 2.85 -13.020659808642039
 2.9 -13.216602443857573
 2.95 -13.418465523456678
 3. -13.626879710189211
 3.05 -13.774580444438067
 3.1 -13.975012944212247
 3.15 -14.119394798982764
 3.2 -14.263563563470935
 3.25 -14.312527331540451
 3.3 -14.543285799960984
 3.35 -15.527773633782736
 3.4 -14.317037502773294
 3.45 -14.71740746615376
 3.5 -15.88570848078319
 3.55 -15.133403887582158
 3.6 -14.426315993023959
 3.65 -15.283648489455228
 3.7 -15.235724937138045
 3.75 -14.303342051228405
 3.8 -14.748354369412457
 3.85 -13.988374683092891
 3.9 -14.40762319796091
 3.95 -14.220440269384017
 4. -15.43443388324614
 4.05 -14.059288108553963
 4.1 -14.195394241460816
 4.15 -13.944064560508375
 4.2 -14.117909691590398
 4.25 -13.57852633225589
 4.3 -13.646358941777054
 4.35 -13.873546412812367
 4.4 -13.417558153995143
 4.45 -14.473415971460144
 4.5 -14.599701358703715
 zone T = "ep =  0.00003981071705534969 ",
 1. -5.623046325868803
 1.05 -5.836651330380884
 1.1 -6.0519819878913905
 1.15 -6.229942382527243
 1.2 -6.44163282232552
 1.25 -6.642964364291901
 1.3 -6.8301483912677625
 1.3499999999999999 -7.0359276685717145
