 zone T = "ep =  1. ",
 1. -3.8534439652119454
 1.05 -4.0767363843281625
 1.1 -4.270391266474579
 1.15 -4.4556378319894225
 1.2 -4.65883940010102
 1.25 -4.8649176081358245
 1.3 -5.066660762819833
 1.3499999999999999 -5.262259960243602
 1.4 -5.4639839165603545
 1.45 -5.665707982928169
 1.5 -5.866142057576347
 1.55 -6.06814728005016
 1.6 -6.267496782359225
 1.65 -6.467735231922367
 1.7 -6.668169695486181
 1.75 -6.868245451303321
 1.8 -7.067784710796175
 1.8499999999999999 -7.268852093251026
 1.9000000000000001 -7.469064695695283
 1.95 -7.668494825848038
 2. -7.868316652368047
 2.05 -8.068812438213667
 2.1 -8.269226952144319
 2.15 -8.469170352084387
 2.2 -8.66928497376023
 2.25 -8.869371999094428
 2.3 -9.069397657072862
 2.35 -9.269402287434009
 2.4 -9.46929006878858
 2.45 -9.66944303308916
 2.5 -9.869415723267567
 2.55 -10.069522335741542
 2.6 -10.26941531813194
 2.65 -10.469570902885966
 2.7 -10.669480986643082
 2.75 -10.86953683305392
 2.8 -11.069511142931331
 2.85 -11.269534135946522
 2.9 -11.469575921613584
 2.95 -11.669569592414396
 3. -11.869548597639742
 3.05 -12.069561874715218
 3.1 -12.269596436254451
 3.15 -12.469624926550841
 3.2 -12.669614145800276
 3.25 -12.869613648120595
 3.3 -13.069616721947817
 3.35 -13.269635608385975
 3.4 -13.46962531610573
 3.45 -13.66962711635453
 3.5 -13.869621057274362
 3.55 -14.069613261447364
 3.6 -14.269606771815106
 3.65 -14.469610211523385
 3.7 -14.669595674583329
 3.75 -14.869577891067133
 3.8 -15.069553084233577
 3.85 -15.26951235429304
 3.9 -15.469454969577312
 3.95 -15.669379529363189
 4. -15.869261145668737
 4.05 -16.069109821542177
 4.1 -16.268891985516078
 4.15 -16.468571618403676
 4.2 -16.668135252132643
 4.25 -16.867500069092213
 4.3 -17.0666289209391
 4.35 -17.265377525130223
 4.4 -17.463620267838674
 4.45 -17.66114489668823
 4.5 -17.857693297512366
 zone T = "ep =  0.7943282347242815 ",
 1. -3.786057307254264
 1.05 -4.002572241231816
 1.1 -4.223889917455955
 1.15 -4.413737372636926
 1.2 -4.60401301581306
 1.25 -4.802563792770602
 1.3 -5.008160172261468
 1.3499999999999999 -5.21341143030784
 1.4 -5.4074071100023895
 1.45 -5.609552215306367
 1.5 -5.812468506537107
 1.55 -6.010128940968421
 1.6 -6.213128109837501
 1.65 -6.411800762338149
 1.7 -6.61167669762726
 1.75 -6.8135533112084445
 1.8 -7.012557869912033
 1.8499999999999999 -7.212910125005965
 1.9000000000000001 -7.413037845541956
 1.95 -7.613205478925639
 2. -7.813471426082313
 2.05 -8.01337845429519
 2.1 -8.213799135564315
 2.15 -8.413781348651998
 2.2 -8.613915132235114
 2.25 -8.814001407362602
 2.3 -9.013988110752216
 2.35 -9.214018353298954
 2.4 -9.414028993446072
 2.45 -9.614156974790085
 2.5 -9.814157697554059
 2.55 -10.014205779293118
 2.6 -10.214186568670241
 2.65 -10.414276005962185
 2.7 -10.614252531803633
 2.75 -10.814291555743377
 2.8 -11.014295955449468
 2.85 -11.214315941488833
 2.9 -11.41434185816892
 2.95 -11.614352236416796
 3. -11.81434966658962
 3.05 -12.014362760894489
 3.1 -12.214383340571333
 3.15 -12.414402281242623
 3.2 -12.61440287096299
 3.25 -12.814406369519833
 3.3 -13.014411362955219
 3.35 -13.214422833839414
 3.4 -13.41442078268854
 3.45 -13.614424076581939
 3.5 -13.814422501196118
 3.55 -14.014419161707536
 3.6 -14.214415964497952
 3.65 -14.414415247549085
 3.7 -14.614405453279579
 3.75 -14.81439208823606
 3.8 -15.014372240429886
 3.85 -15.214341447923267
 3.9 -15.414297111035914
 3.95 -15.614236149865777
 4. -15.814147897714145
 4.05 -16.01402704716646
 4.1 -16.2138548446621
 4.15 -16.41359791189971
 4.2 -16.613248892940895
 4.25 -16.812760911185645
 4.3 -17.012059324008543
 4.35 -17.211063428831157
 4.4 -17.409666927545576
 4.45 -17.607724702986406
 4.5 -17.80497289217742
 zone T = "ep =  0.6309573444801932 ",
 1. -3.7418719672624685
 1.05 -3.9450485990078588
 1.1 -4.15556012907982
 1.15 -4.369480070000426
 1.2 -4.5702830792927305
 1.25 -4.758287594885039
 1.3 -4.955604065780015
 1.3499999999999999 -5.159970482032667
 1.4 -5.368065198333425
 1.45 -5.560809407454159
 1.5 -5.761103872555096
 1.55 -5.965914168566675
 1.6 -6.162531221336975
 1.65 -6.365267195870866
 1.7 -6.563440460203823
 1.75 -6.76514018745775
 1.8 -6.964624270951568
 1.8499999999999999 -7.164586484619336
 1.9000000000000001 -7.364907680481247
 1.95 -7.5652028068524695
 2. -7.765325157901717
 2.05 -7.965562526298249
 2.1 -8.166105369965829
 2.15 -8.36583461673312
 2.2 -8.56603351509033
 2.25 -8.766166670745777
 2.3 -8.966202672931779
 2.35 -9.166281243976615
 2.4 -9.366325752143995
 2.45 -9.566395697415004
 2.5 -9.766486907368028
 2.55 -9.966514896472736
 2.6 -10.166575167543497
 2.65 -10.366602432121406
 2.7 -10.566621757477009
 2.75 -10.766652018106381
 2.8 -10.96668226440809
 2.85 -11.166704056765015
 2.9 -11.366722773472365
 2.95 -11.566747449523659
 3. -11.76675723565787
 3.05 -11.96677312078301
 3.1 -12.166784684164393
 3.15 -12.366798449439672
 3.2 -12.56680832526814
 3.25 -12.766817130899195
 3.3 -12.966823653777967
 3.35 -13.166831512664025
 3.4 -13.366836786253478
 3.45 -13.566840363660559
 3.5 -13.766842875518913
 3.55 -13.966843858397734
 3.6 -14.166843244986852
 3.65 -14.366841307243593
 3.7 -14.566835646933004
 3.75 -14.76682602875753
 3.8 -14.966811013300442
 3.85 -15.1667878565527
 3.9 -15.366752820386123
 3.95 -15.566707009534605
 4. -15.76664037111611
 4.05 -15.966542803996838
 4.1 -16.166407047379984
 4.15 -16.366203211193877
 4.2 -16.565930898320484
 4.25 -16.765547607032616
 4.3 -16.965000240210323
 4.35 -17.164200495174097
 4.4 -17.363102211850496
 4.45 -17.56155787589298
 4.5 -17.759370809089926
 zone T = "ep =  0.5011872336272724 ",
 1. -3.709944564130887
 1.05 -3.906305756249992
 1.1 -4.108251826955942
 1.15 -4.3121994166956465
 1.2 -4.519895628241121
 1.25 -4.729682953152278
 1.3 -4.924069891413757
 1.3499999999999999 -5.118056282900716
 1.4 -5.316393463611256
 1.45 -5.520600477444119
 1.5 -5.724130305237244
 1.55 -5.919885436234073
 1.6 -6.120940983916061
 1.65 -6.32287074443832
 1.7 -6.521183134251231
 1.75 -6.723641797222483
 1.8 -6.922171733349324
 1.8499999999999999 -7.123085715480823
 1.9000000000000001 -7.323417272110281
 1.95 -7.52319077031036
 2. -7.723363731708334
 2.05 -7.9236111930358035
 2.1 -8.123834076016616
 2.15 -8.324107981347668
 2.2 -8.524261422367983
 2.25 -8.724326614035764
 2.3 -8.924408547210085
 2.35 -9.124513874203604
 2.4 -9.324602295516454
 2.45 -9.524765494675233
 2.5 -9.724772107840158
 2.55 -9.924848552062349
 2.6 -10.124882692631042
 2.65 -10.324949068984132
 2.7 -10.524976789845853
 2.75 -10.725019559773344
 2.8 -10.925060482513382
 2.85 -11.125097599541
 2.9 -11.325121052194358
 2.95 -11.525140626377805
 3. -11.725161818554794
 3.05 -11.925185958544272
 3.1 -12.125204112478123
 3.15 -12.325219099015897
 3.2 -12.525233120393532
 3.25 -12.725243474459283
 3.3 -12.92525448946033
 3.35 -13.125265293919961
 3.4 -13.32527303275326
 3.45 -13.525279291842592
 3.5 -13.725284233550823
 3.55 -13.925287750989026
 3.6 -14.125289570566844
 3.65 -14.325289929492564
 3.7 -14.525287245299243
 3.75 -14.725281649103348
 3.8 -14.925271566941566
 3.85 -15.125254006665768
 3.9 -15.325230392074614
 3.95 -15.525195244605815
 4. -15.725143388545494
 4.05 -15.925070924434824
 4.1 -16.124963417013248
 4.15 -16.32480307550816
 4.2 -16.524591559137228
 4.25 -16.724292453754842
 4.3 -16.923868749320185
 4.35 -17.123248961857126
 4.4 -17.322372145919545
 4.45 -17.521163984350128
 4.5 -17.719465830231297
 zone T = "ep =  0.39810717055349726 ",
 1. -3.7180688746524213
 1.05 -3.894817022379929
 1.1 -4.083212553736277
 1.15 -4.2783866526278365
 1.2 -4.475915094611985
 1.25 -4.675393137602038
 1.3 -4.876768863690869
 1.3499999999999999 -5.07917577983566
 1.4 -5.280533222194082
 1.45 -5.482744599994736
 1.5 -5.679899741506739
 1.55 -5.878535992939849
 1.6 -6.07857683955861
 1.65 -6.279492869883382
 1.7 -6.480770639239013
 1.75 -6.678297249768804
 1.8 -6.877297664129275
 1.8499999999999999 -7.077447661420847
 1.9000000000000001 -7.276583554357703
 1.95 -7.476538856765452
 2. -7.676506598239972
 2.05 -7.87631600608753
 2.1 -8.075890417582368
 2.15 -8.275828592987956
 2.2 -8.475816000306077
 2.25 -8.675514501696876
 2.3 -8.875395213182074
 2.35 -9.075291993586632
 2.4 -9.275209491094767
 2.45 -9.475069907473044
 2.5 -9.675029559562793
 2.55 -9.874919346597775
 2.6 -10.074839304756416
 2.65 -10.274785992658053
 2.7 -10.474734337438708
 2.75 -10.674684225482016
 2.8 -10.874640801389244
 2.85 -11.07459624148195
 2.9 -11.27456423317332
 2.95 -11.474529158696187
 3. -11.674498793792687
 3.05 -11.874470950360022
 3.1 -12.074449467262287
 3.15 -12.274429706266368
 3.2 -12.474410795378235
 3.25 -12.674393057291013
 3.3 -12.874378164498397
 3.35 -13.074365383630772
 3.4 -13.27435264365557
 3.45 -13.47434137032463
 3.5 -13.67433074705516
 3.55 -13.874320344365806
 3.6 -14.074311167034185
 3.65 -14.274300898895559
 3.7 -14.474290795753664
 3.75 -14.674279228842533
 3.8 -14.874266918865693
 3.85 -15.074251565790444
 3.9 -15.274231986381292
 3.95 -15.474206365829234
 4. -15.674172336828454
 4.05 -15.874126056869008
 4.1 -16.074061627880898
 4.15 -16.273963622758828
 4.2 -16.473834872079827
 4.25 -16.673656302125632
 4.3 -16.873401415637492
 4.35 -17.073034031897738
 4.4 -17.2725036905876
 4.45 -17.471761979633197
 4.5 -17.67075043900726
 zone T = "ep =  0.31622776601683794 ",
 1. -3.5965154764847833
 1.05 -3.7842047078667793
 1.1 -3.974569188671071
 1.15 -4.163450047574202
 1.2 -4.355646199397438
 1.25 -4.548944434282973
 1.3 -4.742843074814557
 1.3499999999999999 -4.937343930210231
 1.4 -5.132522056316763
 1.45 -5.328705807750781
 1.5 -5.525270018176185
 1.55 -5.722532087851248
 1.6 -5.9198284298015045
 1.65 -6.1176414985624605
 1.7 -6.315532914646045
 1.75 -6.513924686559419
 1.8 -6.712439238371005
 1.8499999999999999 -6.911115789546111
 1.9000000000000001 -7.1100057157009235
 1.95 -7.309015473176702
 2. -7.508158350534536
 2.05 -7.707410560886456
 2.1 -7.906750148259841
 2.15 -8.106161332952185
 2.2 -8.305660717951445
 2.25 -8.505197647918816
 2.3 -8.704803612506305
 2.35 -8.904447815728654
 2.4 -9.104134297315607
 2.45 -9.303857334426135
 2.5 -9.503611381959207
 2.55 -9.703395639429667
 2.6 -9.903202314834097
 2.65 -10.103033727510804
 2.7 -10.302881359828266
 2.75 -10.502747160975956
 2.8 -10.702627768866051
 2.85 -10.902521640011418
 2.9 -11.102427670724106
 2.95 -11.302343920402793
 3. -11.502269329491764
 3.05 -11.702202893991016
 3.1 -11.902144349262343
 3.15 -12.102091995421196
 3.2 -12.30204514636097
 3.25 -12.502003552958858
 3.3 -12.701966384693742
 3.35 -12.901933461481146
 3.4 -13.10190403748123
 3.45 -13.301877971950072
 3.5 -13.501854306183807
 3.55 -13.701832612558421
 3.6 -13.901812970548638
 3.65 -14.101795344713292
 3.7 -14.301778333157333
 3.75 -14.501762476659732
 3.8 -14.701747547129838
 3.85 -14.901731854789276
 3.9 -15.101715557972287
 3.95 -15.301697445765038
 4. -15.501677082262821
 4.05 -15.701650297717944
 4.1 -15.901616254788323
 4.15 -16.101566197250637
 4.2 -16.301501004489158
 4.25 -16.50141852552445
 4.3 -16.7012975553014
 4.35 -16.901120832727013
 4.4 -17.100861556779424
 4.45 -17.300496068263648
 4.5 -17.500028100106167
 zone T = "ep =  0.251188643150958 ",
 1. -3.452556143130426
 1.05 -3.638381905236816
 1.1 -3.822067843369881
 1.15 -4.009795284000245
 1.2 -4.199466219301129
 1.25 -4.388881698155038
 1.3 -4.580267958801591
 1.3499999999999999 -4.772960885665201
 1.4 -4.966762091815649
 1.45 -5.161267714506428
 1.5 -5.356350531601654
 1.55 -5.5523562837130385
 1.6 -5.748907821317879
 1.65 -5.945821170976357
 1.7 -6.143088376755508
 1.75 -6.340837620680308
 1.8 -6.538845281488338
 1.8499999999999999 -6.737172941373423
 1.9000000000000001 -6.935662203281269
 1.95 -7.13438393216538
 2. -7.333288785656378
 2.05 -7.532314086164585
 2.1 -7.731475355742985
 2.15 -7.93073122712628
 2.2 -8.130087381073741
 2.25 -8.329525509147215
 2.3 -8.529033235454873
 2.35 -8.728602198296947
 2.4 -8.928222571524781
 2.45 -9.127889640922607
 2.5 -9.327593110198752
 2.55 -9.527333571133884
 2.6 -9.727104552424832
 2.65 -9.926902782431835
 2.7 -10.12672380808276
 2.75 -10.326566438532815
 2.8 -10.526425789996436
 2.85 -10.726301890433144
 2.9 -10.926192036908565
 2.95 -11.126094670890367
 3. -11.32600798903407
 3.05 -11.525931246897336
 3.1 -11.72586313743205
 3.15 -11.925802514101424
 3.2 -12.125748590059397
 3.25 -12.325700767618073
 3.3 -12.525658143715633
 3.35 -12.725620252847882
 3.4 -12.925586487371824
 3.45 -13.12555647590698
 3.5 -13.325530045857693
 3.55 -13.525505739381105
 3.6 -13.725484054597265
 3.65 -13.925464776508289
 3.7 -14.1254463559815
 3.75 -14.325429480629895
 3.8 -14.525414314378208
 3.85 -14.72539991271323
 3.9 -14.925385713681896
 3.95 -15.125371524071454
 4. -15.325354288858053
 4.05 -15.52533644107352
 4.1 -15.725311022882837
 4.15 -15.925281122998886
 4.2 -16.125245877554672
 4.25 -16.32519110875968
 4.3 -16.525125981801253
 4.35 -16.725038827824434
 4.4 -16.924876023921914
 4.45 -17.12465660936775
 4.5 -17.324379723927766
 zone T = "ep =  0.199526231496888 ",
 1. -3.316717423812728
 1.05 -3.497400059339598
 1.1 -3.67718757523562
 1.15 -3.8610071354229496
 1.2 -4.046230232799876
 1.25 -4.23291306734405
 1.3 -4.421496712962603
 1.3499999999999999 -4.611569541062711
 1.4 -4.8029414593640665
 1.45 -4.995567761590686
 1.5 -5.188911071256359
 1.55 -5.383357883474735
 1.6 -5.578405138064516
 1.65 -5.774199227707906
 1.7 -5.970610479732857
 1.75 -6.1674349767053345
 1.8 -6.364748040588941
 1.8499999999999999 -6.56241983070814
 1.9000000000000001 -6.760438416218314
 1.95 -6.958700313999992
 2. -7.157188236163369
 2.05 -7.355895474057536
 2.1 -7.554783035846022
 2.15 -7.753804195577969
 2.2 -7.952960271578516
 2.25 -8.152226403910879
 2.3 -8.351587507378385
 2.35 -8.551029334759782
 2.4 -8.75054094770212
 2.45 -8.950116441119942
 2.5 -9.149741670355553
 2.55 -9.34941438224842
 2.6 -9.549125159762848
 2.65 -9.74887205712077
 2.7 -9.948649178034993
 2.75 -10.148452373764407
 2.8 -10.348278534706584
 2.85 -10.548125337357057
 2.9 -10.747989829519332
 2.95 -10.94787006058848
 3. -11.147763725856763
 3.05 -11.347669758598105
 3.1 -11.547586546324863
 3.15 -11.747512655098227
 3.2 -11.947446962936429
 3.25 -12.147388761011168
 3.3 -12.347337063068341
 3.35 -12.54729109819383
 3.4 -12.747250271903491
 3.45 -12.947213946214676
 3.5 -13.147181758482562
 3.55 -13.347152916265712
 3.6 -13.5471271641289
 3.65 -13.747103831201862
 3.7 -13.94708347716105
 3.75 -14.147063960326621
 3.8 -14.347046390960232
 3.85 -14.547030492479905
 3.9 -14.74701619379266
 3.95 -14.947001785999294
 4. -15.146987145000177
 4.05 -15.346971699409915
 4.1 -15.54695136713609
 4.15 -15.746930663177068
 4.2 -15.946908106627351
 4.25 -16.146871687812087
 4.3 -16.34682835190569
 4.35 -16.546764279920538
 4.4 -16.746697051847626
 4.45 -16.946552338231637
 4.5 -17.14635295128873
 zone T = "ep =  0.15848931924611132 ",
 1. -3.188639255041262
 1.05 -3.363085824393623
 1.1 -3.538839474653106
 1.15 -3.7176196542987823
 1.2 -3.898819227547947
 1.25 -4.081668791787996
 1.3 -4.266622845587947
 1.3499999999999999 -4.453441944681964
 1.4 -4.641917899386798
 1.45 -4.831750094325385
 1.5 -5.022895116030384
 1.55 -5.215230845967079
 1.6 -5.408592407787831
 1.65 -5.602816885160592
 1.7 -5.797811223760008
 1.75 -5.993533535694477
 1.8 -6.189810929266253
 1.8499999999999999 -6.386612224217404
 1.9000000000000001 -6.583850562957984
 1.95 -6.781475774977089
 2. -6.979424817185855
 2.05 -7.177659649428739
 2.1 -7.3761370708382
 2.15 -7.574819974430765
 2.2 -7.77368331680755
 2.25 -7.9726958665858385
 2.3 -8.171839507628505
 2.35 -8.371095644501478
 2.4 -8.570449764110922
 2.45 -8.7698865368554
 2.5 -8.969395089325937
 2.55 -9.16896582444196
 2.6 -9.368589911337923
 2.65 -9.56826140296553
 2.7 -9.767972175333787
 2.75 -9.96771836695778
 2.8 -10.167495073035505
 2.85 -10.367298506441768
 2.9 -10.56712532787142
 2.95 -10.766972279830906
 3. -10.966837123880065
 3.05 -11.16671771350232
 3.1 -11.366612125623913
 3.15 -11.566518551305952
 3.2 -11.766435615539411
 3.25 -11.96636212781988
 3.3 -12.166296978513156
 3.35 -12.36623913271315
 3.4 -12.566187733829373
 3.45 -12.766142116014628
 3.5 -12.966101736870687
 3.55 -13.166065719340011
 3.6 -13.366033602614412
 3.65 -13.566004786455672
 3.7 -13.765979212350574
 3.75 -13.965956521663966
 3.8 -14.165935348833843
 3.85 -14.365916008453961
 3.9 -14.565899017484995
 3.95 -14.765882561395003
 4. -14.965867604122032
 4.05 -15.165851106866116
 4.1 -15.365833406786122
 4.15 -15.565816121746042
 4.2 -15.765797125183191
 4.25 -15.965770932060744
 4.3 -16.16573982766291
 4.35 -16.36569533227602
 4.4 -16.5656515330823
 4.45 -16.765551585612368
 4.5 -16.965423261629432
 zone T = "ep =  0.1258925411794167 ",
 1. -3.0703535844875693
 1.05 -3.2379703345793938
 1.1 -3.408609510831912
 1.15 -3.5816285903737444
 1.2 -3.75754819457579
 1.25 -3.93595744078624
 1.3 -4.11665540530305
 1.3499999999999999 -4.299494745983605
 1.4 -4.484308507030509
 1.45 -4.670967188258331
 1.5 -4.859218000045234
 1.55 -5.0489604190666215
 1.6 -5.239995914852141
 1.65 -5.432180246717693
 1.7 -5.625395656870023
 1.75 -5.819525733419363
 1.8 -6.014445722138353
 1.8499999999999999 -6.210062218122733
 1.9000000000000001 -6.406274447941767
 1.95 -6.603012687955266
 2. -6.800196764923158
 2.05 -6.997772387108663
 2.1 -7.1956822044157045
 2.15 -7.39388023183097
 2.2 -7.592324602241118
 2.25 -7.790980628763322
 2.3 -7.989819506217788
 2.35 -8.188812957073786
 2.4 -8.387940868288121
 2.45 -8.58718359335365
 2.5 -8.786525294410792
 2.55 -8.98595232647553
 2.6 -9.18545212991486
 2.65 -9.385015720809225
 2.7 -9.5846337375901
 2.75 -9.784299307345453
 2.8 -9.984005788077688
 2.85 -10.183748144844234
 2.9 -10.383521644761244
 2.95 -10.583322146818288
 3. -10.78314628822909
 3.05 -10.982991167031209
 3.1 -11.182854241682287
 3.15 -11.38273320540917
 3.2 -11.58262609829779
 3.25 -11.782531302425818
 3.3 -11.98244736056309
 3.35 -12.182372981257918
 3.4 -12.382306944339723
 3.45 -12.582248402387576
 3.5 -12.782196443749132
 3.55 -12.982150378217106
 3.6 -13.182109275632405
 3.65 -13.382072660218801
 3.7 -13.582040166425472
 3.75 -13.782011116447668
 3.8 -13.981985327316941
 3.85 -14.181961427941092
 3.9 -14.381940176336016
 3.95 -14.581920748131312
 4. -14.78190205099033
 4.05 -14.981882299533112
 4.1 -15.181865866469467
 4.15 -15.381848354704191
 4.2 -15.581832523627694
 4.25 -15.781811168766328
 4.3 -15.981787995705178
 4.35 -16.181755635906903
 4.4 -16.381712424817614
 4.45 -16.5816545995634
 4.5 -16.78156475444923
 zone T = "ep =  0.1 ",
 1. -2.9642340897634543
 1.05 -3.1245602325019903
 1.1 -3.288340955773915
 1.15 -3.455283950799069
 1.2 -3.6251307646813338
 1.25 -3.7979449892463917
 1.3 -3.973508516943081
 1.3499999999999999 -4.151649345439299
 1.4 -4.332123484819158
 1.45 -4.514790923946363
 1.5 -4.699460824220171
 1.55 -4.885944420688019
 1.6 -5.074061960763939
 1.65 -5.263653749915503
 1.7 -5.454564863947855
 1.75 -5.646648556601339
 1.8 -5.839766245175801
 1.8499999999999999 -6.033803089055252
 1.9000000000000001 -6.228637847919745
 1.95 -6.424174162376982
 2. -6.620320250092059
 2.05 -6.816995645281607
 2.1 -7.014128178174461
 2.15 -7.2116563568270715
 2.2 -7.409525262524335
 2.25 -7.607685916223833
 2.3 -7.806098364255086
 2.35 -8.004726765195878
 2.4 -8.20354031993186
 2.45 -8.402513226834786
 2.5 -8.601622357318496
 2.55 -8.800849050692241
 2.6 -9.000176404988661
 2.65 -9.199590909536994
 2.7 -9.39908003039395
 2.75 -9.59863396253268
 2.8 -9.798243698451586
 2.85 -9.997901912269068
 2.9 -10.197602112680592
 2.95 -10.397338794660813
 3. -10.597107189013949
 3.05 -10.79690331800574
 3.1 -10.996723672225473
 3.15 -11.196565184407653
 3.2 -11.396425181681211
 3.25 -11.596301453341155
 3.3 -11.7961920378466
 3.35 -11.996095211168148
 3.4 -12.196009386101839
 3.45 -12.395933320665568
 3.5 -12.595865886115856
 3.55 -12.795806144181963
 3.6 -12.995752988745913
 3.65 -13.195705752250706
 3.7 -13.395663741385066
 3.75 -13.5956262224718
 3.8 -13.795592941211012
 3.85 -13.99556331125915
 3.9 -14.195535813212004
 3.95 -14.39551203365839
 4. -14.595488351506187
 4.05 -14.795466352834303
 4.1 -14.995447561146182
 4.15 -15.195430062157774
 4.2 -15.39541061184776
 4.25 -15.595391455963451
 4.3 -15.795369839498608
 4.35 -15.995345832695216
 4.4 -16.19530993986331
 4.45 -16.395271430119575
 4.5 -16.595195786744718
 zone T = "ep =  0.07943282347242814 ",
 1. -2.873041215973731
 1.05 -3.02539528361265
 1.1 -3.18118483696313
 1.15 -3.3406565319965047
 1.2 -3.5036324486404986
 1.25 -3.669943617785167
 1.3 -3.8394288498389173
 1.3499999999999999 -4.0119215830347335
 1.4 -4.187226213403533
 1.45 -4.365110495985015
 1.5 -4.54540872483365
 1.55 -4.727907561137796
 1.6 -4.912418176315388
 1.65 -5.098758032235593
 1.7 -5.286745652506506
 1.75 -5.4762179247877985
 1.8 -5.6670164457945225
 1.8499999999999999 -5.85899836561853
 1.9000000000000001 -6.052026492842801
 1.95 -6.245975983517651
 2. -6.440735118784647
 2.05 -6.636203434171471
 2.1 -6.832288064391582
 2.15 -7.0289078542304475
 2.2 -7.225991550951286
 2.25 -7.42347560712742
 2.3 -7.621304948774065
 2.35 -7.819431217590827
 2.4 -8.01781290607777
 2.45 -8.216414222746074
 2.5 -8.41520371557907
 2.55 -8.614155191723583
 2.6 -8.813245534885189
 2.65 -9.012455568281565
 2.7 -9.21176824193601
 2.75 -9.4111696070554
 2.8 -9.610647268828625
 2.85 -9.810190948835324
 2.9 -10.009791716165081
 2.95 -10.209441890554018
 3. -10.409134943877868
 3.05 -10.608865330681112
 3.1 -10.808628214792675
 3.15 -11.008419420761362
 3.2 -11.208235348720958
 3.25 -11.408072936129049
 3.3 -11.607929508017541
 3.35 -11.807802761634393
 3.4 -12.007690593777653
 3.45 -12.207591293767793
 3.5 -12.407503320753014
 3.55 -12.607425457702846
 3.6 -12.807356327067232
 3.65 -13.007294938070284
 3.7 -13.207240374550889
 3.75 -13.407191798343675
 3.8 -13.60714873773883
 3.85 -13.80711045779477
 3.9 -14.007075888917916
 3.95 -14.207044070593744
 4. -14.407014831778048
 4.05 -14.60698967878952
 4.1 -14.806967124538742
 4.15 -15.006945387358334
 4.2 -15.206924038306658
 4.25 -15.406904553308816
 4.3 -15.606882090259667
 4.35 -15.806861810488892
 4.4 -16.006831576602448
 4.45 -16.206799280992147
 4.5 -16.406749602977413
 zone T = "ep =  0.06309573444801933 ",
 1. -2.7998258418921003
 1.05 -2.9427963256511847
 1.1 -3.089787447472094
 1.15 -3.240697177059811
 1.2 -3.395586236312349
 1.25 -3.5543018720801993
 1.3 -3.716685725155767
 1.3499999999999999 -3.8825375312748576
 1.4 -4.051672876357831
 1.45 -4.223873089572747
 1.5 -4.398926672299397
 1.55 -4.576614439074153
 1.6 -4.756731260568621
 1.65 -4.939068698656869
 1.7 -5.123434541536663
 1.75 -5.3096427865846305
 1.8 -5.497511621280384
 1.8499999999999999 -5.686876361594174
 1.9000000000000001 -5.87757697188617
 1.95 -6.069467630866654
 2. -6.262412966475851
 2.05 -6.456288675963944
 2.1 -6.650980895520294
 2.15 -6.846387791653523
 2.2 -7.042417380601257
 2.25 -7.238988063450195
 2.3 -7.43602742992533
 2.35 -7.633471755689118
 2.4 -7.831265501136075
 2.45 -8.029360239632414
 2.5 -8.227713682919763
 2.55 -8.426289684313858
 2.6 -8.625056759246776
 2.65 -8.823988246786325
 2.7 -9.02306081790753
 2.75 -9.22225492527611
 2.8 -9.421553569567696
 2.85 -9.620942356091037
 2.9 -9.820408927164014
 2.95 -10.01994266795909
 3. -10.219534562730958
 3.05 -10.419176892621444
 3.1 -10.618863007661865
 3.15 -10.818587190495295
 3.2 -11.018344519918852
 3.25 -11.2181307997052
 3.3 -11.417942365116858
 3.35 -11.61777607935163
 3.4 -11.817629189260112
 3.45 -12.017499308802416
 3.5 -12.217384397815858
 3.55 -12.417282703203684
 3.6 -12.617192666377848
 3.65 -12.817112678133835
 3.7 -13.017041818969492
 3.75 -13.21697876604824
 3.8 -13.416922975588534
 3.85 -13.616873230669311
 3.9 -13.816828730349588
 3.95 -14.01678817433228
 4. -14.216751169146479
 4.05 -14.416719854690882
 4.1 -14.616690944282706
 4.15 -14.81666533398162
 4.2 -15.0166405450094
 4.25 -15.216617855144298
 4.3 -15.416593781783709
 4.35 -15.616573806777248
 4.4 -15.81654457158259
 4.45 -16.01652011598997
 4.5 -16.21647912510124
 zone T = "ep =  0.05011872336272723 ",
 1. -2.7465404895006227
 1.05 -2.8794028266253657
 1.1 -3.0165060604312877
 1.15 -3.1578956148424715
 1.2 -3.303607645117411
 1.25 -3.453581223117585
 1.3 -3.607705173153568
 1.3499999999999999 -3.7658264980232583
 1.4 -3.9277292091175533
 1.45 -4.093211430098593
 1.5 -4.262040539192242
 1.55 -4.433985724415196
 1.6 -4.608821647423037
 1.65 -4.786323389616492
 1.7 -4.966273958777539
 1.75 -5.148467969773031
 1.8 -5.3327048878141206
 1.8499999999999999 -5.518795471793983
 1.9000000000000001 -5.706559506635932
 1.95 -5.895827809224695
 2. -6.086441755703691
 2.05 -6.278254027469796
 2.1 -6.471127976250304
 2.15 -6.664938585225834
 2.2 -6.859572273285021
 2.25 -7.054926014636361
 2.3 -7.250907783605783
 2.35 -7.447435252721931
 2.4 -7.644435775484349
 2.45 -7.8418453786874025
 2.5 -8.039607856185789
 2.55 -8.237674517141066
 2.6 -8.43600283425552
 2.65 -8.634556358037896
 2.7 -8.833303353385272
 2.75 -9.03221681064591
 2.8 -9.231273373605354
 2.85 -9.430453137942346
 2.9 -9.629739007758916
 2.95 -9.829116364904085
 3. -10.028572713707144
 3.05 -10.228097381588883
 3.1 -10.427681197953792
 3.15 -10.627316313125384
 3.2 -10.82699596878667
 3.25 -11.026714405903657
 3.3 -11.226466622790943
 3.35 -11.426248350961735
 3.4 -11.626055857551671
 3.45 -11.82588592621776
 3.5 -12.025735799019602
 3.55 -12.22560306136874
 3.6 -12.425485677310078
 3.65 -12.625381650293031
 3.7 -12.825289428757875
 3.75 -13.025207595859682
 3.8 -13.225135092874497
 3.85 -13.425070528601564
 3.9 -13.625012897965812
 3.95 -13.824961242526463
 4. -14.02491447112293
 4.05 -14.224874039108046
 4.1 -14.424838098878919
 4.15 -14.624805122832365
 4.2 -14.82477573245894
 4.25 -15.024747325141632
 4.3 -15.224720236850224
 4.35 -15.424698246690289
 4.4 -15.624675993289465
 4.45 -15.824644511808534
 4.5 -16.024612036232398
 zone T = "ep =  0.039810717055349734 ",
 1. -2.714040917138662
 1.05 -2.8367572862492607
 1.1 -2.9634875813715116
 1.15 -3.0945685045240316
 1.2 -3.2301742585022692
 1.25 -3.3703647159547496
 1.3 -3.51512018070179
 1.3499999999999999 -3.664332715248359
 1.4 -3.8178561233186503
 1.45 -3.9754873052549127
 1.5 -4.137001638921484
 1.55 -4.302161054424077
 1.6 -4.470723876763183
 1.65 -4.642446063121223
 1.7 -4.817089959193478
 1.75 -4.994426610848048
 1.8 -5.174233966229909
 1.8499999999999999 -5.356300534126626
 1.9000000000000001 -5.540424006435566
 1.95 -5.726412537633167
 2. -5.914084958503789
 2.05 -6.103270756298266
 2.1 -6.293810123129528
 2.15 -6.485554565104211
 2.2 -6.67836726048753
 2.25 -6.872122449722065
 2.3 -7.06670590700729
 2.35 -7.262014348416721
 2.4 -7.457955134015689
 2.45 -7.654445760498962
 2.5 -7.85141303107467
 2.55 -8.048792656556286
 2.6 -8.24652820113741
 2.65 -8.44457064964243
 2.7 -8.64287726340395
 2.75 -8.841411259737157
 2.8 -9.040140810181974
 2.85 -9.239038605621566
 2.9 -9.438081161931082
 2.95 -9.637248375463239
 3. -9.836523013658756
 3.05 -10.035890348465555
 3.1 -10.235337750899852
 3.15 -10.434854414447795
 3.2 -10.634431069418664
 3.25 -10.834059789122346
 3.3 -11.0337337569027
 3.35 -11.233447100227831
 3.4 -11.433194792323466
 3.45 -11.632972453891513
 3.5 -11.832776337662978
 3.55 -12.032603187724895
 3.6 -12.232450296432445
 3.65 -12.432314998233766
 3.7 -12.632195163162612
 3.75 -12.832089089845693
 3.8 -13.031995060590418
 3.85 -13.23191157027332
 3.9 -13.431837039643423
 3.95 -13.631770720870405
 4. -13.831711834383793
 4.05 -14.031659074838792
 4.1 -14.231612778292238
 4.15 -14.431571190985135
 4.2 -14.631534102093005
 4.25 -14.831500622444581
 4.3 -15.031470016779798
 4.35 -15.231438874922135
 4.4 -15.431413065190789
 4.45 -15.63138058674222
 4.5 -15.83135377131707
 zone T = "ep =  0.03162277660168379 ",
 1. -2.7019990022834532
 1.05 -2.8151066721605056
 1.1 -2.931702452523012
 1.15 -3.0523052091136065
 1.2 -3.177317385960028
 1.25 -3.3069773533173015
 1.3 -3.441410316113559
 1.3499999999999999 -3.5806602682039466
 1.4 -3.7246512920151607
 1.45 -3.8732559559366653
 1.5 -4.026285355717602
 1.55 -4.18351427103986
 1.6 -4.344700508234983
 1.65 -4.509588982310572
 1.7 -4.67792404221227
 1.75 -4.849453891052473
 1.8 -5.0239333835953115
 1.8499999999999999 -5.201127499810877
 1.9000000000000001 -5.380810271315342
 1.95 -5.562766710772387
 2. -5.746792633043522
 2.05 -5.932694320038899
 2.1 -6.12028884600681
 2.15 -6.309404394394419
 2.2 -6.4998804691599705
 2.25 -6.6915677971646135
 2.3 -6.884328802988842
 2.35 -7.07803729989775
 2.4 -7.2725785351834595
 2.45 -7.467848859066444
 2.5 -7.6637551950162015
 2.55 -7.860214696284377
 2.6 -8.05715390133941
 2.65 -8.25450823682084
 2.7 -8.452221018409858
 2.75 -8.650242947044836
 2.8 -8.84853115107396
 2.85 -9.04704858415671
 2.9 -9.245763273675488
 2.95 -9.444647723459704
 3. -9.643678320297848
 3.05 -9.842834822001954
 3.1 -10.04209987596488
 3.15 -10.24145862218028
 3.2 -10.44089833362107
 3.25 -10.640408117909228
 3.3 -10.839978633437388
 3.35 -11.039601862941272
 3.4 -11.239270916114586
 3.45 -11.438979890316082
 3.5 -11.638723645213952
 3.55 -11.838497820516501
 3.6 -12.038298638184418
 3.65 -12.238122745653893
 3.7 -12.437967227086231
 3.75 -12.637829667689134
 3.8 -12.837707945746228
 3.85 -13.037599813521513
 3.9 -13.237503840027259
 3.95 -13.437418512642868
 4. -13.637343030834744
 4.05 -13.837275978632881
 4.1 -14.037215747342717
 4.15 -14.237162783471904
 4.2 -14.437115838949497
 4.25 -14.637072062224082
 4.3 -14.837035294080593
 4.35 -15.036998734971467
 4.4 -15.236966834278878
 4.45 -15.436937378881517
 4.5 -15.63690273738342
 zone T = "ep =  0.025118864315095794 ",
 1. -2.7084460536139545
 1.05 -2.8132627393971696
 1.1 -2.9206896853790374
 1.15 -3.0314044217868465
 1.2 -3.1460067831829504
 1.25 -3.2649535441458672
 1.3 -3.3885841990782084
 1.3499999999999999 -3.5171099021381607
 1.4 -3.650623956442449
 1.45 -3.7891188655936276
 1.5 -3.9325009467756704
 1.55 -4.08060875409547
 1.6 -4.233232044208307
 1.65 -4.390129110879263
 1.7 -4.551040797413653
 1.75 -4.715700891445812
 1.8 -4.883843979606559
 1.8499999999999999 -5.055210697352068
 1.9000000000000001 -5.229550458387831
 1.95 -5.406623301354675
 2. -5.586200378964229
 2.05 -5.768064043001515
 2.1 -5.952007743138928
 2.15 -6.137836150074977
 2.2 -6.325365204648264
 2.25 -6.514422022850513
 2.3 -6.704845212685842
 2.35 -6.896484911633981
 2.4 -7.0892029050449965
 2.45 -7.282872583993071
 2.5 -7.477378724540533
 2.55 -7.672617320331561
 2.6 -7.8684949945855855
 2.65 -8.064928614038312
 2.7 -8.261844465952889
 2.75 -8.459177711402777
 2.8 -8.65687151115155
 2.85 -8.854876323971164
 2.9 -9.053149131019797
 2.95 -9.251652706782096
 3. -9.450354948884804
 3.05 -9.649228224659018
 3.1 -9.848248796744423
 3.15 -10.047396301030608
 3.2 -10.246653284887632
 3.25 -10.446004803595386
 3.3 -10.645438046939606
 3.35 -10.844942044455594
 3.4 -11.044507370789129
 3.45 -11.2441259741997
 3.5 -11.44379087548053
 3.55 -11.643496149852211
 3.6 -11.843236631014221
 3.65 -12.043007912179077
 3.7 -12.24280602756009
 3.75 -12.442627722302245
 3.8 -12.64247005204405
 3.85 -12.842330428656927
 3.9 -13.042206785097012
 3.95 -13.242096736378258
 4. -13.44199992436897
 4.05 -13.6419137181135
 4.1 -13.841836756509574
 4.15 -14.041768644660099
 4.2 -14.241708441698833
 4.25 -14.441654499416016
 4.3 -14.641606127840346
 4.35 -14.841562881615399
 4.4 -15.041523863149315
 4.45 -15.24148992997372
 4.5 -15.441448649737131
 zone T = "ep =  0.0199526231496888 ",
 1. -2.7302990389744197
 1.05 -2.828691008075279
 1.1 -2.9285494862607937
 1.15 -3.0306731697533036
 1.2 -3.135816275585439
 1.25 -3.244617978530525
 1.3 -3.357617677103194
 1.3499999999999999 -3.4752312337825626
 1.4 -3.5977588962339255
 1.45 -3.72537721901949
 1.5 -3.8581492276338816
 1.55 -3.996037195475196
 1.6 -4.138923871129393
 1.65 -4.286626501953463
 1.7 -4.438917370864212
 1.75 -4.595540559689781
 1.8 -4.756224847555558
 1.8499999999999999 -4.920694762374752
 1.9000000000000001 -5.088677351103969
 1.95 -5.25990744831734
 2. -5.434130086604233
 2.05 -5.61110169252744
 2.1 -5.7905904877684415
 2.15 -5.972376571717033
 2.2 -6.1562517637111425
 2.25 -6.342019337849094
 2.3 -6.529494090345277
 2.35 -6.718502283908709
 2.4 -6.908881797843489
 2.45 -7.100482197748908
 2.5 -7.293164741691495
 2.55 -7.486802413230478
 2.6 -7.681279647752081
 2.65 -7.876492120015248
 2.7 -8.07234619780727
 2.75 -8.268758484797168
 2.8 -8.465655089902317
 2.85 -8.662970953915371
 2.9 -8.86064907953027
 2.95 -9.05863976026836
 3. -9.256899842984893
 3.05 -9.455391972974656
 3.1 -9.654083919673386
 3.15 -9.852947939182787
 3.2 -10.051960195227943
 3.25 -10.251100240520328
 3.3 -10.45035053242404
 3.35 -10.649696052671523
 3.4 -10.849123923900734
 3.45 -11.048623099090012
 3.5 -11.248184131368157
 3.55 -11.447798873571802
 3.6 -11.647460356672463
 3.65 -11.84716258279495
 3.7 -12.046900319091531
 3.75 -12.246669046559706
 3.8 -12.44646481903938
 3.85 -12.646284430385794
 3.9 -12.84612488568576
 3.95 -13.04598342890449
 4. -13.2458583961123
 4.05 -13.445747645940674
 4.1 -13.645649653244131
 4.15 -13.845561674685424
 4.2 -14.045484548136347
 4.25 -14.245415998332021
 4.3 -14.445353968251824
 4.35 -14.645300267691544
 4.4 -14.845248685420103
 4.45 -15.045207372094106
 4.5 -15.245160496072398
 zone T = "ep =  0.015848931924611134 ",
 1. -2.7639441982856696
 1.05 -2.8579974667607497
 1.1 -2.9522748841969064
 1.15 -3.0476236336185307
 1.2 -3.144882059530771
 1.25 -3.2448085722041595
 1.3 -3.3480905092207784
 1.3499999999999999 -3.4553349509495828
 1.4 -3.567032680168716
 1.45 -3.6835700269649014
 1.5 -3.805209236822828
 1.55 -3.9320966083722957
 1.6 -4.064268878703232
 1.65 -4.201666832241941
 1.7 -4.344151509047781
 1.75 -4.491524254798479
 1.8 -4.643543510409261
 1.8499999999999999 -4.799941838897626
 1.9000000000000001 -4.960438785012536
 1.95 -5.124751483650005
 2. -5.292601349428521
 2.05 -5.463718508517022
 2.1 -5.637844208930943
 2.15 -5.814731954268595
 2.2 -5.994147732840042
 2.25 -6.175869810564014
 2.3 -6.359688526473902
 2.35 -6.54540602969144
 2.4 -6.732836170596021
 2.45 -6.921804484143157
 2.5 -7.112148213112145
 2.55 -7.3037164239622525
 2.6 -7.496369969649772
 2.65 -7.689981475190849
 2.7 -7.884435084376097
 2.75 -8.079626203221817
 2.8 -8.275460994943554
 2.85 -8.471855848646355
 2.9 -8.668736709300239
 2.95 -8.866038355543829
 3. -9.06370365196979
 3.05 -9.261682771915334
 3.1 -9.459932433478949
 3.15 -9.658415175774465
 3.2 -9.857098676251468
 3.25 -10.055955102922539
 3.3 -10.254960536327875
 3.35 -10.454094451742488
 3.4 -10.65333924960524
 3.45 -10.852679835772651
 3.5 -11.0521032843913
 3.55 -11.251598510178127
 3.6 -11.451156002886712
 3.65 -11.650767603309491
 3.7 -11.850426275313465
 3.75 -12.05012585762536
 3.8 -12.249861195304364
 3.85 -12.449627831217224
 3.9 -12.649421792356856
 3.95 -12.84923959431464
 4. -13.049078802261416
 4.05 -13.248936263761165
 4.1 -13.448810110964242
 4.15 -13.648698546971568
 4.2 -13.848598612507057
 4.25 -14.048510496037611
 4.3 -14.248432231019043
 4.35 -14.448362461719073
 4.4 -14.648299779616044
 4.45 -14.848246822881531
 4.5 -15.048198716103078
 zone T = "ep =  0.012589254117941673 ",
 1. -2.805776709865243
 1.05 -2.897535238845476
 1.1 -2.98830347901926
 1.15 -3.0789168146185877
 1.2 -3.1702324494931604
 1.25 -3.263058057150488
 1.3 -3.35816048830074
 1.3499999999999999 -3.45627159944065
 1.4 -3.5580324897565947
 1.45 -3.6640056409037935
 1.5 -3.774651309988238
 1.55 -3.8903174429297724
 1.6 -4.011239434853559
 1.65 -4.137537398912713
 1.7 -4.269226134701735
 1.75 -4.4062274749940125
 1.8 -4.54838674678973
 1.8499999999999999 -4.695491645731559
 1.9000000000000001 -4.847289631828238
 1.95 -5.003504223092605
 2. -5.163847930204416
 2.05 -5.328031941051726
 2.1 -5.495772954388362
 2.15 -5.666797359738348
 2.2 -5.840843492106333
 2.25 -6.017662474392336
 2.3 -6.197018406109944
 2.35 -6.378688073294675
 2.4 -6.562460616399118
 2.45 -6.748137233124092
 2.5 -6.935530988527487
 2.55 -7.124466793749694
 2.6 -7.314781388198377
 2.65 -7.506323416890298
 2.7 -7.698953387361344
 2.75 -7.892543625875906
 2.8 -8.08697804000857
 2.85 -8.28215181355996
 2.9 -8.477970933331278
 2.95 -8.674351622939776
 3. -8.871219685054733
 3.05 -9.068509779836305
 3.1 -9.266164649162771
 3.15 -9.46413435794715
 3.2 -9.662375536952968
 3.25 -9.860850639861246
 3.3 -10.059527261800431
 3.35 -10.25837750022102
 3.4 -10.457377372020675
 3.45 -10.656506296667578
 3.5 -10.85574660219865
 3.55 -11.055083169423401
 3.6 -11.25450302739297
 3.65 -11.453995036595998
 3.7 -11.653549651055792
 3.75 -11.853158595170939
 3.8 -12.052814794021966
 3.85 -12.252512317176409
 3.9 -12.452245777382602
 3.95 -12.652010575859665
 4. -12.851803193954822
 4.05 -13.051619834597066
 4.1 -13.251457801623289
 4.15 -13.451314461037033
 4.2 -13.651187328881461
 4.25 -13.851073568061649
 4.3 -14.050973898730375
 4.35 -14.250886113140037
 4.4 -14.45080698620079
 4.45 -14.650735188721235
 4.5 -14.85067497285783
 zone T = "ep =  0.01 ",
 1. -2.852553273110956
 1.05 -2.943856548451098
 1.1 -3.033062079594606
 1.15 -3.1209517468176284
 1.2 -3.208355176848231
 1.25 -3.2960725163968787
 1.3 -3.3848956872702307
 1.3499999999999999 -3.475607111359589
 1.4 -3.5689324039358628
 1.45 -3.6655501517746027
 1.5 -3.766067606656972
 1.55 -3.8710081658390743
 1.6 -3.9807994154326996
 1.65 -4.095762123188642
 1.7 -4.216105271936301
 1.75 -4.341928289067589
 1.8 -4.473227260811236
 1.8499999999999999 -4.609908591186694
 1.9000000000000001 -4.751804756078327
 1.95 -4.898692695483237
 2. -5.050311217828893
 2.05 -5.206376685115892
 2.1 -5.366595737460741
 2.15 -5.530674921561541
 2.2 -5.698327228277133
 2.25 -5.869276054211792
 2.3 -6.043257332993947
 2.35 -6.220020295083182
 2.4 -6.399327510347039
 2.45 -6.580954552743333
 2.5 -6.764689573930808
 2.55 -6.950332987252099
 2.6 -7.137697226688919
 2.65 -7.326606685776328
 2.7 -7.516897684848127
 2.75 -7.708418518894244
 2.8 -7.901029414525021
 2.85 -8.094602452406896
 2.9 -8.289021343199304
 2.95 -8.48418109203937
 3. -8.679987536233552
 3.05 -8.87635677615066
 3.1 -9.073214493777412
 3.15 -9.270495238464278
 3.2 -9.468141667629528
 3.25 -9.666103762247547
 3.3 -9.864338074558761
 3.35 -10.062806988852524
 3.4 -10.2614780365092
 3.45 -10.46032326482873
 3.5 -10.659318630368416
 3.55 -10.858443497362318
 3.6 -11.057680189836695
 3.65 -11.257013500296123
 3.7 -11.456430432896397
 3.75 -11.655919795381017
 3.8 -11.855471946130143
 3.85 -12.055078758137357
 3.9 -12.254733121536
 3.95 -12.454428835594372
 4. -12.654160817974255
 4.05 -12.85392451051574
 4.1 -13.053715864809567
 4.15 -13.253531502622096
 4.2 -13.453368588610973
 4.25 -13.653223725775117
 4.3 -13.853095193408906
 4.35 -14.052982124604226
 4.4 -14.252881624882672
 4.45 -14.452790057683751
 4.5 -14.652715000406557
 zone T = "ep =  0.007943282347242814 ",
 1. -2.9015512762001547
 1.05 -2.9939611014850467
 1.1 -3.083313597743249
 1.15 -3.1703084217616753
 1.2 -3.2557177930220944
 1.25 -3.340298828638444
 1.3 -3.4248292877359576
 1.3499999999999999 -3.5100903679773268
 1.4 -3.5968343531337466
 1.45 -3.6857911322366608
 1.5 -3.77764818573603
 1.55 -3.8730425736527936
 1.6 -3.9725455559361484
 1.65 -4.076648156782506
 1.7 -4.185748939062311
 1.75 -4.300143882995011
 1.8 -4.420021016966786
 1.8499999999999999 -4.545461594604095
 1.9000000000000001 -4.676446793676291
 1.95 -4.812870340729397
 2. -4.954554422663059
 2.05 -5.101267354125674
 2.1 -5.2527409021747715
 2.15 -5.4086857113294515
 2.2 -5.568803838244897
 2.25 -5.732798107067338
 2.3 -5.900378512492261
 2.35 -6.071266067339144
 2.4 -6.245194781431152
 2.45 -6.42191235537319
 2.5 -6.601180118888035
 2.55 -6.78277265788504
 2.6 -6.966477332924838
 2.65 -7.152093913443442
 2.7 -7.339434316385571
 2.75 -7.528322510095302
 2.8 -7.7185944757394385
 2.85 -7.910098221243883
 2.9 -8.102693742852777
 2.95 -8.296252921619141
 3. -8.490659303781209
 3.05 -8.685807756213768
 3.1 -8.881603995713226
 3.15 -9.077964007760244
 3.2 -9.274813385825329
 3.25 -9.472086599028126
 3.3 -9.669726224775465
 3.35 -9.867682180075578
 3.4 -10.065910952980541
 3.45 -10.264374876805714
 3.5 -10.463041435039052
 3.55 -10.661882612405845
 3.6 -10.860874345111949
 3.65 -11.059995957568185
 3.7 -11.259229697575673
 3.75 -11.458560362747019
 3.8 -11.6579748736209
 3.85 -11.857462063006073
 3.9 -12.0570123359751
 3.95 -12.256617386289282
 4. -12.456270238552014
 4.05 -12.655964678438844
 4.1 -12.855695628872605
 4.15 -13.055457969237212
 4.2 -13.255248270215203
 4.25 -13.455063253998759
 4.3 -13.654897889724229
 4.35 -13.854753343648225
 4.4 -14.05462563249742
 4.45 -14.254510844464281
 4.5 -14.45440885891812
 zone T = "ep =  0.006309573444801929 ",
 1. -2.9505970075153534
 1.05 -3.0453786952825457
 1.1 -3.136311467437655
 1.15 -3.2239897791944214
 1.2 -3.309106863399134
 1.25 -3.3923546100917874
 1.3 -3.474471981104849
 1.3499999999999999 -3.556210644904767
 1.4 -3.638312600472881
 1.45 -3.7215125163329446
 1.5 -3.8065226544181203
 1.55 -3.894029158600103
 1.6 -3.9846806888027895
 1.65 -4.079076968835784
 1.7 -4.177755960333811
 1.75 -4.281180505860793
 1.8 -4.389724230795268
 1.8499999999999999 -4.50366208469064
 1.9000000000000001 -4.623164439264857
 1.95 -4.7482977014456385
 2. -4.8790308218838945
 2.05 -5.01524728626155
 2.1 -5.1567608463681065
 2.15 -5.303332932823915
 2.2 -5.454689721328368
 2.25 -5.610537295267937
 2.3 -5.770574024644122
 2.35 -5.9344997738228455
 2.4 -6.102022147731643
 2.45 -6.272860246585566
 2.5 -6.446746537129931
 2.55 -6.623427483942586
 2.6 -6.8026634271970785
 2.65 -6.984228152492702
 2.7 -7.167908377763728
 2.75 -7.353503350345833
 2.8 -7.54082456877948
 2.85 -7.7296956565045685
 2.9 -7.919952318017565
 2.95 -8.111442329077747
 3. -8.304025495665105
 3.05 -8.49757354051797
 3.1 -8.691969878048582
 3.15 -8.88710925718448
 3.2 -9.082897295505083
 3.25 -9.279249896635635
 3.3 -9.476092576261804
 3.35 -9.673359736290593
 3.4 -9.870993895526922
 3.45 -10.06894491614323
 3.5 -10.26716923639394
 3.55 -10.465629157453776
 3.6 -10.664292092769465
 3.65 -10.863130027060203
 3.7 -11.062118822033897
 3.75 -11.261237777002405
 3.8 -11.460469161832272
 3.85 -11.659797651405954
 3.9 -11.859210247920515
 3.95 -12.058695704446468
 4. -12.258244502930985
 4.05 -12.457848273902204
 4.1 -12.657499888563853
 4.15 -12.857193431516418
 4.2 -13.05692283159483
 4.25 -13.256684537445008
 4.3 -13.456474419989213
 4.35 -13.656286858501229
 4.4 -13.856122867409994
 4.45 -14.055977072074997
 4.5 -14.255846943309312
 zone T = "ep =  0.005011872336272725 ",
 1. -2.9980296739696617
 1.05 -3.0961576674055102
 1.1 -3.189824771807675
 1.15 -3.279499537726627
 1.2 -3.3657764216211397
 1.25 -3.449263533089204
 1.3 -3.5306445375912023
 1.3499999999999999 -3.6106260105085672
 1.4 -3.6899211324329313
 1.45 -3.76924483586797
 1.5 -3.8493019566536617
 1.55 -3.930782607934412
 1.6 -4.0143581498736145
 1.65 -4.100673861874947
 1.7 -4.190340743621629
 1.75 -4.283925742472835
 1.8 -4.381937980367675
 1.8499999999999999 -4.484815339409329
 1.9000000000000001 -4.592910608322188
 1.95 -4.706481141697309
 2. -4.825682725673779
 2.05 -4.950569574905261
 2.1 -5.081100569669573
 2.15 -5.2171509422268905
 2.2 -5.35852769450217
 2.25 -5.504986733771089
 2.3 -5.656249743442162
 2.35 -5.8120191756363235
 2.4 -5.971990462562804
 2.45 -6.135861103065004
 2.5 -6.303336794134324
 2.55 -6.474135103326714
 2.6 -6.6479872668718345
 2.65 -6.824638757586681
 2.7 -7.003849118403708
 2.75 -7.185391490306185
 2.8 -7.369052074276715
 2.85 -7.554629696453242
 2.9 -7.741935516895954
 2.95 -7.930792881577449
 3. -8.121037268237135
 3.05 -8.312516266294352
 3.1 -8.505089530643556
 3.15 -8.698628653634502
 3.2 -8.89301693882558
 3.25 -9.088149046042062
 3.3 -9.283930513267823
 3.35 -9.480277173193297
 3.4 -9.677114484206484
 3.45 -9.87437679134591
 3.5 -10.072006570064397
 3.55 -10.269953637725123
 3.6 -10.46817439930316
 3.65 -10.666631085979374
 3.7 -10.865291116973657
 3.75 -11.0641264320898
 3.8 -11.263112896540239
 3.85 -11.462229718095864
 3.9 -11.661459140303105
 3.95 -11.860785914916997
 4. -12.060197048251373
 4.05 -12.25968118983824
 4.1 -12.45922877027419
 4.15 -12.658831490163422
 4.2 -12.858482169823256
 4.25 -13.058174324175948
 4.3 -13.257903326458521
 4.35 -13.45766428736926
 4.4 -13.657451831474413
 4.45 -13.857266053298547
 4.5 -14.057100775035593
 zone T = "ep =  0.003981071705534973 ",
 1. -3.0426442952661814
 1.05 -3.144816232619432
 1.1 -3.2421022950100684
 1.15 -3.3348276178760354
 1.2 -3.4234681045284754
 1.25 -3.5085283217137735
 1.3 -3.590620333902093
 1.3499999999999999 -3.670393200789428
 1.4 -3.7485211842121067
 1.45 -3.8256894106398365
 1.5 -3.902581625437827
 1.55 -3.9798710382599047
 1.6 -4.058221220954241
 1.65 -4.13827984318364
 1.7 -4.220676639091315
 1.75 -4.306019412055929
 1.8 -4.394885972494563
 1.8499999999999999 -4.487814101386784
 1.9000000000000001 -4.585288205405114
 1.95 -4.6877251340920685
 2. -4.795460238359949
 2.05 -4.9087362520691675
 2.1 -5.027696878233703
 2.15 -5.152386410090128
 2.2 -5.282755603285397
 2.25 -5.418673018807893
 2.3 -5.559940221443871
 2.35 -5.706308702340495
 2.4 -5.857496557851215
 2.45 -6.013203341986609
 2.5 -6.173122142897958
 2.55 -6.336948571776582
 2.6 -6.504386806390961
 2.65 -6.675153189823788
 2.7 -6.8489779734724605
 2.75 -7.025605835215206
 2.8 -7.204795679461126
 2.85 -7.386320130593613
 2.9 -7.569964973467517
 2.95 -7.755528696160216
 3. -7.942822184612644
 3.05 -8.131668561399453
 3.1 -8.321903123331753
 3.15 -8.513373311106426
 3.2 -8.705938651108637
 3.25 -8.899470635059297
 3.3 -9.093852479240551
 3.35 -9.288978768875875
 3.4 -9.48475497883438
 3.45 -9.681096887161319
 3.5 -9.877929902442993
 3.55 -10.075188332759325
 3.6 -10.272814614509953
 3.65 -10.470758494330736
 3.7 -10.668976388334105
 3.75 -10.86743049893447
 3.8 -11.066088219950737
 3.85 -11.264921454572146
 3.9 -11.463905976733473
 3.95 -11.663021082317698
 4. -11.862249046205205
 4.05 -12.06157453842268
 4.1 -12.2609844297001
 4.15 -12.460467538798481
 4.2 -12.660014190323507
 4.25 -12.859615637129462
 4.3 -13.059265608197718
 4.35 -13.258957399447421
 4.4 -13.458685216784716
 4.45 -13.658444695143984
 4.5 -13.858233470114142
 zone T = "ep =  0.003162277660168379 ",
 1. -3.0836323114934467
 1.05 -3.1902870027296886
 1.1 -3.291819710212762
 1.15 -3.388401328330472
 1.2 -3.4803716942004037
 1.25 -3.568110742154278
 1.3 -3.652139457297195
 1.3499999999999999 -3.7330338447919726
 1.4 -3.811418730486424
 1.45 -3.8879432200692325
 1.5 -3.963265570807746
 1.55 -4.0380373663924445
 1.6 -4.112903849910037
 1.65 -4.188496640062424
 1.7 -4.26543466792715
 1.75 -4.344324558960028
 1.8 -4.425758332813912
 1.8499999999999999 -4.510310140247229
 1.9000000000000001 -4.598528648694922
 1.95 -4.690926703513346
 2. -4.787967768391775
 2.05 -4.890051114350317
 2.1 -4.997497520150857
 2.15 -5.110537727062695
 2.2 -5.229305607215894
 2.25 -5.35383739047603
 2.3 -5.484077247012584
 2.35 -5.61988838173279
 2.4 -5.76106800004008
 2.45 -5.907364059640864
 2.5 -6.058491793611802
 2.55 -6.214148443381815
 2.6 -6.374025231771338
 2.65 -6.537816265012304
 2.7 -6.7052245090658715
 2.75 -6.875965329260016
 2.8 -7.049768190857754
 2.85 -7.226377136927181
 2.9 -7.405550561243996
 2.95 -7.587060673226007
 3. -7.770692923723085
 3.05 -7.956245530162816
 3.1 -8.143529158667269
 3.15 -8.332366754335803
 3.2 -8.52259346508686
 3.25 -8.714056611675824
 3.3 -8.906615620853893
 3.35 -9.100141901440596
 3.4 -9.294518600478677
 3.45 -9.48964024334737
 3.5 -9.685412254929712
 3.55 -9.881750369027792
 3.6 -10.078579955924855
 3.65 -10.27583527891303
 3.7 -10.47345873081777
 3.75 -10.671400101128837
 3.8 -10.869615716501427
 3.85 -11.06806779497589
 3.9 -11.266723612786299
 3.95 -11.465555113408193
 4. -11.664538199760125
 4.05 -11.863652014326675
 4.1 -12.062878746417281
 4.15 -12.262203134187754
 4.2 -12.461612052655049
 4.25 -12.661094323656041
 4.3 -12.860639649319001
 4.35 -13.060240967928042
 4.4 -13.259890224390022
 4.45 -13.459579962837982
 4.5 -13.659308164139057
 zone T = "ep =  0.0025118864315095794 ",
 1. -3.120524065130536
 1.05 -3.2318645455948753
 1.1 -3.33802911565518
 1.15 -3.439033932009901
 1.2 -3.5350717413539665
 1.25 -3.626378793397605
 1.3 -3.7133633911650095
 1.3499999999999999 -3.79650814640547
 1.4 -3.8763727748930616
 1.45 -3.953560647999934
 1.5 -4.028700484887871
 1.55 -4.102421956603252
 1.6 -4.175352618725991
 1.65 -4.248106292382066
 1.7 -4.321283339072674
 1.75 -4.395472140044786
 1.8 -4.471249935574492
 1.8499999999999999 -4.549185132103093
 1.9000000000000001 -4.629836035190205
 1.95 -4.713747446062944
 2. -4.801443097476675
 2.05 -4.893414704278351
 2.1 -4.99010813559731
 2.15 -5.09190812385835
 2.2 -5.199123501398565
 2.25 -5.311975206619989
 2.3 -5.430589109737315
 2.35 -5.554994925537748
 2.4 -5.685131523451174
 2.45 -5.820857806432222
 2.5 -5.961967490643765
 2.55 -6.108205710163237
 2.6 -6.259285416290431
 2.65 -6.414902007266168
 2.7 -6.574745219836407
 2.75 -6.73850796076476
 2.8 -6.90589223078494
 2.85 -7.076612616324438
 2.9 -7.250397955675103
 2.95 -7.42699178447015
 3. -7.606152086538258
 3.05 -7.787650742130651
 3.1 -7.971272933730106
 3.15 -8.15681666375923
 3.2 -8.344092420950663
 3.25 -8.532923005249527
 3.3 -8.72314344849751
 3.35 -8.914600976586643
 3.4 -9.107154933577938
 3.45 -9.300676663594572
 3.5 -9.495049256928858
 3.55 -9.690167194828698
 3.6 -9.88593585653073
 3.65 -10.082270940272194
 3.7 -10.279097774229463
 3.75 -10.476350620986128
 3.8 -10.673971858807478
 3.85 -10.871911209986134
 3.9 -11.070124989098806
 3.95 -11.268575353477878
 4. -11.467229747817404
 4.05 -11.666059981925873
 4.1 -11.865041836211434
 4.15 -12.064154627001544
 4.2 -12.263380363505254
 4.25 -12.46270391049029
 4.3 -12.662111930105485
 4.35 -12.861593019400788
 4.4 -13.061138113306297
 4.45 -13.26073887225553
 4.5 -13.460385675694392
 zone T = "ep =  0.001995262314968879 ",
 1. -3.1531318690186847
 1.05 -3.2691555117139868
 1.1 -3.3801141975875413
 1.15 -3.4858809972880853
 1.2 -3.58650095226235
 1.25 -3.6820544184071315
 1.3 -3.7728173049188074
 1.3499999999999999 -3.8591558781386333
 1.4 -3.9415434328520442
 1.45 -4.020521181981698
 1.5 -4.096678615134715
 1.55 -4.170620231489593
 1.6 -4.242957870247954
 1.65 -4.314292154256015
 1.7 -4.385209136626988
 1.75 -4.456279564916049
 1.8 -4.528059468941249
 1.8499999999999999 -4.6010950135074955
 1.9000000000000001 -4.675925256749895
 1.95 -4.753084538473965
 2. -4.833101809907656
 2.05 -4.916496678741023
 2.1 -5.003771709826687
 2.15 -5.095401015553761
 2.2 -5.191815930816546
 2.25 -5.293389237684771
 2.3 -5.400419998346788
 2.35 -5.513121195563675
 2.4 -5.631612227199192
 2.45 -5.755917557430215
 2.5 -5.885971797682814
 2.55 -6.021630403972441
 2.6 -6.162684304699042
 2.65 -6.308876380598454
 2.7 -6.459917764163175
 2.75 -6.615502385079898
 2.8 -6.775318797239869
 2.85 -6.939058953157552
 2.9 -7.106424084578773
 2.95 -7.277128157288089
 3. -7.450899508021834
 3.05 -7.6274812691149
 3.1 -7.8066310984348215
 3.15 -7.98812061247989
 3.2 -8.171734780165663
 3.25 -8.357271428396372
 3.3 -8.54454090623242
 3.35 -8.733365899063724
 3.4 -8.923581344960136
 3.45 -9.115034392081592
 3.5 -9.307584323180984
 3.55 -9.501102425851112
 3.6 -9.69547174760782
 3.65 -9.890586722653843
 3.7 -10.086352714689742
 3.75 -10.282685374710214
 3.8 -10.479510038560722
 3.85 -10.676760914590641
 3.9 -10.874380373420053
 3.95 -11.07231805993919
 4. -11.270530411658159
 4.05 -11.468979530079961
 4.1 -11.667632732914775
 4.15 -11.866461914229308
 4.2 -12.065442818036459
 4.25 -12.264554687272367
 4.3 -12.46377967418261
 4.35 -12.663102322389403
 4.4 -12.86250951667805
 4.45 -13.061990663273551
 4.5 -13.261535138817523
 zone T = "ep =  0.001584893192461114 ",
 1. -3.1814924874679447
 1.05 -3.3020282540255312
 1.1 -3.4177475376535322
 1.15 -3.528403177416367
 1.2 -3.633904133890582
 1.25 -3.7341736352111696
 1.3 -3.8293424411585635
 1.3499999999999999 -3.919639547488041
 1.4 -4.005427443736102
 1.45 -4.087163563950802
 1.5 -4.165379861193148
 1.55 -4.240645519885791
 1.6 -4.313553536927661
 1.65 -4.384694182966754
 1.7 -4.454646193656102
 1.75 -4.52397083544461
 1.8 -4.593209584422121
 1.8499999999999999 -4.662888308800288
 1.9000000000000001 -4.733520966151619
 1.95 -4.805615034696472
 2. -4.879675483591715
 2.05 -4.956206992105226
 2.1 -5.035713237365528
 2.15 -5.11869263163477
 2.2 -5.20563011194977
 2.25 -5.296985229579021
 2.3 -5.3931773751300005
 2.35 -5.49456958492556
 2.4 -5.601452989295665
 2.45 -5.714034135196895
 2.5 -5.832427204813349
 2.55 -5.956652442503422
 2.6 -6.086641048002566
 2.65 -6.222245720456468
 2.7 -6.363255162388409
 2.75 -6.509410457762914
 2.8 -6.660421290422636
 2.85 -6.8159804218881845
 2.9 -6.9757754638676035
 2.95 -7.139497609273429
 3. -7.306847477289677
 3.05 -7.477538539494203
 3.1 -7.651298735039076
 3.15 -7.827870873948039
 3.2 -8.007012353921224
 3.25 -8.188494579724852
 3.3 -8.372102350160018
 3.35 -8.557633353766262
 3.4 -8.744897827618473
 3.45 -8.933718365002347
 3.5 -9.123929830513974
 3.55 -9.315379307285792
 3.6 -9.507926028276385
 3.65 -9.701441238602143
 3.7 -9.895807953264205
 3.75 -10.090920578727076
 3.8 -10.286684432464625
 3.85 -10.483015181280376
 3.9 -10.679838101665593
 3.95 -10.87708738708147
 4. -11.074705416944806
 4.05 -11.272641886487147
 4.1 -11.470853065736774
 4.15 -11.669301140048786
 4.2 -11.867953422866348
 4.25 -12.066781729646912
 4.3 -12.265761847503526
 4.35 -12.464872987571173
 4.4 -12.664097076931146
 4.45 -12.863419300243034
 4.5 -13.06282619620105
 zone T = "ep =  0.0012589254117941675 ",
 1. -3.205809973356861
 1.05 -3.3305604066352705
 1.1 -3.45084602553106
 1.15 -3.5663300647527945
 1.2 -3.6768082251309915
 1.25 -3.782058167552652
 1.3 -3.882063549604046
 1.3499999999999999 -3.9769034821922533
 1.4 -4.066806815544677
 1.45 -4.152122335188294
 1.5 -4.233300610059446
 1.55 -4.310856882663945
 1.6 -4.385353971334034
 1.65 -4.457368116711946
 1.7 -4.52747373112839
 1.75 -4.5962304599061765
 1.8 -4.6641757915652935
 1.8499999999999999 -4.731825921309129
 1.9000000000000001 -4.799677690777705
 1.95 -4.868214229329023
 2. -4.9379107571735705
 2.05 -5.009240307786957
 2.1 -5.082678066002145
 2.15 -5.158703385520452
 2.2 -5.237798700788871
 2.25 -5.320444744396213
 2.3 -5.407111881080259
 2.35 -5.498247726412412
 2.4 -5.5942619325338
 2.45 -5.695509626559736
 2.5 -5.802275526215968
 2.55 -5.914760991928919
 2.6 -6.033076015692874
 2.65 -6.15723745867409
 2.7 -6.287173790963805
 2.75 -6.422735509624082
 2.8 -6.563709542396972
 2.85 -6.709835541601228
 2.9 -6.860822037471739
 2.95 -7.016360861521948
 3. -7.176138876181626
 3.05 -7.339846669960927
 3.1 -7.507184375205268
 3.15 -7.677865070738995
 3.2 -7.851616378093841
 3.25 -8.028180850251877
 3.3 -8.207315677335158
 3.35 -8.388792096782197
 3.4 -8.572394771455949
 3.45 -8.757921279676795
 3.5 -8.945181768115622
 3.55 -9.13399875795832
 3.6 -9.324207053366592
 3.65 -9.51565368651698
 3.7 -9.708197854185295
 3.75 -9.901710767010982
 3.8 -10.096075396673438
 3.85 -10.291186147584343
 3.9 -10.486948314801698
 3.95 -10.683277522762092
 4. -10.880099049636547
 4.05 -11.077347121125706
 4.1 -11.274964033391143
 4.15 -11.472899474875907
 4.2 -11.671109750030027
 4.25 -11.869556982190323
 4.3 -12.06820845417508
 4.35 -12.26703606149642
 4.4 -12.46601549815706
 4.45 -12.66512591561651
 4.5 -12.864350005369552
 zone T = "ep =  0.001 ",
 1. -3.2264015826863823
 1.05 -3.354985553975362
 1.1 -3.479522814344236
 1.15 -3.5996206545679703
 1.2 -3.7149919988623283
 1.25 -3.825292132492471
 1.3 -3.93036863686064
 1.3499999999999999 -4.03014934431725
 1.4 -4.124714677944057
 1.45 -4.2142821968317055
 1.5 -4.299194728581592
 1.55 -4.3798885098078735
 1.6 -4.456876352485001
 1.65 -4.530708135430409
 1.7 -4.601949210371644
 1.75 -4.671160139469009
 1.8 -4.738882510785906
 1.8499999999999999 -4.805634422596735
 1.9000000000000001 -4.871908516005054
 1.95 -4.9381755696792675
 2. -5.00488961636973
 2.05 -5.072494615965796
 2.1 -5.141431192337995
 2.15 -5.2121424987209215
 2.2 -5.285078326454199
 2.25 -5.360696711167775
 2.3 -5.439462380527313
 2.35 -5.521841488995176
 2.4 -5.60829246079767
 2.45 -5.699253184780673
 2.5 -5.795125416897663
 2.55 -5.896257891761668
 2.6 -6.002930162765748
 2.65 -6.115339422882845
 2.7 -6.233592304657808
 2.75 -6.357702962102492
 2.8 -6.487597684823145
 2.85 -6.623125212994052
 2.9 -6.764071059273501
 2.95 -6.910173736304551
 3. -7.061140856376137
 3.05 -7.216663511339453
 3.1 -7.3764279673901685
 3.15 -7.540124333226414
 3.2 -7.707452353680405
 3.25 -7.878124794025045
 3.3 -8.051869022956863
 3.35 -8.228427389914364
 3.4 -8.407556920019019
 3.45 -8.589028716835617
 3.5 -8.772627335142273
 3.55 -8.958150264304146
 3.6 -9.145407579620052
 3.65 -9.334221747480658
 3.7 -9.524427519199552
 3.75 -9.715871891697757
 3.8 -9.908414027906566
 3.85 -10.101925100005065
 3.9 -10.296288081950648
 3.95 -10.491397336887854
 4. -10.687158155287563
 4.05 -10.883486158176128
 4.1 -11.080306610455557
 4.15 -11.277553682937677
 4.2 -11.475169685772773
 4.25 -11.67310430009033
 4.3 -11.871313809875721
 4.35 -12.069760375924576
 4.4 -12.268411232551765
 4.45 -12.46723833658375
 4.5 -12.666217025849233
 zone T = "ep =  0.0007943282347242813 ",
 1. -3.2436499539094106
 1.05 -3.37564202122861
 1.1 -3.5040372379949893
 1.15 -3.628419029863463
 1.2 -3.7484508908880163
 1.25 -3.863696864850303
 1.3 -3.9738912702501334
 1.3499999999999999 -4.078821926226319
 1.4 -4.178418497174942
 1.45 -4.2727525322996645
 1.5 -4.362035535757434
 1.55 -4.446597298615358
 1.6 -4.526874507319226
 1.65 -4.603369673336569
 1.7 -4.676625470065904
 1.75 -4.747197740907993
 1.8 -4.81563384392077
 1.8499999999999999 -4.882461390671556
 1.9000000000000001 -4.948180564562483
 1.95 -5.0132638107484695
 2. -5.078158281021124
 2.05 -5.143291415128375
 2.1 -5.209077882023364
 2.15 -5.275926920055389
 2.2 -5.344249166379291
 2.25 -5.41446228168545
 2.3 -5.4869946896507695
 2.35 -5.562286701143972
 2.4 -5.640788448536037
 2.45 -5.722954147875377
 2.5 -5.809232502221707
 2.55 -5.900053516988098
 2.6 -5.995812571531325
 2.65 -6.096853252920187
 2.7 -6.203450966147165
 2.75 -6.315799563668078
 2.8 -6.434002990471464
 2.85 -6.558073236762714
 2.9 -6.687934852097926
 2.95 -6.823435176308145
 3. -6.964358595204751
 3.05 -7.110442714440082
 3.1 -7.261394415625035
 3.15 -7.416904202608443
 3.2 -7.5766578687315524
 3.25 -7.740345139250457
 3.3 -7.907665450546724
 3.35 -8.07833132013425
 3.4 -8.252069915390553
 3.45 -8.428623423583698
 3.5 -8.607748738254996
 3.55 -8.78921685642948
 3.6 -8.972812246009436
 3.65 -9.15833232779283
 3.7 -9.345587121896992
 3.75 -9.534399043003916
 3.8 -9.724602810250966
 3.85 -9.916045373684856
 3.9 -10.108585885934419
 3.95 -10.302095505538425
 4. -10.496457186825037
 4.05 -10.69156526013122
 4.1 -10.887325020935368
 4.15 -11.083652062939207
 4.2 -11.28047162128663
 4.25 -11.477717876035076
 4.3 -11.675333168363021
 4.35 -11.873267128283551
 4.4 -12.071476039022834
 4.45 -12.269922089389706
 4.5 -12.468572431749495
 zone T = "ep =  0.000630957344480193 ",
 1. -3.257963975546923
 1.05 -3.392927237895992
 1.1 -3.524746036943456
 1.15 -3.6530070229452565
 1.2 -3.777355853478103
 1.25 -3.8972994721050735
 1.3 -4.0124895727375804
 1.3499999999999999 -4.122597071645424
 1.4 -4.22741201350028
 1.45 -4.326857304951442
 1.5 -4.420997859142865
 1.55 -4.510032650528938
 1.6 -4.594293959682287
 1.65 -4.6742097437126935
 1.7 -4.750277897224487
 1.75 -4.82303480934536
 1.8 -4.893026858732628
 1.8499999999999999 -4.960791850783846
 1.9000000000000001 -5.026844344569536
 1.95 -5.091669769009902
 2. -5.155722593130527
 2.05 -5.2194291100377725
 2.1 -5.283192914866954
 2.15 -5.347401924489623
 2.2 -5.412435945518652
 2.25 -5.478674090406216
 2.3 -5.5465014343848695
 2.35 -5.616314233476283
 2.4 -5.688523156532735
 2.45 -5.763553911177113
 2.5 -5.841844688506937
 2.55 -5.923839991173476
 2.6 -6.009980649266233
 2.65 -6.100690303376154
 2.7 -6.196359200569091
 2.75 -6.297326794529811
 2.8 -6.403865166194268
 2.85 -6.516165495376799
 2.9 -6.634329578740054
 2.95 -6.758367680287376
 3. -6.888202962284846
 3.05 -7.023681648982213
 3.1 -7.164587229046908
 3.15 -7.310656586454605
 3.2 -7.461596022824178
 3.25 -7.61709557362404
 3.3 -7.776840654785489
 3.35 -7.940520688868596
 3.4 -8.10783486713058
 3.45 -8.278495509063518
 3.5 -8.452229622531847
 3.55 -8.62877926567234
 3.6 -8.80790122641256
 3.65 -8.98936641850051
 3.7 -9.17295924033575
 3.75 -9.358477058503007
 3.8 -9.545729844044422
 3.85 -9.734539980324657
 3.9 -9.92474213561826
 3.95 -10.116183274279503
 4. -10.308722510112974
 4.05 -10.502230972938708
 4.1 -10.696591614633011
 4.15 -10.891698765844048
 4.2 -11.087457656224123
 4.25 -11.283783918350782
 4.3 -11.48060277885385
 4.35 -11.67784839630584
 4.4 -11.875463056766671
 4.45 -12.073396544616202
 4.5 -12.271604954342603
 zone T = "ep =  0.0005011872336272724 ",
 1. -3.2697493774795032
 1.05 -3.4072602799839635
 1.1 -3.542059581949485
 1.15 -3.673757501418208
 1.2 -3.802008334166848
 1.25 -3.9262943579632865
 1.3 -4.0462181393261805
 1.3499999999999999 -4.161364749989393
 1.4 -4.2714077313516565
 1.45 -4.376132371633429
 1.5 -4.4754541658514775
 1.55 -4.569425514446558
 1.6 -4.658249332599491
 1.65 -4.742249915242039
 1.7 -4.821852276952829
 1.75 -4.897550257274383
 1.8 -4.969873449938479
 1.8499999999999999 -5.0393620411767825
 1.9000000000000001 -5.106544598573709
 1.95 -5.171925388953548
 2. -5.235976780207079
 2.05 -5.299137700267051
 2.1 -5.361816230787068
 2.15 -5.424394913288132
 2.2 -5.487237641619518
 2.25 -5.550697288408665
 2.3 -5.615123438455684
 2.35 -5.680869585978886
 2.4 -5.748299353372243
 2.45 -5.817791221420263
 2.5 -5.889741244101086
 2.55 -5.964563188299157
 2.6 -6.042685538073722
 2.65 -6.124544930042172
 2.7 -6.2105758414517656
 2.75 -6.301196793179005
 2.8 -6.39679391202269
 2.85 -6.497703340920751
 2.9 -6.604194501022229
 2.95 -6.716456436920532
 3. -6.834589230689941
 3.05 -6.958601770240324
 3.1 -7.088416112414939
 3.15 -7.223877593464578
 3.2 -7.364768988595257
 3.25 -7.51082660758385
 3.3 -7.661756289788762
 3.35 -7.817247699621286
 3.4 -7.976985953297017
 3.45 -8.14066023225665
 3.5 -8.307969532803716
 3.55 -8.478626017290804
 3.6 -8.652356566367365
 3.65 -8.82890313498785
 3.7 -9.00802242954741
 3.75 -9.189485293454696
 3.8 -9.37307607533664
 3.85 -9.55859209336743
 3.9 -9.745843276382633
 3.95 -9.934651981627345
 4. -10.124852883406204
 4.05 -10.316292888406569
 4.1 -10.508831107436897
 4.15 -10.702338671873433
 4.2 -10.89669846798411
 4.25 -11.091804848570183
 4.3 -11.287563047196945
 4.35 -11.483888713859507
 4.4 -11.68070698181456
 4.45 -11.877952115497528
 4.5 -12.075566398681639
 zone T = "ep =  0.0003981071705534973 ",
 1. -3.27938870763274
 1.05 -3.4190537458391645
 1.1 -3.55640585694614
 1.15 -3.691092178227683
 1.2 -3.822795303734554
 1.25 -3.951000147847002
 1.3 -4.0752918089934145
 1.3499999999999999 -4.195203456250285
 1.4 -4.310323235104054
 1.45 -4.420321903566589
 1.5 -4.524976580487954
 1.55 -4.624190030932905
 1.6 -4.718019697968958
 1.65 -4.806660685625358
 1.7 -4.890435327331026
 1.75 -4.969766008773928
 1.8 -5.045141532524583
 1.8499999999999999 -5.117087711282839
 1.9000000000000001 -5.186138292616144
 1.95 -5.252814989653075
 2. -5.317612912284995
 2.05 -5.380993262094129
 2.1 -5.443381639252106
 2.15 -5.505170368089927
 2.2 -5.566723559196841
 2.25 -5.628383830686905
 2.3 -5.69047990416488
 2.35 -5.7533343511129
 2.4 -5.817271069170062
 2.45 -5.882622063530785
 2.5 -5.949733158909436
 2.55 -6.018968212825925
 2.6 -6.0907113390894585
 2.65 -6.165366600212973
 2.7 -6.243354622666136
 2.75 -6.3251057003705276
 2.8 -6.411049201445618
 2.85 -6.5015995382409475
 2.9 -6.59713953807436
 2.95 -6.698002694951818
 3. -6.804456306358759
 3.05 -6.916687711822784
 3.1 -7.034795627268967
 3.15 -7.158787844155911
 3.2 -7.288585539060423
 3.25 -7.424033341803301
 3.3 -7.564913459346567
 3.35 -7.710961745577444
 3.4 -7.861883672828426
 3.45 -8.017368609921135
 3.5 -8.177101435639052
 3.55 -8.340771138912928
 3.6 -8.508076560951663
 3.65 -8.67872973974379
 3.7 -8.852457454857136
 3.75 -9.029001578457096
 3.8 -9.208118749765164
 3.85 -9.389579765795078
 3.9 -9.573168920658489
 3.95 -9.75868350148878
 4. -9.945933418378399
 4.05 -10.134741005835929
 4.1 -10.324940901679796
 4.15 -10.516380010887897
 4.2 -10.708917415942832
 4.25 -10.90242423333934
 4.3 -11.096783355840817
 4.35 -11.291889129913006
 4.4 -11.487646792366059
 4.45 -11.683971948972816
 4.5 -11.880789786878715
 zone T = "ep =  0.00031622776601683794 ",
 1. -3.2872293870923732
 1.05 -3.428694706344755
 1.1 -3.5682034496540695
 1.15 -3.7054468364340347
 1.2 -3.8401484183661196
 1.25 -3.971816190325411
 1.3 -4.100044228637268
 1.3499999999999999 -4.224345870417407
 1.4 -4.344257840059003
 1.45 -4.459367447836171
 1.5 -4.569336662029472
 1.55 -4.673929604770529
 1.6 -4.7730550289611635
 1.65 -4.866762413928963
 1.7 -4.955245411893227
 1.75 -5.038824556390408
 1.8 -5.117918232670783
 1.8499999999999999 -5.193013093106925
 1.9000000000000001 -5.264630443169722
 1.95 -5.333299709104842
 2. -5.3995363878144325
 2.05 -5.463827793890571
 2.1 -5.526625687364576
 2.15 -5.588344279985956
 2.2 -5.6493623106699005
 2.25 -5.7100278717678545
 2.3 -5.770664987329781
 2.35 -5.831580997046025
 2.4 -5.893074229710133
 2.45 -5.955441514858327
 2.5 -6.01898522460862
 2.55 -6.084019548096948
 2.6 -6.1508756788423735
 2.65 -6.219905532975718
 2.7 -6.291483523018332
 2.75 -6.366005861167838
 2.8 -6.4438868402217855
 2.85 -6.5255516542381224
 2.9 -6.611425573494655
 2.95 -6.701919720045302
 3. -6.797414282483128
 3.05 -6.898240640755628
 3.1 -7.004664395515589
 3.15 -7.116871528866827
 3.2 -7.234959667437121
 3.25 -7.358935729995981
 3.3 -7.488720192437203
 3.35 -7.624157122375522
 3.4 -7.76502827582233
 3.45 -7.911069143642113
 3.5 -8.061984906801152
 3.55 -8.217464699018073
 3.6 -8.377193209388773
 3.65 -8.540859275188556
 3.7 -8.708161614015646
 3.75 -8.878812163200834
 3.8 -9.052537624644538
 3.85 -9.22907980492914
 3.9 -9.408195293409818
 3.95 -9.589654835456521
 4. -9.773242699833332
 4.05 -9.958756152348014
 4.1 -10.146005061509795
 4.15 -10.334811763652931
 4.2 -10.525010851881454
 4.25 -10.716449238459058
 4.3 -10.90898596638491
 4.35 -11.102492203460818
 4.4 -11.296850797922975
 4.45 -11.491956062803112
 4.5 -11.687713360507816
 zone T = "ep =  0.00025118864315095795 ",
 1. -3.293578076974213
 1.05 -3.436533483849896
 1.1 -3.5778433542620536
 1.15 -3.7172452909677087
 1.2 -3.8545103109101833
 1.25 -3.9891828739833706
 1.3 -4.120885600931386
 1.3499999999999999 -4.249138798769168
 1.4 -4.3734598319826965
 1.45 -4.493386467163613
 1.5 -4.608496779466033
 1.55 -4.718439529153599
 1.6 -4.822985740909192
 1.65 -4.92203592364258
 1.7 -5.015638344913422
 1.75 -5.103985288499507
 1.8 -5.187393790015058
 1.8499999999999999 -5.266281108384763
 1.9000000000000001 -5.341130612574643
 1.95 -5.41246109451317
 2. -5.48079787628149
 2.05 -5.546651153219697
 2.1 -5.610501746725388
 2.15 -5.672793413787011
 2.2 -5.7339306401541394
 2.25 -5.794280475648706
 2.3 -5.854177231375895
 2.35 -5.913928778640754
 2.4 -5.973823744615793
 2.45 -6.03413900099118
 2.5 -6.095147080993687
 2.55 -6.157123259055869
 2.6 -6.220352072550189
 2.65 -6.285133072593342
 2.7 -6.351785508669121
 2.75 -6.420651598816876
 2.8 -6.492097912134834
 2.85 -6.566514334229333
 2.9 -6.644310067413826
 2.95 -6.725906216432797
 3. -6.8117247695615415
 3.05 -6.902174220057502
 3.1 -6.997632649665648
 3.15 -7.09842974902487
 3.2 -7.204829768748938
 3.25 -7.317017608772748
 3.3 -7.435090028418853
 3.35 -7.55905325133307
 3.4 -7.688827196895213
 3.45 -7.824255486005867
 3.5 -7.965119515126607
 3.55 -8.111154487468617
 3.6 -8.262065351446806
 3.65 -8.417541054126218
 3.7 -8.577266133556368
 3.75 -8.74092930824169
 3.8 -8.90822919499617
 3.85 -9.078877655633661
 3.9 -9.252601325562425
 3.95 -9.429141962448378
 4. -9.608256106427136
 4.05 -9.789714484584824
 4.1 -9.97330132977088
 4.15 -10.15881387802531
 4.2 -10.346061999402897
 4.25 -10.534867981407032
 4.3 -10.725066417383612
 4.35 -10.916504209980754
 4.4 -11.109040417857557
 4.45 -11.302546192520063
 4.5 -11.49690438373722
 zone T = "ep =  0.00019952623149688788 ",
 1. -3.2986995530904215
 1.05 -3.44287854521256
 1.1 -3.5856783882825445
 1.15 -3.7268819399346955
 1.2 -3.8663093932823456
 1.25 -4.003548840937983
 1.3 -4.1382639882074175
 1.3499999999999999 -4.270001977107802
 1.4 -4.398287564923079
 1.45 -4.522640903538635
 1.5 -4.642590234690591
 1.55 -4.757700305865395
 1.6 -4.867627721301561
 1.65 -4.9721349922480975
 1.7 -5.071121549736031
 1.75 -5.164634503431089
 1.8 -5.252862786980231
 1.8499999999999999 -5.336122890984082
 1.9000000000000001 -5.414829469337619
 1.95 -5.489464607270841
 2. -5.5605444295329844
 2.05 -5.628590755997528
 2.1 -5.694109443631893
 2.15 -5.757575844769815
 2.2 -5.819426926778764
 2.25 -5.88005883837471
 2.3 -5.939828677134219
 2.35 -5.999058905242947
 2.4 -6.058043462717921
 2.45 -6.117054728030838
 2.5 -6.176350786966345
 2.55 -6.236182672557401
 2.6 -6.2968013315580595
 2.65 -6.358464189505224
 2.7 -6.421441136587219
 2.75 -6.48601977752571
 2.8 -6.552509668389126
 2.85 -6.6212451880225185
 2.9 -6.692586586161288
 2.95 -6.76691866590838
 3. -6.844646547478997
 3.05 -6.926188061694202
 3.1 -7.011962577715955
 3.15 -7.102376485691738
 3.2 -7.1978061864651215
 3.25 -7.298580027047715
 3.3 -7.404961181676856
 3.35 -7.517133687193747
 3.4 -7.635193614420773
 3.45 -7.759146634234353
 3.5 -7.888912222633549
 3.55 -8.024333644793774
 3.6 -8.165192013068449
 3.65 -8.311222299953513
 3.7 -8.462129269951493
 3.75 -8.617601722623752
 3.8 -8.777324076534255
 3.85 -8.940984951748945
 3.9 -9.108282890419238
 3.95 -9.278929692899302
 4. -9.452651937838239
 4.05 -9.629191346827243
 4.1 -9.808304433982327
 4.15 -9.989761883486022
 4.2 -10.17334791403696
 4.25 -10.358859740106963
 4.3 -10.546107223183064
 4.35 -10.73491261834903
 4.4 -10.925110552146531
 4.45 -11.116547882709657
 4.5 -11.309083676762606
 zone T = "ep =  0.0001584893192461114 ",
 1. -3.3028185079910815
 1.05 -3.4479957488135837
 1.1 -3.592018550316519
 1.15 -3.734711744484479
 1.2 -3.875943059213474
 1.25 -4.01534652377593
 1.3 -4.152633320603465
 1.3499999999999999 -4.287390219014337
 1.4 -4.419169159540855
 1.45 -4.54749924835448
 1.5 -4.6718909346908974
 1.55 -4.791859092485109
 1.6 -4.906977281298269
 1.65 -5.016893408381587
 1.7 -5.121369044542675
 1.75 -5.220302594056956
 1.8 -5.313737770892765
 1.8499999999999999 -5.401863253014967
 1.9000000000000001 -5.484993206178398
 1.95 -5.5635417826523605
 2. -5.637989322366484
 2.05 -5.708849684510627
 2.1 -5.776641876544664
 2.15 -5.8418681415628955
 2.2 -5.904999216049269
 2.25 -5.966466242128747
 2.3 -6.026658328650208
 2.35 -6.085924054312422
 2.4 -6.144575747304453
 2.45 -6.202895380323154
 2.5 -6.261141305952201
 2.55 -6.319555301334638
 2.6 -6.378369569377258
 2.65 -6.4378135318514955
 2.7 -6.498120270841577
 2.75 -6.559532555778348
 2.8 -6.622308331161667
 2.85 -6.6867255094132885
 2.9 -6.753085812036986
 2.95 -6.82171730550047
 3. -6.89297516356178
 3.05 -6.967240113874755
 3.1 -7.044914011576026
 3.15 -7.12641207285588
 3.2 -7.212151569120768
 3.25 -7.302537219251713
 3.3 -7.397944084031431
 3.35 -7.498699437698388
 3.4 -7.605065598381346
 3.45 -7.717225918648442
 3.5 -7.835275918883405
 3.55 -7.959220831185284
 3.6 -8.08897977884506
 3.65 -8.22439574564823
 3.7 -8.365249614849109
 3.75 -8.511276179015615
 3.8 -8.662180054887537
 3.85 -8.81764992483342
 3.9 -8.977370112331585
 3.95 -9.141029159675972
 4. -9.308325553685517
 4.05 -9.478971032729739
 4.1 -9.652692152394634
 4.15 -9.829230592631621
 4.2 -10.008342834843912
 4.25 -10.18979954358881
 4.3 -10.373384917837656
 4.35 -10.558896164552028
 4.4 -10.746143130443626
 4.45 -10.934948068334029
 4.5 -11.125145613930993
 zone T = "ep =  0.00012589254117941674 ",
 1. -3.306123036255574
 1.05 -3.4521104039766515
 1.1 -3.597130597034967
 1.15 -3.741045998773584
 1.2 -3.8837681571517964
 1.25 -4.024975921599744
 1.3 -4.164429571440247
 1.3499999999999999 -4.301762112005385
 1.4 -4.436565375101325
 1.45 -4.568397000640744
 1.5 -4.696776279047702
 1.55 -4.821200300137127
 1.6 -4.941193710274952
 1.65 -5.056321290718047
 1.7 -5.166230204827131
 1.75 -5.270681144333267
 1.8 -5.369569006183929
 1.8499999999999999 -5.46293738085592
 1.9000000000000001 -5.550972640075635
 1.95 -5.633988905713434
 2. -5.712399112621757
 2.05 -5.786682132125008
 2.1 -5.857350047804763
 2.15 -5.924919574608925
 2.2 -5.989889921139024
 2.25 -6.052727843019216
 2.3 -6.113859604885985
 2.35 -6.17366829287979
 2.4 -6.2324952365630555
 2.45 -6.290644103682947
 2.5 -6.348386614867598
 2.55 -6.405969078150333
 2.6 -6.463619184668595
 2.65 -6.5215527925684675
 2.7 -6.5799804692466
 2.75 -6.639113754571639
 2.8 -6.699171071006862
 2.85 -6.760383239073173
 2.9 -6.822998513463203
 2.95 -6.887286976739528
 3. -6.953544043170066
 3.05 -7.022092709711093
 3.1 -7.093284079817394
 3.15 -7.167495624964555
 3.2 -7.24512658666331
 3.25 -7.326590093994942
 3.3 -7.412301750552491
 3.35 -7.502664937730691
 3.4 -7.598053651223462
 3.45 -7.698794313695305
 3.5 -7.805148560516327
 3.55 -7.9172991974725475
 3.6 -8.03534131038225
 3.65 -8.159279781331788
 3.7 -8.289033453457247
 3.75 -8.42444508445496
 3.8 -8.565295379241336
 3.85 -8.711318985032374
 3.9 -8.862220401701263
 3.95 -9.017688219285256
 4. -9.17740668875485
 4.05 -9.341064281692384
 4.1 -9.50835944657447
 4.15 -9.67900388747747
 4.2 -9.852724109685816
 4.25 -10.029261776648095
 4.3 -10.208373335044008
 4.35 -10.389829452415205
 4.4 -10.573414307801182
 4.45 -10.758925084255534
 4.5 -10.94617165864874
 zone T = "ep =  0.0001 ",
 1. -3.3087689052363043
 1.05 -3.4554109301569476
 1.1 -3.6012403312202705
 1.15 -3.7461522001881056
 1.2 -3.8900971216902334
 1.25 -4.032795508900047
 1.3 -4.174055035336303
 1.3499999999999999 -4.3135567482231405
 1.4 -4.450938901754042
 1.45 -4.585800161418207
 1.5 -4.7176882668551565
 1.55 -4.846109172285588
 1.6 -4.9705706479577
 1.65 -5.090588567350657
 1.7 -5.2057272280752755
 1.75 -5.31563312266799
 1.8 -5.420063347121368
 1.8499999999999999 -5.518912759409847
 1.9000000000000001 -5.612222518300321
 1.95 -5.700179200404419
 2. -5.783095954798445
 2.05 -5.861384705502445
 2.1 -5.935523203364382
 2.15 -6.006022149336318
 2.2 -6.073396348736915
 2.25 -6.138142359248163
 2.3 -6.200723644243719
 2.35 -6.261562287796832
 2.4 -6.321036266898338
 2.45 -6.379480725842335
 2.5 -6.437191939923822
 2.55 -6.494432876552408
 2.6 -6.551439512061376
 2.65 -6.608427444322449
 2.7 -6.665598411683488
 2.75 -6.723146609759013
 2.8 -6.781264715076699
 2.85 -6.84014960032948
 2.9 -6.900007737596742
 2.95 -6.96106025996122
 3. -7.0235475960056055
 3.05 -7.087733526447463
 3.1 -7.153908399219933
 3.15 -7.222391149124366
 3.2 -7.2935296273153645
 3.25 -7.367698695807529
 3.3 -7.445295517885021
 3.35 -7.526731554101547
 3.4 -7.612421079568771
 3.45 -7.702766414783485
 3.5 -7.7981407043510345
 3.55 -7.898869692690137
 3.6 -8.005214472139256
 3.65 -8.11735741583879
 3.7 -8.235393263295064
 3.75 -8.359326616641113
 3.8 -8.489076095928985
 3.85 -8.624484281670625
 3.9 -8.7653317370318
 3.95 -8.911352992824046
 4. -9.062252454367325
 4.05 -9.2177186412245
 4.1 -9.377435746410397
 4.15 -9.541092195327709
 4.2 -9.708386389525108
 4.25 -9.879029992121048
 4.3 -10.05274949369314
 4.35 -10.22928653108523
 4.4 -10.408397554707106
 4.45 -10.589853189366389
 4.5 -10.773437655982274
 zone T = "ep =  0.00007943282347242821 ",
 1. -3.310884011112259
 1.05 -3.4580532422369625
 1.1 -3.6045364143023684
 1.15 -3.750256539217708
 1.2 -3.895198101148795
 1.25 -4.03911868803561
 1.3 -4.181869618128681
 1.3499999999999999 -4.323178442183124
 1.4 -4.46273157782128
 1.45 -4.600175042395847
 1.5 -4.735097523857159
 1.55 -4.867033441187898
 1.6 -4.995500248330443
 1.65 -5.119996997363137
 1.7 -5.240039383962463
 1.75 -5.355191305805506
 1.8 -5.465095635880239
 1.8499999999999999 -5.569509539855701
 1.9000000000000001 -5.668325276793192
 1.95 -5.761584345907945
 2. -5.849472416968709
 2.05 -5.932301833215072
 2.1 -6.010483768071477
 2.15 -6.0844951776508704
 2.2 -6.154845623346538
 2.25 -6.222048194310286
 2.3 -6.286597309631839
 2.35 -6.348953597367575
 2.4 -6.409535601171013
 2.45 -6.4687169406536915
 2.5 -6.526827482776101
 2.55 -6.5841572105290185
 2.6 -6.6409615989886674
 2.65 -6.697467806971335
 2.7 -6.753881058117959
 2.75 -6.810390958561278
 2.8 -6.867177567936574
 2.85 -6.924417177450974
 2.9 -6.982287791323843
 2.95 -7.040974331072161
 3. -7.100673583448713
 3.05 -7.16159885968754
 3.1 -7.223984287501218
 3.15 -7.288088587142539
 3.2 -7.354198052897525
 3.25 -7.422628365342236
 3.3 -7.493724777126557
 3.35 -7.567860070912402
 3.4 -7.645429750855446
 3.45 -7.726843951984543
 3.5 -7.812515890028202
 3.55 -7.902847037609181
 3.6 -7.99820986599195
 3.65 -8.098929578401702
 3.7 -8.205266836128896
 3.75 -8.317403669314965
 3.8 -8.435434537469341
 3.85 -8.559363824137336
 3.9 -8.689109971605786
 3.95 -8.82451542446958
 4. -8.965360620735927
 4.05 -9.111380003679654
 4.1 -9.262277920695379
 4.15 -9.41774281323532
 4.2 -9.57745884552572
 4.25 -9.74111437631695
 4.3 -9.90840778018133
 4.35 -10.079050713672753
 4.4 -10.252769644259345
 4.45 -10.42930619083611
 4.5 -10.608416777041592
 zone T = "ep =  0.0000630957344480193 ",
 1. -3.3125726541310496
 1.05 -3.46016528023489
 1.1 -3.6071748526829026
 1.15 -3.7535478497178567
 1.2 -3.8992976271436786
 1.25 -4.044214145999675
 1.3 -4.188187573704086
 1.3499999999999999 -4.330988358071128
 1.4 -4.472349492125285
 1.45 -4.611965905701056
 1.5 -4.749473559997485
 1.55 -4.884447817211957
 1.6 -5.016435304797302
 1.65 -5.144944830646647
 1.7 -5.269475580650777
 1.75 -5.389543173945228
 1.8 -5.50470792933996
 1.8499999999999999 -5.61461295260198
 1.9000000000000001 -5.719012670841357
 1.95 -5.817799784000373
 2. -5.911014862733947
 2.05 -5.9988428140179035
 2.1 -6.08159539013165
 2.15 -6.159683309186901
 2.2 -6.233582884123768
 2.25 -6.303802591622368
 2.3 -6.370854205015879
 2.35 -6.435230273997183
 2.4 -6.497389036398956
 2.45 -6.557746021343517
 2.5 -6.616671121179999
 2.55 -6.674489721826077
 2.6 -6.731486412123927
 2.65 -6.787910292673355
 2.7 -6.8439809754277885
 2.75 -6.899894815540018
 2.8 -6.955831018892242
 2.85 -7.011957495430533
 2.9 -7.068436389600809
 2.95 -7.125429315683804
 3. -7.183102326856618
 3.05 -7.241630660558671
 3.1 -7.301203281449805
 3.15 -7.362027203485796
 3.2 -7.424331505482365
 3.25 -7.488370849249805
 3.3 -7.55442828225994
 3.35 -7.6228168911345575
 3.4 -7.693879853288996
 3.45 -7.767988298814193
 3.5 -7.845536405289498
 3.55 -7.926933254017717
 3.6 -8.01259121466933
 3.65 -8.102911089641074
 3.7 -8.198264810685394
 3.75 -8.298977153542687
 3.8 -8.405308437065123
 3.85 -8.5174404138045
 3.9 -8.635467325857382
 3.95 -8.759393383506538
 4. -8.889136886915614
 4.05 -9.024540158018292
 4.1 -9.165383565759434
 4.15 -9.311401469844327
 4.2 -9.46229815635939
 4.25 -9.617762015926177
 4.3 -9.777477183251333
 4.35 -9.941131977682685
 4.4 -10.108424761998725
 4.45 -10.279067169140221
 4.5 -10.452785645384468
 zone T = "ep =  0.000050118723362727245 ",
 1. -3.313919434040132
 1.05 -3.461851331138378
 1.1 -3.6092835926314235
 1.15 -3.7561821829436797
 1.2 -3.902584683058548
 1.25 -4.048308681973853
 1.3 -4.1932780606217435
 1.3499999999999999 -4.337301495301409
 1.4 -4.480154911736579
 1.45 -4.621580410334356
 1.5 -4.761262782597655
 1.55 -4.898824637983967
 1.6 -5.03385413744444
 1.65 -5.1658893312453085
 1.7 -5.294439446369545
 1.75 -5.419003946256368
 1.8 -5.539094936801649
 1.8499999999999999 -5.654273205082837
 1.9000000000000001 -5.7641790313030725
 1.95 -5.868567409870677
 2. -5.967330067212281
 2.05 -6.06050677004454
 2.1 -6.14828186235322
 2.15 -6.230966799900577
 2.2 -6.308971941838728
 2.25 -6.382772913235377
 2.3 -6.452877434648507
 2.35 -6.51979609738805
 2.4 -6.584019902158319
 2.45 -6.646005036456612
 2.5 -6.70616445104033
 2.55 -6.764864878980406
 2.6 -6.822427852082155
 2.65 -6.8791333760106
 2.7 -6.935225091324202
 2.75 -6.990916169619323
 2.8 -7.0463953888432105
 2.85 -7.101833055552288
 2.9 -7.157386665339563
 2.95 -7.213206202351367
 3. -7.269439134440901
 3.05 -7.326235119902771
 3.1 -7.3837505279547635
 3.15 -7.442152774001154
 3.2 -7.501624540567812
 3.25 -7.562367783719295
 3.3 -7.624607528683688
 3.35 -7.688595199078771
 3.4 -7.754611251147157
 3.45 -7.8229667020749165
 3.5 -7.894003076408541
 3.55 -7.968090182013608
 3.6 -8.04562114335671
 3.65 -8.127004202904379
 3.7 -8.212651056563448
 3.75 -8.302961974886601
 3.8 -8.398308461493455
 3.85 -8.499014949689904
 3.9 -8.605341482584336
 3.95 -8.717469604987935
 4. -8.83549337529139
 4.05 -8.959416863968736
 4.1 -9.089158262857874
 4.15 -9.22455980903095
 4.2 -9.36540180007129
 4.25 -9.511418525496124
 4.3 -9.66231422067878
 4.35 -9.817777261799051
 4.4 -9.977491739423751
 4.45 -10.141145955978994
 4.5 -10.308438244773532
 zone T = "ep =  0.00003981071705534969 ",
 1. -3.314992676407458
 1.05 -3.4631959531637406
 1.1 -3.610966882609433
 1.15 -3.758287460434568
 1.2 -3.9052153588831646
 1.25 -4.05159138168314
 1.3 -4.197368112047313
 1.3499999999999999 -4.342387423672421
 1.4 -4.486463482998801
 1.45 -4.629381795261262
 1.5 -4.77087423626885
 1.55 -4.91061220412221
 1.6 -5.048231585308184
 1.65 -5.183312014011998
 1.7 -5.31539220881005
 1.75 -5.443982006845267
 1.8 -5.568577442342356
 1.8499999999999999 -5.688691373790799
 1.9000000000000001 -5.803881735060524
 1.95 -5.913789542183289
 2. -6.018168796847845
 2.05 -6.116910366822533
 2.1 -6.210053414546733
 2.15 -6.297782028320991
 2.2 -6.380407442213351
 2.25 -6.458339532236779
 2.3 -6.532053525176764
 2.35 -6.602056432745521
 2.4 -6.668857888266011
 2.45 -6.7329475557627845
 2.5 -6.794779876797518
 2.55 -6.854765608995678
 2.6 -6.913268766276969
 2.65 -6.9706076029597535
 2.7 -7.027058190752459
 2.75 -7.082859509299464
 2.8 -7.138219225993963
 2.85 -7.193319642122932
 2.9 -7.248323464597719
 2.95 -7.303379276034653
 3. -7.3586266412337045
