 zone T = "Var            1 : IMEX",
 0.00000E+00  0.98874E+00
-0.10000E+00  0.98859E+00
-0.20000E+00  0.98847E+00
-0.30000E+00  0.98836E+00
-0.40000E+00  0.98827E+00
-0.50000E+00  0.98819E+00
-0.60000E+00  0.98812E+00
-0.70000E+00  0.98806E+00
-0.80000E+00  0.98801E+00
-0.90000E+00  0.98796E+00
-0.10000E+01  0.98793E+00
-0.11000E+01  0.98789E+00
-0.12000E+01  0.98786E+00
-0.13000E+01  0.98784E+00
-0.14000E+01  0.98783E+00
-0.15000E+01  0.98781E+00
-0.16000E+01  0.98780E+00
-0.17000E+01  0.98779E+00
-0.18000E+01  0.98779E+00
-0.19000E+01  0.98778E+00
-0.20000E+01  0.98778E+00
-0.21000E+01  0.98778E+00
-0.22000E+01  0.98777E+00
-0.23000E+01  0.98777E+00
-0.24000E+01  0.98777E+00
-0.25000E+01  0.98777E+00
-0.26000E+01  0.98777E+00
-0.27000E+01  0.98777E+00
-0.28000E+01  0.98777E+00
-0.29000E+01  0.98777E+00
-0.30000E+01  0.98776E+00
-0.31000E+01  0.98776E+00
-0.32000E+01  0.98776E+00
-0.33000E+01  0.98776E+00
-0.34000E+01  0.98776E+00
-0.35000E+01  0.98776E+00
-0.36000E+01  0.98776E+00
-0.37000E+01  0.98776E+00
-0.38000E+01  0.98776E+00
-0.39000E+01  0.98776E+00
-0.40000E+01  0.98776E+00
-0.41000E+01  0.98776E+00
-0.42000E+01  0.98776E+00
-0.43000E+01  0.98776E+00
-0.44000E+01  0.98776E+00
-0.45000E+01  0.98776E+00
-0.46000E+01  0.98776E+00
-0.47000E+01  0.98776E+00
-0.48000E+01  0.98776E+00
-0.49000E+01  0.98776E+00
-0.50000E+01  0.98776E+00
-0.51000E+01  0.98776E+00
-0.52000E+01  0.98776E+00
-0.53000E+01  0.98776E+00
-0.54000E+01  0.98776E+00
-0.55000E+01  0.98776E+00
-0.56000E+01  0.98776E+00
-0.57000E+01  0.98776E+00
-0.58000E+01  0.98776E+00
-0.59000E+01  0.98776E+00
-0.60000E+01  0.98776E+00
-0.61000E+01  0.98776E+00
-0.62000E+01  0.98776E+00
-0.63000E+01  0.98776E+00
-0.64000E+01  0.98776E+00
-0.65000E+01  0.98776E+00
-0.66000E+01  0.98776E+00
-0.67000E+01  0.98776E+00
-0.68000E+01  0.98776E+00
-0.69000E+01  0.98776E+00
-0.70000E+01  0.98776E+00
-0.71000E+01  0.98776E+00
-0.72000E+01  0.98776E+00
-0.73000E+01  0.98776E+00
-0.74000E+01  0.98776E+00
-0.75000E+01  0.98776E+00
-0.76000E+01  0.98776E+00
-0.77000E+01  0.98776E+00
-0.78000E+01  0.98776E+00
-0.79000E+01  0.98776E+00
-0.80000E+01  0.98776E+00
 zone T = "Var            1 : Predicted",
 0.00000E+00  0.29142E+01
-0.10000E+00  0.29062E+01
-0.20000E+00  0.28950E+01
-0.30000E+00  0.28803E+01
-0.40000E+00  0.28617E+01
-0.50000E+00  0.28386E+01
-0.60000E+00  0.28104E+01
-0.70000E+00  0.27768E+01
-0.80000E+00  0.27372E+01
-0.90000E+00  0.26912E+01
-0.10000E+01  0.26386E+01
-0.11000E+01  0.25791E+01
-0.12000E+01  0.25129E+01
-0.13000E+01  0.24400E+01
-0.14000E+01  0.23608E+01
-0.15000E+01  0.22755E+01
-0.16000E+01  0.21848E+01
-0.17000E+01  0.20892E+01
-0.18000E+01  0.19892E+01
-0.19000E+01  0.18857E+01
-0.20000E+01  0.17791E+01
-0.21000E+01  0.16704E+01
-0.22000E+01  0.15601E+01
-0.23000E+01  0.14491E+01
-0.24000E+01  0.13380E+01
-0.25000E+01  0.12276E+01
-0.26000E+01  0.11186E+01
-0.27000E+01  0.10118E+01
-0.28000E+01  0.90777E+00
-0.29000E+01  0.80734E+00
-0.30000E+01  0.71114E+00
-0.31000E+01  0.61980E+00
-0.32000E+01  0.53388E+00
-0.33000E+01  0.45390E+00
-0.34000E+01  0.38030E+00
-0.35000E+01  0.31340E+00
-0.36000E+01  0.25344E+00
-0.37000E+01  0.20053E+00
-0.38000E+01  0.15464E+00
-0.39000E+01  0.11558E+00
-0.40000E+01  0.83005E-01
-0.41000E+01  0.56388E-01
-0.42000E+01  0.35074E-01
-0.43000E+01  0.18311E-01
-0.44000E+01  0.53187E-02
-0.45000E+01 -0.46464E-02
-0.46000E+01 -0.12243E-01
-0.47000E+01 -0.18022E-01
-0.48000E+01 -0.22420E-01
-0.49000E+01 -0.25778E-01
-0.50000E+01 -0.28351E-01
-0.51000E+01 -0.30332E-01
-0.52000E+01 -0.31864E-01
-0.53000E+01 -0.33054E-01
-0.54000E+01 -0.33981E-01
-0.55000E+01 -0.34707E-01
-0.56000E+01 -0.35275E-01
-0.57000E+01 -0.35723E-01
-0.58000E+01 -0.36075E-01
-0.59000E+01 -0.36353E-01
-0.60000E+01 -0.36573E-01
-0.61000E+01 -0.36747E-01
-0.62000E+01 -0.36885E-01
-0.63000E+01 -0.36994E-01
-0.64000E+01 -0.37081E-01
-0.65000E+01 -0.37150E-01
-0.66000E+01 -0.37204E-01
-0.67000E+01 -0.37247E-01
-0.68000E+01 -0.37282E-01
-0.69000E+01 -0.37309E-01
-0.70000E+01 -0.37331E-01
-0.71000E+01 -0.37348E-01
-0.72000E+01 -0.37362E-01
-0.73000E+01 -0.37372E-01
-0.74000E+01 -0.37381E-01
-0.75000E+01 -0.37388E-01
-0.76000E+01 -0.37393E-01
-0.77000E+01 -0.37398E-01
-0.78000E+01 -0.37401E-01
-0.79000E+01 -0.37404E-01
-0.80000E+01 -0.37406E-01
 zone T = "Var            2 : IMEX",
 0.00000E+00  0.10120E+01
-0.10000E+00  0.10119E+01
-0.20000E+00  0.10118E+01
-0.30000E+00  0.10117E+01
-0.40000E+00  0.10116E+01
-0.50000E+00  0.10116E+01
-0.60000E+00  0.10115E+01
-0.70000E+00  0.10115E+01
-0.80000E+00  0.10115E+01
-0.90000E+00  0.10115E+01
-0.10000E+01  0.10115E+01
-0.11000E+01  0.10115E+01
-0.12000E+01  0.10115E+01
-0.13000E+01  0.10115E+01
-0.14000E+01  0.10115E+01
-0.15000E+01  0.10115E+01
-0.16000E+01  0.10115E+01
-0.17000E+01  0.10115E+01
-0.18000E+01  0.10115E+01
-0.19000E+01  0.10115E+01
-0.20000E+01  0.10115E+01
-0.21000E+01  0.10115E+01
-0.22000E+01  0.10115E+01
-0.23000E+01  0.10115E+01
-0.24000E+01  0.10115E+01
-0.25000E+01  0.10115E+01
-0.26000E+01  0.10115E+01
-0.27000E+01  0.10115E+01
-0.28000E+01  0.10115E+01
-0.29000E+01  0.10115E+01
-0.30000E+01  0.10115E+01
-0.31000E+01  0.10115E+01
-0.32000E+01  0.10115E+01
-0.33000E+01  0.10115E+01
-0.34000E+01  0.10115E+01
-0.35000E+01  0.10115E+01
-0.36000E+01  0.10115E+01
-0.37000E+01  0.10115E+01
-0.38000E+01  0.10115E+01
-0.39000E+01  0.10115E+01
-0.40000E+01  0.10115E+01
-0.41000E+01  0.10115E+01
-0.42000E+01  0.10115E+01
-0.43000E+01  0.10115E+01
-0.44000E+01  0.10115E+01
-0.45000E+01  0.10115E+01
-0.46000E+01  0.10115E+01
-0.47000E+01  0.10115E+01
-0.48000E+01  0.10115E+01
-0.49000E+01  0.10115E+01
-0.50000E+01  0.10115E+01
-0.51000E+01  0.10115E+01
-0.52000E+01  0.10115E+01
-0.53000E+01  0.10115E+01
-0.54000E+01  0.10115E+01
-0.55000E+01  0.10115E+01
-0.56000E+01  0.10115E+01
-0.57000E+01  0.10115E+01
-0.58000E+01  0.10115E+01
-0.59000E+01  0.10115E+01
-0.60000E+01  0.10115E+01
-0.61000E+01  0.10115E+01
-0.62000E+01  0.10115E+01
-0.63000E+01  0.10115E+01
-0.64000E+01  0.10115E+01
-0.65000E+01  0.10115E+01
-0.66000E+01  0.10115E+01
-0.67000E+01  0.10115E+01
-0.68000E+01  0.10115E+01
-0.69000E+01  0.10115E+01
-0.70000E+01  0.10115E+01
-0.71000E+01  0.10115E+01
-0.72000E+01  0.10115E+01
-0.73000E+01  0.10115E+01
-0.74000E+01  0.10115E+01
-0.75000E+01  0.10115E+01
-0.76000E+01  0.10115E+01
-0.77000E+01  0.10115E+01
-0.78000E+01  0.10115E+01
-0.79000E+01  0.10115E+01
-0.80000E+01  0.10115E+01
 zone T = "Var            2 : Predicted",
 0.00000E+00 -0.12093E-01
-0.10000E+00 -0.12393E-01
-0.20000E+00 -0.12987E-01
-0.30000E+00 -0.12720E-01
-0.40000E+00 -0.12934E-01
-0.50000E+00 -0.13546E-01
-0.60000E+00 -0.13456E-01
-0.70000E+00 -0.12270E-01
-0.80000E+00 -0.12678E-01
-0.90000E+00 -0.12274E-01
-0.10000E+01 -0.12434E-01
-0.11000E+01 -0.13206E-01
-0.12000E+01 -0.14098E-01
-0.13000E+01 -0.13173E-01
-0.14000E+01 -0.13247E-01
-0.15000E+01 -0.12828E-01
-0.16000E+01 -0.12647E-01
-0.17000E+01 -0.13039E-01
-0.18000E+01 -0.12991E-01
-0.19000E+01 -0.12672E-01
-0.20000E+01 -0.12457E-01
-0.21000E+01 -0.12638E-01
-0.22000E+01 -0.13282E-01
-0.23000E+01 -0.13279E-01
-0.24000E+01 -0.12676E-01
-0.25000E+01 -0.12636E-01
-0.26000E+01 -0.13497E-01
-0.27000E+01 -0.12658E-01
-0.28000E+01 -0.12610E-01
-0.29000E+01 -0.12992E-01
-0.30000E+01 -0.12723E-01
-0.31000E+01 -0.13012E-01
-0.32000E+01 -0.13200E-01
-0.33000E+01 -0.13028E-01
-0.34000E+01 -0.12850E-01
-0.35000E+01 -0.12610E-01
-0.36000E+01 -0.12858E-01
-0.37000E+01 -0.12528E-01
-0.38000E+01 -0.13590E-01
-0.39000E+01 -0.13947E-01
-0.40000E+01 -0.13179E-01
-0.41000E+01 -0.12936E-01
-0.42000E+01 -0.11844E-01
-0.43000E+01 -0.13089E-01
-0.44000E+01 -0.11621E-01
-0.45000E+01 -0.13441E-01
-0.46000E+01 -0.13397E-01
-0.47000E+01 -0.13255E-01
-0.48000E+01 -0.12797E-01
-0.49000E+01 -0.13165E-01
-0.50000E+01 -0.12727E-01
-0.51000E+01 -0.13062E-01
-0.52000E+01 -0.13058E-01
-0.53000E+01 -0.13073E-01
-0.54000E+01 -0.13267E-01
-0.55000E+01 -0.13047E-01
-0.56000E+01 -0.12304E-01
-0.57000E+01 -0.11941E-01
-0.58000E+01 -0.12907E-01
-0.59000E+01 -0.12865E-01
-0.60000E+01 -0.13340E-01
-0.61000E+01 -0.13116E-01
-0.62000E+01 -0.12853E-01
-0.63000E+01 -0.12968E-01
-0.64000E+01 -0.13583E-01
-0.65000E+01 -0.12510E-01
-0.66000E+01 -0.13008E-01
-0.67000E+01 -0.13225E-01
-0.68000E+01 -0.13268E-01
-0.69000E+01 -0.12344E-01
-0.70000E+01 -0.13263E-01
-0.71000E+01 -0.12838E-01
-0.72000E+01 -0.13232E-01
-0.73000E+01 -0.12805E-01
-0.74000E+01 -0.13337E-01
-0.75000E+01 -0.13502E-01
-0.76000E+01 -0.13174E-01
-0.77000E+01 -0.12821E-01
-0.78000E+01 -0.13169E-01
-0.79000E+01 -0.12597E-01
-0.80000E+01 -0.13132E-01
 zone T = "Var            3 : IMEX",
 0.00000E+00  0.99672E+00
-0.10000E+00  0.99853E+00
-0.20000E+00  0.10004E+01
-0.30000E+00  0.10024E+01
-0.40000E+00  0.10045E+01
-0.50000E+00  0.10067E+01
-0.60000E+00  0.10088E+01
-0.70000E+00  0.10107E+01
-0.80000E+00  0.10120E+01
-0.90000E+00  0.10124E+01
-0.10000E+01  0.10115E+01
-0.11000E+01  0.10093E+01
-0.12000E+01  0.10060E+01
-0.13000E+01  0.10024E+01
-0.14000E+01  0.99916E+00
-0.15000E+01  0.99647E+00
-0.16000E+01  0.99433E+00
-0.17000E+01  0.99321E+00
-0.18000E+01  0.99367E+00
-0.19000E+01  0.99550E+00
-0.20000E+01  0.99777E+00
-0.21000E+01  0.99959E+00
-0.22000E+01  0.10008E+01
-0.23000E+01  0.10017E+01
-0.24000E+01  0.10020E+01
-0.25000E+01  0.10010E+01
-0.26000E+01  0.99875E+00
-0.27000E+01  0.99521E+00
-0.28000E+01  0.99054E+00
-0.29000E+01  0.98492E+00
-0.30000E+01  0.97851E+00
-0.31000E+01  0.97150E+00
-0.32000E+01  0.96404E+00
-0.33000E+01  0.95623E+00
-0.34000E+01  0.94821E+00
-0.35000E+01  0.94031E+00
-0.36000E+01  0.93321E+00
-0.37000E+01  0.92777E+00
-0.38000E+01  0.92473E+00
-0.39000E+01  0.92451E+00
-0.40000E+01  0.92702E+00
-0.41000E+01  0.93151E+00
-0.42000E+01  0.93672E+00
-0.43000E+01  0.94153E+00
-0.44000E+01  0.94535E+00
-0.45000E+01  0.94831E+00
-0.46000E+01  0.95062E+00
-0.47000E+01  0.95199E+00
-0.48000E+01  0.95211E+00
-0.49000E+01  0.95146E+00
-0.50000E+01  0.95127E+00
-0.51000E+01  0.95246E+00
-0.52000E+01  0.95535E+00
-0.53000E+01  0.95985E+00
-0.54000E+01  0.96550E+00
-0.55000E+01  0.97126E+00
-0.56000E+01  0.97558E+00
-0.57000E+01  0.97821E+00
-0.58000E+01  0.98027E+00
-0.59000E+01  0.98254E+00
-0.60000E+01  0.98517E+00
-0.61000E+01  0.98808E+00
-0.62000E+01  0.99116E+00
-0.63000E+01  0.99430E+00
-0.64000E+01  0.99743E+00
-0.65000E+01  0.10005E+01
-0.66000E+01  0.10034E+01
-0.67000E+01  0.10062E+01
-0.68000E+01  0.10088E+01
-0.69000E+01  0.10113E+01
-0.70000E+01  0.10137E+01
-0.71000E+01  0.10159E+01
-0.72000E+01  0.10179E+01
-0.73000E+01  0.10199E+01
-0.74000E+01  0.10218E+01
-0.75000E+01  0.10235E+01
-0.76000E+01  0.10252E+01
-0.77000E+01  0.10267E+01
-0.78000E+01  0.10282E+01
-0.79000E+01  0.10296E+01
-0.80000E+01  0.10309E+01
 zone T = "Var            3 : Predicted",
 0.00000E+00  0.29171E+01
-0.10000E+00  0.29080E+01
-0.20000E+00  0.28961E+01
-0.30000E+00  0.28810E+01
-0.40000E+00  0.28621E+01
-0.50000E+00  0.28389E+01
-0.60000E+00  0.28107E+01
-0.70000E+00  0.27770E+01
-0.80000E+00  0.27373E+01
-0.90000E+00  0.26913E+01
-0.10000E+01  0.26386E+01
-0.11000E+01  0.25792E+01
-0.12000E+01  0.25129E+01
-0.13000E+01  0.24400E+01
-0.14000E+01  0.23608E+01
-0.15000E+01  0.22756E+01
-0.16000E+01  0.21848E+01
-0.17000E+01  0.20892E+01
-0.18000E+01  0.19892E+01
-0.19000E+01  0.18857E+01
-0.20000E+01  0.17791E+01
-0.21000E+01  0.16704E+01
-0.22000E+01  0.15601E+01
-0.23000E+01  0.14491E+01
-0.24000E+01  0.13380E+01
-0.25000E+01  0.12276E+01
-0.26000E+01  0.11186E+01
-0.27000E+01  0.10118E+01
-0.28000E+01  0.90777E+00
-0.29000E+01  0.80734E+00
-0.30000E+01  0.71114E+00
-0.31000E+01  0.61980E+00
-0.32000E+01  0.53388E+00
-0.33000E+01  0.45390E+00
-0.34000E+01  0.38030E+00
-0.35000E+01  0.31340E+00
-0.36000E+01  0.25344E+00
-0.37000E+01  0.20053E+00
-0.38000E+01  0.15464E+00
-0.39000E+01  0.11558E+00
-0.40000E+01  0.83005E-01
-0.41000E+01  0.56388E-01
-0.42000E+01  0.35074E-01
-0.43000E+01  0.18311E-01
-0.44000E+01  0.53187E-02
-0.45000E+01 -0.46463E-02
-0.46000E+01 -0.12243E-01
-0.47000E+01 -0.18022E-01
-0.48000E+01 -0.22420E-01
-0.49000E+01 -0.25778E-01
-0.50000E+01 -0.28351E-01
-0.51000E+01 -0.30332E-01
-0.52000E+01 -0.31864E-01
-0.53000E+01 -0.33054E-01
-0.54000E+01 -0.33981E-01
-0.55000E+01 -0.34707E-01
-0.56000E+01 -0.35275E-01
-0.57000E+01 -0.35723E-01
-0.58000E+01 -0.36075E-01
-0.59000E+01 -0.36353E-01
-0.60000E+01 -0.36573E-01
-0.61000E+01 -0.36747E-01
-0.62000E+01 -0.36885E-01
-0.63000E+01 -0.36994E-01
-0.64000E+01 -0.37081E-01
-0.65000E+01 -0.37150E-01
-0.66000E+01 -0.37204E-01
-0.67000E+01 -0.37247E-01
-0.68000E+01 -0.37282E-01
-0.69000E+01 -0.37309E-01
-0.70000E+01 -0.37331E-01
-0.71000E+01 -0.37348E-01
-0.72000E+01 -0.37362E-01
-0.73000E+01 -0.37373E-01
-0.74000E+01 -0.37381E-01
-0.75000E+01 -0.37388E-01
-0.76000E+01 -0.37393E-01
-0.77000E+01 -0.37398E-01
-0.78000E+01 -0.37401E-01
-0.79000E+01 -0.37404E-01
-0.80000E+01 -0.37406E-01
