 zone T = "Var            1 : Implicit",
 0.00000E+00  0.32749E+01
-0.10000E+00 -0.15698E-04
-0.20000E+00 -0.70432E-05
-0.30000E+00 -0.43048E-05
-0.40000E+00 -0.30244E-05
-0.50000E+00 -0.23143E-05
-0.60000E+00 -0.18811E-05
-0.70000E+00 -0.16002E-05
-0.80000E+00 -0.14100E-05
-0.90000E+00 -0.12770E-05
-0.10000E+01 -0.11814E-05
-0.11000E+01 -0.11111E-05
-0.12000E+01 -0.10586E-05
-0.13000E+01 -0.10189E-05
-0.14000E+01 -0.98843E-06
-0.15000E+01 -0.96495E-06
-0.16000E+01 -0.94673E-06
-0.17000E+01 -0.93251E-06
-0.18000E+01 -0.92138E-06
-0.19000E+01 -0.91264E-06
-0.20000E+01 -0.90575E-06
-0.21000E+01 -0.90033E-06
-0.22000E+01 -0.89604E-06
-0.23000E+01 -0.89265E-06
-0.24000E+01 -0.88997E-06
-0.25000E+01 -0.88784E-06
-0.26000E+01 -0.88616E-06
-0.27000E+01 -0.88482E-06
-0.28000E+01 -0.88376E-06
-0.29000E+01 -0.88292E-06
-0.30000E+01 -0.88225E-06
-0.31000E+01 -0.88172E-06
-0.32000E+01 -0.88130E-06
-0.33000E+01 -0.88097E-06
-0.34000E+01 -0.88070E-06
-0.35000E+01 -0.88049E-06
-0.36000E+01 -0.88033E-06
-0.37000E+01 -0.88019E-06
-0.38000E+01 -0.88009E-06
-0.39000E+01 -0.88000E-06
-0.40000E+01 -0.87994E-06
-0.41000E+01 -0.87989E-06
-0.42000E+01 -0.87984E-06
-0.43000E+01 -0.87981E-06
-0.44000E+01 -0.87978E-06
-0.45000E+01 -0.87976E-06
-0.46000E+01 -0.87975E-06
-0.47000E+01 -0.87973E-06
-0.48000E+01 -0.87972E-06
-0.49000E+01 -0.87971E-06
-0.50000E+01 -0.87971E-06
-0.51000E+01 -0.87970E-06
-0.52000E+01 -0.87970E-06
-0.53000E+01 -0.87969E-06
-0.54000E+01 -0.87969E-06
-0.55000E+01 -0.87969E-06
-0.56000E+01 -0.87969E-06
-0.57000E+01 -0.87969E-06
-0.58000E+01 -0.87969E-06
-0.59000E+01 -0.87968E-06
-0.60000E+01 -0.87968E-06
-0.61000E+01 -0.87968E-06
-0.62000E+01 -0.87968E-06
-0.63000E+01 -0.87968E-06
-0.64000E+01 -0.87968E-06
-0.65000E+01 -0.87968E-06
-0.66000E+01 -0.87968E-06
-0.67000E+01 -0.87968E-06
-0.68000E+01 -0.87968E-06
-0.69000E+01 -0.87968E-06
-0.70000E+01 -0.87968E-06
-0.71000E+01 -0.87968E-06
-0.72000E+01 -0.87968E-06
-0.73000E+01 -0.87968E-06
-0.74000E+01 -0.87968E-06
-0.75000E+01 -0.87968E-06
-0.76000E+01 -0.87968E-06
-0.77000E+01 -0.87968E-06
-0.78000E+01 -0.87968E-06
-0.79000E+01 -0.87968E-06
-0.80000E+01 -0.87968E-06
 zone T = "Var            1 : Predicted",
 0.00000E+00  0.98560E+00
-0.10000E+00  0.98530E+00
-0.20000E+00  0.98496E+00
-0.30000E+00  0.98460E+00
-0.40000E+00  0.98422E+00
-0.50000E+00  0.98383E+00
-0.60000E+00  0.98344E+00
-0.70000E+00  0.98306E+00
-0.80000E+00  0.98269E+00
-0.90000E+00  0.98236E+00
-0.10000E+01  0.98205E+00
-0.11000E+01  0.98178E+00
-0.12000E+01  0.98154E+00
-0.13000E+01  0.98134E+00
-0.14000E+01  0.98116E+00
-0.15000E+01  0.98102E+00
-0.16000E+01  0.98090E+00
-0.17000E+01  0.98080E+00
-0.18000E+01  0.98072E+00
-0.19000E+01  0.98065E+00
-0.20000E+01  0.98060E+00
-0.21000E+01  0.98056E+00
-0.22000E+01  0.98052E+00
-0.23000E+01  0.98050E+00
-0.24000E+01  0.98047E+00
-0.25000E+01  0.98046E+00
-0.26000E+01  0.98044E+00
-0.27000E+01  0.98043E+00
-0.28000E+01  0.98042E+00
-0.29000E+01  0.98042E+00
-0.30000E+01  0.98041E+00
-0.31000E+01  0.98041E+00
-0.32000E+01  0.98040E+00
-0.33000E+01  0.98040E+00
-0.34000E+01  0.98040E+00
-0.35000E+01  0.98040E+00
-0.36000E+01  0.98039E+00
-0.37000E+01  0.98039E+00
-0.38000E+01  0.98039E+00
-0.39000E+01  0.98039E+00
-0.40000E+01  0.98039E+00
-0.41000E+01  0.98039E+00
-0.42000E+01  0.98039E+00
-0.43000E+01  0.98039E+00
-0.44000E+01  0.98039E+00
-0.45000E+01  0.98039E+00
-0.46000E+01  0.98039E+00
-0.47000E+01  0.98039E+00
-0.48000E+01  0.98039E+00
-0.49000E+01  0.98039E+00
-0.50000E+01  0.98039E+00
-0.51000E+01  0.98039E+00
-0.52000E+01  0.98039E+00
-0.53000E+01  0.98039E+00
-0.54000E+01  0.98039E+00
-0.55000E+01  0.98039E+00
-0.56000E+01  0.98039E+00
-0.57000E+01  0.98039E+00
-0.58000E+01  0.98039E+00
-0.59000E+01  0.98039E+00
-0.60000E+01  0.98039E+00
-0.61000E+01  0.98039E+00
-0.62000E+01  0.98039E+00
-0.63000E+01  0.98039E+00
-0.64000E+01  0.98039E+00
-0.65000E+01  0.98039E+00
-0.66000E+01  0.98039E+00
-0.67000E+01  0.98039E+00
-0.68000E+01  0.98039E+00
-0.69000E+01  0.98039E+00
-0.70000E+01  0.98039E+00
-0.71000E+01  0.98039E+00
-0.72000E+01  0.98039E+00
-0.73000E+01  0.98039E+00
-0.74000E+01  0.98039E+00
-0.75000E+01  0.98039E+00
-0.76000E+01  0.98039E+00
-0.77000E+01  0.98039E+00
-0.78000E+01  0.98039E+00
-0.79000E+01  0.98039E+00
-0.80000E+01  0.98039E+00
 zone T = "Var            2 : Implicit",
 0.00000E+00  0.31839E+01
-0.10000E+00  0.13037E-05
-0.20000E+00  0.67160E-06
-0.30000E+00  0.47180E-06
-0.40000E+00  0.38154E-06
-0.50000E+00  0.33608E-06
-0.60000E+00  0.31331E-06
-0.70000E+00  0.30289E-06
-0.80000E+00  0.29889E-06
-0.90000E+00  0.29770E-06
-0.10000E+01  0.29745E-06
-0.11000E+01  0.29741E-06
-0.12000E+01  0.29741E-06
-0.13000E+01  0.29741E-06
-0.14000E+01  0.29741E-06
-0.15000E+01  0.29741E-06
-0.16000E+01  0.29741E-06
-0.17000E+01  0.29741E-06
-0.18000E+01  0.29741E-06
-0.19000E+01  0.29741E-06
-0.20000E+01  0.29741E-06
-0.21000E+01  0.29741E-06
-0.22000E+01  0.29741E-06
-0.23000E+01  0.29741E-06
-0.24000E+01  0.29741E-06
-0.25000E+01  0.29741E-06
-0.26000E+01  0.29741E-06
-0.27000E+01  0.29741E-06
-0.28000E+01  0.29741E-06
-0.29000E+01  0.29741E-06
-0.30000E+01  0.29741E-06
-0.31000E+01  0.29741E-06
-0.32000E+01  0.29741E-06
-0.33000E+01  0.29741E-06
-0.34000E+01  0.29741E-06
-0.35000E+01  0.29741E-06
-0.36000E+01  0.29741E-06
-0.37000E+01  0.29741E-06
-0.38000E+01  0.29741E-06
-0.39000E+01  0.29741E-06
-0.40000E+01  0.29741E-06
-0.41000E+01  0.29741E-06
-0.42000E+01  0.29741E-06
-0.43000E+01  0.29741E-06
-0.44000E+01  0.29741E-06
-0.45000E+01  0.29741E-06
-0.46000E+01  0.29741E-06
-0.47000E+01  0.29741E-06
-0.48000E+01  0.29741E-06
-0.49000E+01  0.29741E-06
-0.50000E+01  0.29741E-06
-0.51000E+01  0.29741E-06
-0.52000E+01  0.29741E-06
-0.53000E+01  0.29741E-06
-0.54000E+01  0.29741E-06
-0.55000E+01  0.29741E-06
-0.56000E+01  0.29741E-06
-0.57000E+01  0.29741E-06
-0.58000E+01  0.29741E-06
-0.59000E+01  0.29741E-06
-0.60000E+01  0.29741E-06
-0.61000E+01  0.29741E-06
-0.62000E+01  0.29741E-06
-0.63000E+01  0.29741E-06
-0.64000E+01  0.29741E-06
-0.65000E+01  0.29741E-06
-0.66000E+01  0.29741E-06
-0.67000E+01  0.29741E-06
-0.68000E+01  0.29741E-06
-0.69000E+01  0.29741E-06
-0.70000E+01  0.29741E-06
-0.71000E+01  0.29741E-06
-0.72000E+01  0.29741E-06
-0.73000E+01  0.29741E-06
-0.74000E+01  0.29741E-06
-0.75000E+01  0.29741E-06
-0.76000E+01  0.29741E-06
-0.77000E+01  0.29741E-06
-0.78000E+01  0.29741E-06
-0.79000E+01  0.29741E-06
-0.80000E+01  0.29741E-06
 zone T = "Var            2 : Predicted",
 0.00000E+00  0.10020E+01
-0.10000E+00  0.10020E+01
-0.20000E+00  0.10020E+01
-0.30000E+00  0.10020E+01
-0.40000E+00  0.10020E+01
-0.50000E+00  0.10020E+01
-0.60000E+00  0.10020E+01
-0.70000E+00  0.10020E+01
-0.80000E+00  0.10020E+01
-0.90000E+00  0.10020E+01
-0.10000E+01  0.10020E+01
-0.11000E+01  0.10020E+01
-0.12000E+01  0.10020E+01
-0.13000E+01  0.10020E+01
-0.14000E+01  0.10020E+01
-0.15000E+01  0.10020E+01
-0.16000E+01  0.10020E+01
-0.17000E+01  0.10020E+01
-0.18000E+01  0.10020E+01
-0.19000E+01  0.10020E+01
-0.20000E+01  0.10020E+01
-0.21000E+01  0.10020E+01
-0.22000E+01  0.10020E+01
-0.23000E+01  0.10020E+01
-0.24000E+01  0.10020E+01
-0.25000E+01  0.10020E+01
-0.26000E+01  0.10020E+01
-0.27000E+01  0.10020E+01
-0.28000E+01  0.10020E+01
-0.29000E+01  0.10020E+01
-0.30000E+01  0.10020E+01
-0.31000E+01  0.10020E+01
-0.32000E+01  0.10020E+01
-0.33000E+01  0.10020E+01
-0.34000E+01  0.10020E+01
-0.35000E+01  0.10020E+01
-0.36000E+01  0.10020E+01
-0.37000E+01  0.10020E+01
-0.38000E+01  0.10020E+01
-0.39000E+01  0.10020E+01
-0.40000E+01  0.10020E+01
-0.41000E+01  0.10020E+01
-0.42000E+01  0.10020E+01
-0.43000E+01  0.10020E+01
-0.44000E+01  0.10020E+01
-0.45000E+01  0.10020E+01
-0.46000E+01  0.10020E+01
-0.47000E+01  0.10020E+01
-0.48000E+01  0.10020E+01
-0.49000E+01  0.10020E+01
-0.50000E+01  0.10020E+01
-0.51000E+01  0.10020E+01
-0.52000E+01  0.10020E+01
-0.53000E+01  0.10020E+01
-0.54000E+01  0.10020E+01
-0.55000E+01  0.10020E+01
-0.56000E+01  0.10020E+01
-0.57000E+01  0.10020E+01
-0.58000E+01  0.10020E+01
-0.59000E+01  0.10020E+01
-0.60000E+01  0.10020E+01
-0.61000E+01  0.10020E+01
-0.62000E+01  0.10020E+01
-0.63000E+01  0.10020E+01
-0.64000E+01  0.10020E+01
-0.65000E+01  0.10020E+01
-0.66000E+01  0.10020E+01
-0.67000E+01  0.10020E+01
-0.68000E+01  0.10020E+01
-0.69000E+01  0.10020E+01
-0.70000E+01  0.10020E+01
-0.71000E+01  0.10020E+01
-0.72000E+01  0.10020E+01
-0.73000E+01  0.10020E+01
-0.74000E+01  0.10020E+01
-0.75000E+01  0.10020E+01
-0.76000E+01  0.10020E+01
-0.77000E+01  0.10020E+01
-0.78000E+01  0.10020E+01
-0.79000E+01  0.10020E+01
-0.80000E+01  0.10020E+01
