 zone T = "ep =    1.00000000000000      ",
   1.39794000867204       -2.11559606803785     
   1.44794000867204       -2.35900936286488     
   1.49794000867204       -2.60349968069926     
   1.54794000867204       -2.84493415371799     
   1.59794000867204       -3.06813671631912     
   1.64794000867204       -3.23531681522312     
   1.69794000867204       -3.29748804154040     
   1.74794000867204       -3.54092627248654     
   1.79794000867204       -3.78248571904694     
   1.84794000867204       -3.96599044891277     
   1.89794000867204       -4.11261892174878     
   1.94794000867204       -4.35504669724697     
   1.99794000867204       -4.49686645113222     
   2.04794000867204       -4.73418302404690     
   2.09794000867204       -4.88945801534631     
   2.14794000867204       -5.13117588943596     
   2.19794000867204       -5.30976421874800     
   2.24794000867204       -5.49291796825670     
   2.29794000867204       -5.69880782916529     
   2.34794000867204       -5.90172075872737     
   2.39794000867204       -6.08781934613892     
   2.44794000867204       -6.29636701624034     
   2.49794000867204       -6.50600441001982     
   2.54794000867204       -6.69159682170002     
   2.59794000867204       -6.89903351197369     
   2.64794000867204       -7.09979910939536     
   2.69794000867204       -7.29135623721490     
   2.74794000867204       -7.49507887567455     
   2.79794000867204       -7.68972631259773     
   2.84794000867204       -7.89050010820654     
   2.89794000867204       -8.09498484470711     
   2.94794000867204       -8.29326488152753     
   2.99794000867204       -8.49270200704345     
   3.04794000867204       -8.69287860234146     
   3.09794000867204       -8.88866954264619     
   3.14794000867204       -9.08943912641558     
   3.19794000867204       -9.28828686346928     
   3.24794000867204       -9.49054476588148     
   3.29794000867204       -9.68987617990059     
   3.34794000867204       -9.88815749469530     
   3.39794000867204       -10.0874611214787     
   3.44794000867204       -10.2881069748441     
   3.49794000867204       -10.4884316527627     
   3.54794000867204       -10.6876139669945     
   3.59794000867204       -10.8874715766569     
   3.64794000867204       -11.0864309680269     
   3.69794000867204       -11.2866063731953     
   3.74794000867204       -11.4864374748166     
   3.79794000867204       -11.6823460701179     
   3.84794000867204       -11.8794601930066     
   3.89794000867204       -12.0797791704136     
   3.94794000867204       -12.2540258863783     
   3.99794000867204       -12.4267744339604     
   4.04794000867204       -12.5649236736444     
   4.09794000867204       -12.8473977739714     
   4.14794000867204       -12.9944891237678     
   4.19794000867204       -12.9574824506437     
   4.24794000867204       -12.9390683743586     
   4.29794000867204       -12.9455241405763     
   4.34794000867204       -13.7793259990024     
