 zone T = "ep =    1.00000000000000      ",
   1.39794000867204       -2.83971317040349     
   1.44794000867204       -3.06948227328500     
   1.49794000867204       -3.30066157597643     
   1.54794000867204       -3.52169999914366     
   1.59794000867204       -3.70471709216165     
   1.64794000867204       -3.80749420458165     
   1.69794000867204       -3.81022646117677     
   1.74794000867204       -4.03249137974062     
   1.79794000867204       -4.24229508847611     
   1.84794000867204       -4.36168256836024     
   1.89794000867204       -4.46109711501702     
   1.94794000867204       -4.67022277620335     
   1.99794000867204       -4.74300759937820     
   2.04794000867204       -4.95054296381396     
   2.09794000867204       -5.04063357775880     
   2.14794000867204       -5.24769163701749     
   2.19794000867204       -5.37402559462585     
   2.24794000867204       -5.50112646214127     
   2.29794000867204       -5.65734530472068     
   2.34794000867204       -5.81201423394598     
   2.39794000867204       -5.88730685662213     
   2.44794000867204       -6.11033016368662     
   2.49794000867204       -6.27294124141251     
   2.54794000867204       -6.40460512078608     
   2.59794000867204       -6.56295165367805     
   2.64794000867204       -6.71481422031785     
   2.69794000867204       -6.85433904343656     
   2.74794000867204       -7.01116089350751     
   2.79794000867204       -7.15383886864447     
   2.84794000867204       -7.30524771714112     
   2.89794000867204       -7.46104792648227     
   2.94794000867204       -7.60934423629066     
   2.99794000867204       -7.75784227964733     
   3.04794000867204       -7.90865094857913     
   3.09794000867204       -8.05345515487425     
   3.14794000867204       -8.20471889177188     
   3.19794000867204       -8.35313213809554     
   3.24794000867204       -8.50589499579130     
   3.29794000867204       -8.65559781524381     
   3.34794000867204       -8.80331440050883     
   3.39794000867204       -8.95246804750616     
   3.44794000867204       -9.10369179132708     
   3.49794000867204       -9.25391727022305     
   3.54794000867204       -9.40378094903196     
   3.59794000867204       -9.55444956833657     
   3.64794000867204       -9.70402083248309     
   3.69794000867204       -9.85421075263054     
   3.74794000867204       -10.0036245878249     
   3.79794000867204       -10.1532812782699     
   3.84794000867204       -10.3036148278989     
   3.89794000867204       -10.4533015301058     
   3.94794000867204       -10.6035452021494     
   3.99794000867204       -10.7530442375200     
   4.04794000867204       -10.9035604305705     
   4.09794000867204       -11.0531320588225     
   4.14794000867204       -11.2032762689085     
   4.19794000867204       -11.3530199215700     
   4.24794000867204       -11.5030309493698     
   4.29794000867204       -11.6531493176680     
   4.34794000867204       -11.8030550883364     
