 zone T = "ep =    1.00000000000000      ",
   1.30102999566398       -1.99959117466962     
   1.35102999566398       -2.10039383276632     
   1.40102999566398       -2.18591856728449     
   1.45102999566398       -2.27791410176948     
   1.50102999566398       -2.36072645893128     
   1.55102999566398       -2.43948680915413     
   1.60102999566398       -2.51662213931736     
   1.65102999566398       -2.59229814330714     
   1.70102999566398       -2.66490256437918     
   1.75102999566398       -2.73674302582829     
   1.80102999566398       -2.80541405978361     
   1.85102999566398       -2.87103839337385     
   1.90102999566398       -2.93531091697128     
   1.95102999566398       -2.99877543155656     
   2.00102999566398       -3.06015101896221     
   2.05102999566398       -3.12163609879138     
   2.10102999566398       -3.18070526521184     
   2.15102999566398       -3.23922086882390     
   2.20102999566398       -3.29660518150252     
   2.25102999566398       -3.35342752330224     
   2.30102999566398       -3.40883868866126     
   2.35102999566398       -3.46444189764916     
   2.40102999566398       -3.51943625078145     
   2.45102999566398       -3.57370539425183     
   2.50102999566398       -3.62745886159392     
   2.55102999566398       -3.68066061793249     
   2.60102999566398       -3.73373024415731     
   2.65102999566398       -3.78651305305442     
   2.70102999566398       -3.83889988674657     
   2.75102999566398       -3.89098336294163     
   2.80102999566398       -3.94292395233773     
   2.85102999566398       -3.99449831860570     
   2.90102999566398       -4.04608372709861     
   2.95102999566398       -4.09745089283460     
   3.00102999566398       -4.14866362065792     
   3.05102999566398       -4.19965460245327     
   3.10102999566398       -4.25067870688042     
   3.15102999566398       -4.30149884958461     
   3.20102999566398       -4.35227344467963     
   3.25102999566398       -4.40296288567004     
   3.30102999566398       -4.45327875351578     
   3.35102999566398       -4.50408038519918     
   3.40102999566398       -4.55457605524167     
   3.45102999566398       -4.60496462115717     
   3.50102999566398       -4.65535180753827     
   3.55102999566398       -4.70571530908664     
   3.60102999566398       -4.75600339488273     
   3.65102999566398       -4.80628973229912     
   3.70102999566398       -4.85652327040862     
   3.75102999566398       -4.90674072418211     
   3.80102999566398       -4.95692049516272     
   3.85102999566398       -5.00709820934434     
   3.90102999566398       -5.05725286114149     
   3.95102999566398       -5.10738499455377     
   4.00102999566398       -5.15750496986291     
   4.05102999566398       -5.20761398338662     
   4.10102999566398       -5.25770613314011     
   4.15102999566398       -5.30779241625985     
   4.20102999566398       -5.35786969761883     
   4.25102999566398       -5.40793191119174     
   4.30102999566398       -5.45796996318917     
   4.35102999566398       -5.50804825309262     
   4.40102999566398       -5.55809896709576     
   4.45102999566398       -5.60814031325111     
   4.50102999566398       -5.65818015169687     
   4.55102999566398       -5.70821218496409     
   4.60102999566398       -5.75824188464591     
   4.65102999566398       -5.80826956223426     
   4.70102999566398       -5.85829498591930     
   4.75102999566398       -5.90831633746366     
   4.80102999566398       -5.95833427843459     
 zone T = "ep =   0.794328234724281      ",
   1.30102999566398       -2.10254776349933     
   1.35102999566398       -2.19184869671084     
   1.40102999566398       -2.25717244785145     
   1.45102999566398       -2.33681345760724     
   1.50102999566398       -2.40483339891720     
   1.55102999566398       -2.46767479637008     
   1.60102999566398       -2.53068971448102     
   1.65102999566398       -2.59476369733272     
   1.70102999566398       -2.65648232467394     
   1.75102999566398       -2.71993776225189     
   1.80102999566398       -2.77958051301340     
   1.85102999566398       -2.83612614215893     
   1.90102999566398       -2.89208894047583     
   1.95102999566398       -2.94906725193303     
   2.00102999566398       -3.00381519167626     
   2.05102999566398       -3.06099481552403     
   2.10102999566398       -3.11461101552884     
   2.15102999566398       -3.16876405965919     
   2.20102999566398       -3.22188337925283     
   2.25102999566398       -3.27526336384843     
   2.30102999566398       -3.32659517563543     
   2.35102999566398       -3.37966429614632     
   2.40102999566398       -3.43241185943018     
   2.45102999566398       -3.48437564046247     
   2.50102999566398       -3.53599160869936     
   2.55102999566398       -3.58705655059457     
   2.60102999566398       -3.63853960126002     
   2.65102999566398       -3.68998412222700     
   2.70102999566398       -3.74102810144871     
   2.75102999566398       -3.79184050497721     
   2.80102999566398       -3.84277919588173     
   2.85102999566398       -3.89321253412022     
   2.90102999566398       -3.94406788790470     
   2.95102999566398       -3.99470907197424     
   3.00102999566398       -4.04526600650343     
   3.05102999566398       -4.09552825159636     
   3.10102999566398       -4.14612669925445     
   3.15102999566398       -4.19641935664245     
   3.20102999566398       -4.24679265284804     
   3.25102999566398       -4.29712312171262     
   3.30102999566398       -4.34664319593416     
   3.35102999566398       -4.39756319459126     
   3.40102999566398       -4.44781632933859     
   3.45102999566398       -4.49790326457740     
   3.50102999566398       -4.54808703066826     
   3.55102999566398       -4.59829881442364     
   3.60102999566398       -4.64839393923228     
   3.65102999566398       -4.69855578739926     
   3.70102999566398       -4.74864350951260     
   3.75102999566398       -4.79874598719868     
   3.80102999566398       -4.84880063831133     
   3.85102999566398       -4.89889500274554     
   3.90102999566398       -4.94896932594555     
   3.95102999566398       -4.99902067093020     
   4.00102999566398       -5.04907220117069     
   4.05102999566398       -5.09912357024788     
   4.10102999566398       -5.14915625709413     
   4.15102999566398       -5.19919623887871     
   4.20102999566398       -5.24923286813549     
   4.25102999566398       -5.29924809928974     
   4.30102999566398       -5.34921624573120     
   4.35102999566398       -5.39930374812455     
   4.40102999566398       -5.44933195216367     
   4.45102999566398       -5.49934702260269     
   4.50102999566398       -5.54936826142945     
   4.55102999566398       -5.59937811560563     
   4.60102999566398       -5.64938990215185     
   4.65102999566398       -5.69940356248704     
   4.70102999566398       -5.74941771309767     
   4.75102999566398       -5.79942690782822     
   4.80102999566398       -5.84943225728389     
 zone T = "ep =   0.630957344480193      ",
   1.30102999566398       -2.18986564845199     
   1.35102999566398       -2.27131863086574     
   1.40102999566398       -2.32529458650275     
   1.45102999566398       -2.39804639176357     
   1.50102999566398       -2.45847732881062     
   1.55102999566398       -2.51377023618954     
   1.60102999566398       -2.57038743209004     
   1.65102999566398       -2.62933615688421     
   1.70102999566398       -2.68641277347262     
   1.75102999566398       -2.74630843006523     
   1.80102999566398       -2.80231315101623     
   1.85102999566398       -2.85533206055770     
   1.90102999566398       -2.90815573278749     
   1.95102999566398       -2.96267757274342     
   2.00102999566398       -3.01500307991344     
   2.05102999566398       -3.07054417929152     
   2.10102999566398       -3.12222638791229     
   2.15102999566398       -3.17482361646616     
   2.20102999566398       -3.22645956289263     
   2.25102999566398       -3.27863234153321     
   2.30102999566398       -3.32860803226780     
   2.35102999566398       -3.38078992375508     
   2.40102999566398       -3.43275360107966     
   2.45102999566398       -3.48393762048175     
   2.50102999566398       -3.53483901684698     
   2.55102999566398       -3.58520642652495     
   2.60102999566398       -3.63615728877532     
   2.65102999566398       -3.68714950687037     
   2.70102999566398       -3.73775082901832     
   2.75102999566398       -3.78814981051993     
   2.80102999566398       -3.83875613488222     
   2.85102999566398       -3.88882749706395     
   2.90102999566398       -3.93943752020394     
   2.95102999566398       -3.98984029824655     
   3.00102999566398       -4.04018273097379     
   3.05102999566398       -4.09021582838296     
   3.10102999566398       -4.14066956395982     
   3.15102999566398       -4.19079421449027     
   3.20102999566398       -4.24103608933707     
   3.25102999566398       -4.29124917405052     
   3.30102999566398       -4.34053956234584     
   3.35102999566398       -4.39147255859018     
   3.40102999566398       -4.44164580699070     
   3.45102999566398       -4.49163914318089     
   3.50102999566398       -4.54175669682297     
   3.55102999566398       -4.59191724546677     
   3.60102999566398       -4.64195159041343     
   3.65102999566398       -4.69207172489861     
   3.70102999566398       -4.74211315154410     
   3.75102999566398       -4.79217830102380     
   3.80102999566398       -4.84219376715445     
   3.85102999566398       -4.89226058113014     
   3.90102999566398       -4.94230877385263     
   3.95102999566398       -4.99233443041893     
   4.00102999566398       -5.04236399922935     
   4.05102999566398       -5.09239667489490     
   4.10102999566398       -5.14241059073615     
   4.15102999566398       -5.19243559332642     
   4.20102999566398       -5.24245903389931     
   4.25102999566398       -5.29245970461452     
   4.30102999566398       -5.34240755813092     
   4.35102999566398       -5.39249564300478     
   4.40102999566398       -5.44251634745382     
   4.45102999566398       -5.49252311245426     
   4.50102999566398       -5.54253820695457     
   4.55102999566398       -5.59254112328237     
   4.60102999566398       -5.64254721052977     
   4.65102999566398       -5.69255629978487     
   4.70102999566398       -5.74256669479136     
   4.75102999566398       -5.79257199197549     
   4.80102999566398       -5.84257340949745     
 zone T = "ep =   0.501187233627272      ",
   1.30102999566398       -2.27772387102269     
   1.35102999566398       -2.35392202036061     
   1.40102999566398       -2.40172814922979     
   1.45102999566398       -2.47024504129565     
   1.50102999566398       -2.52655290648398     
   1.55102999566398       -2.57792572915765     
   1.60102999566398       -2.63119979969731     
   1.65102999566398       -2.68741800214140     
   1.70102999566398       -2.74207910864727     
   1.75102999566398       -2.80002034300287     
   1.80102999566398       -2.85412957531063     
   1.85102999566398       -2.90541008020320     
   1.90102999566398       -2.95667499340771     
   1.95102999566398       -3.00992949576337     
   2.00102999566398       -3.06106551154269     
   2.05102999566398       -3.11570342816760     
   2.10102999566398       -3.16644317405601     
   2.15102999566398       -3.21825146416219     
   2.20102999566398       -3.26915497617412     
   2.25102999566398       -3.32071439952567     
   2.30102999566398       -3.37006109963987     
   2.35102999566398       -3.42177832088470     
   2.40102999566398       -3.47333214265450     
   2.45102999566398       -3.52412598541562     
   2.50102999566398       -3.57467484649598     
   2.55102999566398       -3.62471034034221     
   2.60102999566398       -3.67539172635175     
   2.65102999566398       -3.72615114285697     
   2.70102999566398       -3.77653334791830     
   2.75102999566398       -3.82673141257547     
   2.80102999566398       -3.87716970065994     
   2.85102999566398       -3.92707180794135     
   2.90102999566398       -3.97755404178171     
   2.95102999566398       -4.02783696090314     
   3.00102999566398       -4.07807214421036     
   3.05102999566398       -4.12799843138012     
   3.10102999566398       -4.17837460725495     
   3.15102999566398       -4.22841862197835     
   3.20102999566398       -4.27859401241443     
   3.25102999566398       -4.32874782443446     
   3.30102999566398       -4.37794845888577     
   3.35102999566398       -4.42886575174085     
   3.40102999566398       -4.47899800506824     
   3.45102999566398       -4.52894821017004     
   3.50102999566398       -4.57903239175560     
   3.55102999566398       -4.62916549688947     
   3.60102999566398       -4.67917093004148     
   3.65102999566398       -4.72926896573151     
   3.70102999566398       -4.77928801392617     
   3.75102999566398       -4.82933438152269     
   3.80102999566398       -4.87933136436396     
   3.85102999566398       -4.92938387910833     
   3.90102999566398       -4.97941886263749     
   3.95102999566398       -5.02943204056716     
   4.00102999566398       -5.07945076364781     
   4.05102999566398       -5.12947403280454     
   4.10102999566398       -5.17947894333446     
   4.15102999566398       -5.22949643574680     
   4.20102999566398       -5.27951323085530     
   4.25102999566398       -5.32950715278857     
   4.30102999566398       -5.37944683807036     
   4.35102999566398       -5.42953313817921     
   4.40102999566398       -5.47954989152915     
   4.45102999566398       -5.52955265822070     
   4.50102999566398       -5.57956455927745     
   4.55102999566398       -5.62956419945258     
   4.60102999566398       -5.67956750924776     
   4.65102999566398       -5.72957427270965     
   4.70102999566398       -5.77958268858371     
   4.75102999566398       -5.82958605992661     
   4.80102999566398       -5.87958562622554     
 zone T = "ep =   0.398107170553497      ",
   1.30102999566398       -2.36843189692359     
   1.35102999566398       -2.44105568502698     
   1.40102999566398       -2.48531344175064     
   1.45102999566398       -2.55102778523586     
   1.50102999566398       -2.60488069589209     
   1.55102999566398       -2.65397924806485     
   1.60102999566398       -2.70526901237690     
   1.65102999566398       -2.75981950855456     
   1.70102999566398       -2.81302846284619     
   1.75102999566398       -2.86972646399426     
   1.80102999566398       -2.92267647501836     
   1.85102999566398       -2.97294744685694     
   1.90102999566398       -3.02329194411637     
   1.95102999566398       -3.07576820444663     
   2.00102999566398       -3.12620520172254     
   2.05102999566398       -3.18025332808203     
   2.10102999566398       -3.23043968102464     
   2.15102999566398       -3.28176557323835     
   2.20102999566398       -3.33223080355586     
   2.25102999566398       -3.38341323824506     
   2.30102999566398       -3.43240496947837     
   2.35102999566398       -3.48382808324061     
   2.40102999566398       -3.53512281138126     
   2.45102999566398       -3.58567869686196     
   2.50102999566398       -3.63601511289631     
   2.55102999566398       -3.68585702434189     
   2.60102999566398       -3.73637188418883     
   2.65102999566398       -3.78698542882371     
   2.70102999566398       -3.83723477978346     
   2.75102999566398       -3.88731294211855     
   2.80102999566398       -3.93764735666052     
   2.85102999566398       -3.98745200195678     
   2.90102999566398       -4.03785320662797     
   2.95102999566398       -4.08806228701702     
   3.00102999566398       -4.13823170737179     
   3.05102999566398       -4.18809658427319     
   3.10102999566398       -4.23842242410105     
   3.15102999566398       -4.28841873642718     
   3.20102999566398       -4.33855290800438     
   3.25102999566398       -4.38867002937357     
   3.30102999566398       -4.43782878454322     
   3.35102999566398       -4.48872472906864     
   3.40102999566398       -4.53883125289571     
   3.45102999566398       -4.58875690213273     
   3.50102999566398       -4.63882044499407     
   3.55102999566398       -4.68893573056728     
   3.60102999566398       -4.73892418115594     
   3.65102999566398       -4.78900798606255     
   3.70102999566398       -4.83901369006011     
   3.75102999566398       -4.88904845591752     
   3.80102999566398       -4.93903466536930     
   3.85102999566398       -4.98907811795900     
   3.90102999566398       -5.03910490870715     
   3.95102999566398       -5.08911061062365     
   4.00102999566398       -5.13912273968430     
   4.05102999566398       -5.18914019669945     
   4.10102999566398       -5.23913977286059     
   4.15102999566398       -5.28915263889259     
   4.20102999566398       -5.33916532294883     
   4.25102999566398       -5.38915537660013     
   4.30102999566398       -5.43909108186320     
   4.35102999566398       -5.48917519337946     
   4.40102999566398       -5.53918941244497     
   4.45102999566398       -5.58918980288813     
   4.50102999566398       -5.63919967738421     
   4.55102999566398       -5.68919740529194     
   4.60102999566398       -5.73919904591680     
   4.65102999566398       -5.78920435868072     
   4.70102999566398       -5.83921150481398     
   4.75102999566398       -5.88921370449916     
   4.80102999566398       -5.93921219327019     
 zone T = "ep =   0.316227766016838      ",
   1.30102999566398       -2.46163421173971     
   1.35102999566398       -2.53176804536578     
   1.40102999566398       -2.57385558082032     
   1.45102999566398       -2.63762284123472     
   1.50102999566398       -2.68990165157380     
   1.55102999566398       -2.73756348212833     
   1.60102999566398       -2.78756729093718     
   1.65102999566398       -2.84100823258759     
   1.70102999566398       -2.89326087908536     
   1.75102999566398       -2.94910241278150     
   1.80102999566398       -3.00127473000375     
   1.85102999566398       -3.05089528700299     
   1.90102999566398       -3.10063692845272     
   1.95102999566398       -3.15258747799775     
   2.00102999566398       -3.20256759714772     
   2.05102999566398       -3.25619912520979     
   2.10102999566398       -3.30602330572350     
   2.15102999566398       -3.35702329546562     
   2.20102999566398       -3.40719691597238     
   2.25102999566398       -3.45812345744031     
   2.30102999566398       -3.50688959986900     
   2.35102999566398       -3.55810871923377     
   2.40102999566398       -3.60922388667675     
   2.45102999566398       -3.65961890274061     
   2.50102999566398       -3.70981292542703     
   2.55102999566398       -3.75952823823528     
   2.60102999566398       -3.80992936442203     
   2.65102999566398       -3.86044231247817     
   2.70102999566398       -3.91060214129839     
   2.75102999566398       -3.96060043292376     
   2.80102999566398       -4.01086385869981     
   2.85102999566398       -4.06060533191049     
   2.90102999566398       -4.11095017021464     
   2.95102999566398       -4.16110889103658     
   3.00102999566398       -4.21123360790228     
   3.05102999566398       -4.26105871272653     
   3.10102999566398       -4.31134898624239     
   3.15102999566398       -4.36131370828513     
   3.20102999566398       -4.41141963389749     
   3.25102999566398       -4.46151163974464     
   3.30102999566398       -4.51064827809035     
   3.35102999566398       -4.56152403880093     
   3.40102999566398       -4.61161277934630     
   3.45102999566398       -4.66152264353362     
   3.50102999566398       -4.71157206549686     
   3.55102999566398       -4.76167475289033     
   3.60102999566398       -4.81165201393057     
   3.65102999566398       -4.86172581150553     
   3.70102999566398       -4.91172262235488     
   3.75102999566398       -4.96174945645079     
   3.80102999566398       -5.01172860912957     
   3.85102999566398       -5.06176575602534     
   3.90102999566398       -5.11178692940113     
   3.95102999566398       -5.16178763127991     
   4.00102999566398       -5.21179530255603     
   4.05102999566398       -5.26180878496744     
   4.10102999566398       -5.31180482340907     
   4.15102999566398       -5.36181453240279     
   4.20102999566398       -5.41182440273327     
   4.25102999566398       -5.46181195563645     
   4.30102999566398       -5.51174545057521     
   4.35102999566398       -5.56182754490940     
   4.40102999566398       -5.61183998629946     
   4.45102999566398       -5.66183879687934     
   4.50102999566398       -5.71184725988176     
   4.55102999566398       -5.76184373373873     
   4.60102999566398       -5.81184425538037     
   4.65102999566398       -5.86184856951650     
   4.70102999566398       -5.91185482484245     
   4.75102999566398       -5.96185623202690     
   4.80102999566398       -6.01185401568906     
 zone T = "ep =   0.251188643150958      ",
   1.30102999566398       -2.55668091083889     
   1.35102999566398       -2.62503836249995     
   1.40102999566398       -2.66572726311212     
   1.45102999566398       -2.72809569180691     
   1.50102999566398       -2.77930868940474     
   1.55102999566398       -2.82600586710186     
   1.60102999566398       -2.87512588160490     
   1.65102999566398       -2.92778777972780     
   1.70102999566398       -2.97937333159530     
   1.75102999566398       -3.03459715665209     
   1.80102999566398       -3.08621827185290     
   1.85102999566398       -3.13539128834968     
   1.90102999566398       -3.18471240641041     
   1.95102999566398       -3.23628791059152     
   2.00102999566398       -3.28594959910249     
   2.05102999566398       -3.33927466785055     
   2.10102999566398       -3.38884596786929     
   2.15102999566398       -3.43961310938599     
   2.20102999566398       -3.48958052472728     
   2.25102999566398       -3.54032357168729     
   2.30102999566398       -3.58893543559601     
   2.35102999566398       -3.64000608241978     
   2.40102999566398       -3.69099062951074     
   2.45102999566398       -3.74127053272290     
   2.50102999566398       -3.79136325849581     
   2.55102999566398       -3.84099005643238     
   2.60102999566398       -3.89130920767246     
   2.65102999566398       -3.94174918014973     
   2.70102999566398       -3.99184506774081     
   2.75102999566398       -4.04178675989318     
   2.80102999566398       -4.09199898898052     
   2.85102999566398       -4.14169655944695     
   2.90102999566398       -4.19200026509141     
   2.95102999566398       -4.24212271105175     
   3.00102999566398       -4.29221529894497     
   3.05102999566398       -4.34201277538634     
   3.10102999566398       -4.39227683050441     
   3.15102999566398       -4.44221925217115     
   3.20102999566398       -4.49230476467658     
   3.25102999566398       -4.54237863298124     
   3.30102999566398       -4.59150245470079     
   3.35102999566398       -4.64236095528924     
   3.40102999566398       -4.69243677050590     
   3.45102999566398       -4.74233572791385     
   3.50102999566398       -4.79237495482090     
   3.55102999566398       -4.84246835079957     
   3.60102999566398       -4.89243774017925     
   3.65102999566398       -4.94250418203249     
   3.70102999566398       -4.99249468613904     
   3.75102999566398       -5.04251579640900     
   3.80102999566398       -5.09249000546635     
   3.85102999566398       -5.14252254879739     
   3.90102999566398       -5.19253966060585     
   3.95102999566398       -5.24253680777876     
   4.00102999566398       -5.29254128637531     
   4.05102999566398       -5.34255190002394     
   4.10102999566398       -5.39254543811879     
   4.15102999566398       -5.44255287165778     
   4.20102999566398       -5.49256070994553     
   4.25102999566398       -5.54254652753171     
   4.30102999566398       -5.59247867357673     
   4.35102999566398       -5.64255906106824     
   4.40102999566398       -5.69257019785709     
   4.45102999566398       -5.74256788986578     
   4.50102999566398       -5.79257532171714     
   4.55102999566398       -5.84257091627415     
   4.60102999566398       -5.89257064107801     
   4.65102999566398       -5.94257423125188     
   4.70102999566398       -5.99257983276066     
   4.75102999566398       -6.04258067213873     
   4.80102999566398       -6.09257796216724     
 zone T = "ep =   0.199526231496888      ",
   1.30102999566398       -2.65304362132693     
   1.35102999566398       -2.72010673527709     
   1.40102999566398       -2.75985529951784     
   1.45102999566398       -2.82119427588973     
   1.50102999566398       -2.87165648322528     
   1.55102999566398       -2.91767728946539     
   1.60102999566398       -2.96616526756383     
   1.65102999566398       -3.01826065948770     
   1.70102999566398       -3.06936311336756     
   1.75102999566398       -3.12412862513723     
   1.80102999566398       -3.17534546945120     
   1.85102999566398       -3.22419714588930     
   1.90102999566398       -3.27321308976897     
   1.95102999566398       -3.32451202088639     
   2.00102999566398       -3.37394267333027     
   2.05102999566398       -3.42703694402702     
   2.10102999566398       -3.47642444952535     
   2.15102999566398       -3.52701957640530     
   2.20102999566398       -3.57683571657137     
   2.25102999566398       -3.62744284396727     
   2.30102999566398       -3.67594418419698     
   2.35102999566398       -3.72690372733025     
   2.40102999566398       -3.77779056248797     
   2.45102999566398       -3.82798529165816     
   2.50102999566398       -3.87800336281824     
   2.55102999566398       -3.92756570442143     
   2.60102999566398       -3.97782389432486     
   2.65102999566398       -4.02820936369174     
   2.70102999566398       -4.07825798979048     
   2.75102999566398       -4.12815807077269     
   2.80102999566398       -4.17833220843869     
   2.85102999566398       -4.22799793837820     
   2.90102999566398       -4.27827079934371     
   2.95102999566398       -4.32836627597042     
   3.00102999566398       -4.37843501262487     
   3.05102999566398       -4.42821245620498     
   3.10102999566398       -4.47845671940466     
   3.15102999566398       -4.52838278728936     
   3.20102999566398       -4.57845308894589     
   3.25102999566398       -4.62851344861549     
   3.30102999566398       -4.67762929279485     
   3.35102999566398       -4.72847360402022     
   3.40102999566398       -4.77853975121139     
   3.45102999566398       -4.82843082997150     
   3.50102999566398       -4.87846246473341     
   3.55102999566398       -4.92854884419628     
   3.60102999566398       -4.97851247448916     
   3.65102999566398       -5.02857337365191     
   3.70102999566398       -5.07855923777580     
   3.75102999566398       -5.12857608689707     
   3.80102999566398       -5.17854668959865     
   3.85102999566398       -5.22857577931725     
   3.90102999566398       -5.27858986351515     
   3.95102999566398       -5.32858439092825     
   4.00102999566398       -5.37858650471947     
   4.05102999566398       -5.42859498239460     
   4.10102999566398       -5.47858668520897     
   4.15102999566398       -5.52859242612173     
   4.20102999566398       -5.57859875083845     
   4.25102999566398       -5.62858331099285     
   4.30102999566398       -5.67851457521027     
   4.35102999566398       -5.72859356712426     
   4.40102999566398       -5.77860372185060     
   4.45102999566398       -5.82860059181063     
   4.50102999566398       -5.87860724974765     
   4.55102999566398       -5.92860220245115     
   4.60102999566398       -5.97860133933185     
   4.65102999566398       -6.02860438888308     
   4.70102999566398       -6.07860949818830     
   4.75102999566398       -6.12860991687787     
   4.80102999566398       -6.17860684695925     
 zone T = "ep =   0.158489319246111      ",
   1.30102999566398       -2.75034401710115     
   1.35102999566398       -2.81644721212884     
   1.40102999566398       -2.85554179620465     
   1.45102999566398       -2.91610956846014     
   1.50102999566398       -2.96602735956682     
   1.55102999566398       -3.01155894290035     
   1.60102999566398       -3.05958231810963     
   1.65102999566398       -3.11125588684062     
   1.70102999566398       -3.16199957836194     
   1.75102999566398       -3.21641866365410     
   1.80102999566398       -3.26733230690944     
   1.85102999566398       -3.31594662931581     
   1.90102999566398       -3.36473532170148     
   1.95102999566398       -3.41582592090684     
   2.00102999566398       -3.46508451682576     
   2.05102999566398       -3.51800237284345     
   2.10102999566398       -3.56725279981240     
   2.15102999566398       -3.61771814102989     
   2.20102999566398       -3.66742068460749     
   2.25102999566398       -3.71792505789164     
   2.30102999566398       -3.76634479136225     
   2.35102999566398       -3.81721974594873     
   2.40102999566398       -3.86803220452164     
   2.45102999566398       -3.91816257917570     
   2.50102999566398       -3.96812439706597     
   2.55102999566398       -4.01763857420512     
   2.60102999566398       -4.06785054055529     
   2.65102999566398       -4.11819456220716     
   2.70102999566398       -4.16820750102088     
   2.75102999566398       -4.21807627680083     
   2.80102999566398       -4.26822152087119     
   2.85102999566398       -4.31786352347009     
   2.90102999566398       -4.36811286279632     
   2.95102999566398       -4.41818789171452     
   3.00102999566398       -4.46823856319303     
   3.05102999566398       -4.51800108025099     
   3.10102999566398       -4.56823018283785     
   3.15102999566398       -4.61814396786906     
   3.20102999566398       -4.66820271885133     
   3.25102999566398       -4.71825282384604     
   3.30102999566398       -4.76736341985375     
   3.35102999566398       -4.81819627227371     
   3.40102999566398       -4.86825505886897     
   3.45102999566398       -4.91814028268731     
   3.50102999566398       -4.96816615451664     
   3.55102999566398       -5.01824715786013     
   3.60102999566398       -5.06820646959450     
   3.65102999566398       -5.11826312800488     
   3.70102999566398       -5.16824549919682     
   3.75102999566398       -5.21825911448446     
   3.80102999566398       -5.26822701838323     
   3.85102999566398       -5.31825347348102     
   3.90102999566398       -5.36826525794970     
   3.95102999566398       -5.41825781087552     
   4.00102999566398       -5.46825813616779     
   4.05102999566398       -5.51826499266415     
   4.10102999566398       -5.56825531611265     
   4.15102999566398       -5.61825977315869     
   4.20102999566398       -5.66826494878831     
   4.25102999566398       -5.71824857239825     
   4.30102999566398       -5.76817923042451     
   4.35102999566398       -5.81825709885842     
   4.40102999566398       -5.86826650269230     
   4.45102999566398       -5.91826275428640     
   4.50102999566398       -5.96826882165980     
   4.55102999566398       -6.01826329381486     
   4.60102999566398       -6.06826198723752     
   4.65102999566398       -6.11826462564353     
   4.70102999566398       -6.16826935857784     
   4.75102999566398       -6.21826945904524     
   4.80102999566398       -6.26826611985190     
 zone T = "ep =   0.125892541179417      ",
   1.30102999566398       -2.84831877249217     
   1.35102999566398       -2.91369976531068     
   1.40102999566398       -2.95232706158401     
   1.45102999566398       -3.01230933299268     
   1.50102999566398       -3.06182380857048     
   1.55102999566398       -3.10699343377797     
   1.60102999566398       -3.15466856806122     
   1.65102999566398       -3.20602282117070     
   1.70102999566398       -3.25649540464346     
   1.75102999566398       -3.31064927621662     
   1.80102999566398       -3.36133204670452     
   1.85102999566398       -3.40976762216841     
   1.90102999566398       -3.45838411780997     
   1.95102999566398       -3.50931553983958     
   2.00102999566398       -3.55844373695373     
   2.05102999566398       -3.61122539571967     
   2.10102999566398       -3.66037180642956     
   2.15102999566398       -3.71073784379606     
   2.20102999566398       -3.76035375691666     
   2.25102999566398       -3.81077939477974     
   2.30102999566398       -3.85913764104268     
   2.35102999566398       -3.90994745582704     
   2.40102999566398       -3.96070264688298     
   2.45102999566398       -4.01078372389396     
   2.50102999566398       -4.06070253159319     
   2.55102999566398       -4.11018009974225     
   2.60102999566398       -4.16035656797882     
   2.65102999566398       -4.21066869450645     
   2.70102999566398       -4.26065430560440     
   2.75102999566398       -4.31049917086001     
   2.80102999566398       -4.36062221911212     
   2.85102999566398       -4.41024622096455     
   2.90102999566398       -4.46047742427436     
   2.95102999566398       -4.51053675006863     
   3.00102999566398       -4.56057355796311     
   3.05102999566398       -4.61032475172235     
   3.10102999566398       -4.66054212884544     
   3.15102999566398       -4.71044654300590     
   3.20102999566398       -4.76049641367784     
   3.25102999566398       -4.81053863654840     
   3.30102999566398       -4.85964562894392     
   3.35102999566398       -4.91046930744106     
   3.40102999566398       -4.96052242496703     
   3.45102999566398       -5.01040321549059     
   3.50102999566398       -5.06042465789044     
   3.55102999566398       -5.11050150240383     
   3.60102999566398       -5.16045752307247     
   3.65102999566398       -5.21051090415935     
   3.70102999566398       -5.26049060615924     
   3.75102999566398       -5.31050173623792     
   3.80102999566398       -5.36046758639870     
   3.85102999566398       -5.41049200951616     
   3.90102999566398       -5.46050202554431     
   3.95102999566398       -5.51049306835656     
   4.00102999566398       -5.56049202246926     
   4.05102999566398       -5.61049763299363     
   4.10102999566398       -5.66048690355647     
   4.15102999566398       -5.71049037431058     
   4.20102999566398       -5.76049466663573     
   4.25102999566398       -5.81047757995387     
   4.30102999566398       -5.86040780570213     
   4.35102999566398       -5.91048477644452     
   4.40102999566398       -5.96049360023493     
   4.45102999566398       -6.01048937953803     
   4.50102999566398       -6.06049499133835     
   4.55102999566398       -6.11048909768640     
   4.60102999566398       -6.16048745174654     
   4.65102999566398       -6.21048977372970     
   4.70102999566398       -6.26049421592850     
   4.75102999566398       -6.31049407239159     
   4.80102999566398       -6.36049052832356     
 zone T = "ep =   0.100000000000000      ",
   1.30102999566398       -2.94678455508865     
   1.35102999566398       -3.01161592287215     
   1.40102999566398       -3.04990204783851     
   1.45102999566398       -3.10943528198777     
   1.50102999566398       -3.15864614769182     
   1.55102999566398       -3.20354346374959     
   1.60102999566398       -3.25095387770521     
   1.65102999566398       -3.30206354478923     
   1.70102999566398       -3.35232870766837     
   1.75102999566398       -3.40627769470395     
   1.80102999566398       -3.45678278813970     
   1.85102999566398       -3.50508191178656     
   1.90102999566398       -3.55356633869730     
   1.95102999566398       -3.60437493242532     
   2.00102999566398       -3.65340309535775     
   2.05102999566398       -3.70607886686475     
   2.10102999566398       -3.75514540435573     
   2.15102999566398       -3.80543472466363     
   2.20102999566398       -3.85498386790313     
   2.25102999566398       -3.90534861289650     
   2.30102999566398       -3.95365988149617     
   2.35102999566398       -4.00441913725962     
   2.40102999566398       -4.05512988383499     
   2.45102999566398       -4.10517283993759     
   2.50102999566398       -4.15505843349209     
   2.55102999566398       -4.20450785013859     
   2.60102999566398       -4.25465681823437     
   2.65102999566398       -4.30494420024057     
   2.70102999566398       -4.35490868395910     
   2.75102999566398       -4.40473509750573     
   2.80102999566398       -4.45484094692518     
   2.85102999566398       -4.50445112486376     
   2.90102999566398       -4.55466823829109     
   2.95102999566398       -4.60471539859916     
   3.00102999566398       -4.65474147153481     
   3.05102999566398       -4.70448396967602     
   3.10102999566398       -4.75469221742323     
   3.15102999566398       -4.80458940576867     
   3.20102999566398       -4.85463239124913     
   3.25102999566398       -4.90466850384536     
   3.30102999566398       -4.95377293885707     
   3.35102999566398       -5.00458930464166     
   3.40102999566398       -5.05463802117099     
   3.45102999566398       -5.10451541174251     
   3.50102999566398       -5.15453342049248     
   3.55102999566398       -5.20460702646499     
   3.60102999566398       -5.25456051140833     
   3.65102999566398       -5.30461134214527     
   3.70102999566398       -5.35458898351381     
   3.75102999566398       -5.40459818726363     
   3.80102999566398       -5.45456245667431     
   3.85102999566398       -5.50458530077814     
   3.90102999566398       -5.55459394545535     
   3.95102999566398       -5.60458382174549     
   4.00102999566398       -5.65458171483611     
   4.05102999566398       -5.70458635953291     
   4.10102999566398       -5.75457481791401     
   4.15102999566398       -5.80457752437131     
   4.20102999566398       -5.85458113190492     
   4.25102999566398       -5.90456349984439     
   4.30102999566398       -5.95449340895804     
   4.35102999566398       -6.00456966506052     
   4.40102999566398       -6.05457803761159     
   4.45102999566398       -6.10457345243842     
   4.50102999566398       -6.15457871015789     
   4.55102999566398       -6.20457253488057     
   4.60102999566398       -6.25457062670228     
   4.65102999566398       -6.30457270316424     
   4.70102999566398       -6.35457691917624     
   4.75102999566398       -6.40457658680864     
   4.80102999566398       -6.45457288507917     
 zone T = "ep =   7.943282347242814E-002 ",
   1.30102999566398       -3.04561242451171     
   1.35102999566398       -3.11002168902251     
   1.40102999566398       -3.14805439821547     
   1.45102999566398       -3.20724057588889     
   1.50102999566398       -3.25622010585453     
   1.55102999566398       -3.30090998620154     
   1.60102999566398       -3.34811707778108     
   1.65102999566398       -3.39903777944624     
   1.70102999566398       -3.44914281629773     
   1.75102999566398       -3.50293247937093     
   1.80102999566398       -3.55329978473675     
   1.85102999566398       -3.60149372431044     
   1.90102999566398       -3.64987598097719     
   1.95102999566398       -3.70058912294129     
   2.00102999566398       -3.74953988056545     
   2.05102999566398       -3.80213291073422     
   2.10102999566398       -3.85113759509760     
   2.15102999566398       -3.90136724073961     
   2.20102999566398       -3.95086453432508     
   2.25102999566398       -4.00118187494422     
   2.30102999566398       -4.04945689727169     
   2.35102999566398       -4.10017669017463     
   2.40102999566398       -4.15085274885529     
   2.45102999566398       -4.20086602999463     
   2.50102999566398       -4.25072579342832     
   2.55102999566398       -4.30015338448328     
   2.60102999566398       -4.35028091654124     
   2.65102999566398       -4.40054899040856     
   2.70102999566398       -4.45049702985971     
   2.75102999566398       -4.50030910073368     
   2.80102999566398       -4.55040154152877     
   2.85102999566398       -4.60000101198869     
   2.90102999566398       -4.65020711978446     
   2.95102999566398       -4.70024479683152     
   3.00102999566398       -4.75026250467665     
   3.05102999566398       -4.79999826760648     
   3.10102999566398       -4.85019937317928     
   3.15102999566398       -4.90009094794786     
   3.20102999566398       -4.95012856316006     
   3.25102999566398       -5.00015991046059     
   3.30102999566398       -5.04926248393643     
   3.35102999566398       -5.10007303350598     
   3.40102999566398       -5.15011831422208     
   3.45102999566398       -5.19999307391525     
   3.50102999566398       -5.25000840485322     
   3.55102999566398       -5.30007947692324     
   3.60102999566398       -5.35003099303057     
   3.65102999566398       -5.40007982929790     
   3.70102999566398       -5.45005586841638     
   3.75102999566398       -5.50006356997147     
   3.80102999566398       -5.55002661294790     
   3.85102999566398       -5.60004822345477     
   3.90102999566398       -5.65005579838265     
   3.95102999566398       -5.70004476724149     
   4.00102999566398       -5.75004183393591     
   4.05102999566398       -5.80004572542989     
   4.10102999566398       -5.85003355266050     
   4.15102999566398       -5.90003566321354     
   4.20102999566398       -5.95003873665818     
   4.25102999566398       -6.00002068221702     
   4.30102999566398       -6.04995035478426     
   4.35102999566398       -6.10002604299827     
   4.40102999566398       -6.15003406273233     
   4.45102999566398       -6.20002919423714     
   4.50102999566398       -6.25003417531481     
   4.55102999566398       -6.30002778149715     
   4.60102999566398       -6.35002566925803     
   4.65102999566398       -6.40002755411334     
   4.70102999566398       -6.45003159327856     
   4.75102999566398       -6.50003111383232     
   4.80102999566398       -6.55002728978916     
 zone T = "ep =   6.309573444801933E-002 ",
   1.30102999566398       -3.14471046674904     
   1.35102999566398       -3.20879323500584     
   1.40102999566398       -3.24663511168849     
   1.45102999566398       -3.30555144898556     
   1.50102999566398       -3.35435307939085     
   1.55102999566398       -3.39888344697529     
   1.60102999566398       -3.44593316500559     
   1.65102999566398       -3.49670693707483     
   1.70102999566398       -3.54668753584102     
   1.75102999566398       -3.60035269767218     
   1.80102999566398       -3.65061254692632     
   1.85102999566398       -3.69872482605351     
   1.90102999566398       -3.74702754384430     
   1.95102999566398       -3.79766612486944     
   2.00102999566398       -3.84655661067407     
   2.05102999566398       -3.89908474250689     
   2.10102999566398       -3.94804123508545     
   2.15102999566398       -3.99822423101559     
   2.20102999566398       -4.04768104207962     
   2.25102999566398       -4.09796130215147     
   2.30102999566398       -4.14620815960325     
   2.35102999566398       -4.19689702385943     
   2.40102999566398       -4.24754589755655     
   2.45102999566398       -4.29753596679867     
   2.50102999566398       -4.34737554027326     
   2.55102999566398       -4.39678611031008     
   2.60102999566398       -4.44689685822566     
   2.65102999566398       -4.49714980250724     
   2.70102999566398       -4.54708498024373     
   2.75102999566398       -4.59688584406830     
   2.80102999566398       -4.64696778466849     
   2.85102999566398       -4.69655891042070     
   2.90102999566398       -4.74675638778242     
   2.95102999566398       -4.79678663923122     
   3.00102999566398       -4.84679779877983     
   3.05102999566398       -4.89652831274472     
   3.10102999566398       -4.94672381108639     
   3.15102999566398       -4.99661100127809     
   3.20102999566398       -5.04664440964650     
   3.25102999566398       -5.09667202433475     
   3.30102999566398       -5.14577321610661     
   3.35102999566398       -5.19657914482175     
   3.40102999566398       -5.24662173225060     
   3.45102999566398       -5.29649444308882     
   3.50102999566398       -5.34650767653359     
   3.55102999566398       -5.39657675908923     
   3.60102999566398       -5.44652673804010     
   3.65102999566398       -5.49657400889235     
   3.70102999566398       -5.54654879573723     
   3.75102999566398       -5.59655532070060     
   3.80102999566398       -5.64651740667485     
   3.85102999566398       -5.69653804967722     
   3.90102999566398       -5.74654478653011     
   3.95102999566398       -5.79653304593484     
   4.00102999566398       -5.84652946593610     
   4.05102999566398       -5.89653276746523     
   4.10102999566398       -5.94652010162088     
   4.15102999566398       -5.99652174549426     
   4.20102999566398       -6.04652440057591     
   4.25102999566398       -6.09650601697581     
   4.30102999566398       -6.14643551022349     
   4.35102999566398       -6.19651074755354     
   4.40102999566398       -6.24651849042131     
   4.45102999566398       -6.29651340053376     
   4.50102999566398       -6.34651816461957     
   4.55102999566398       -6.39651160024851     
   4.60102999566398       -6.44650932843737     
   4.65102999566398       -6.49651106313834     
   4.70102999566398       -6.54651496351926     
   4.75102999566398       -6.59651436897022     
   4.80102999566398       -6.64651044949279     
 zone T = "ep =   5.011872336272723E-002 ",
   1.30102999566398       -3.24401223082407     
   1.35102999566398       -3.30784103020881     
   1.40102999566398       -3.34553762308574     
   1.45102999566398       -3.40424318606049     
   1.50102999566398       -3.45290703780937     
   1.55102999566398       -3.49731386053933     
   1.60102999566398       -3.54424105890929     
   1.65102999566398       -3.59490003528646     
   1.70102999566398       -3.64478344804355     
   1.75102999566398       -3.69835096200317     
   1.80102999566398       -3.74852665796723     
   1.85102999566398       -3.79657520351593     
   1.90102999566398       -3.84481571171508     
   1.95102999566398       -3.89539582638662     
   2.00102999566398       -3.94423916358659     
   2.05102999566398       -3.99671624803484     
   2.10102999566398       -4.04563502343062     
   2.15102999566398       -4.09578141703958     
   2.20102999566398       -4.14520649389427     
   2.25102999566398       -4.19545764602187     
   2.30102999566398       -4.24368250432353     
   2.35102999566398       -4.29434705431278     
   2.40102999566398       -4.34497455754644     
   2.45102999566398       -4.39494640556252     
   2.50102999566398       -4.44477013848727     
   2.55102999566398       -4.49416737700060     
   2.60102999566398       -4.54426493951031     
   2.65102999566398       -4.59450599140973     
   2.70102999566398       -4.64443107329265     
   2.75102999566398       -4.69422314648804     
   2.80102999566398       -4.74429683740691     
   2.85102999566398       -4.79388143052850     
   2.90102999566398       -4.84407212018184     
   2.95102999566398       -4.89409653793941     
   3.00102999566398       -4.94410255404751     
   3.05102999566398       -4.99382895887019     
   3.10102999566398       -5.04402004342130     
   3.15102999566398       -5.09390379542466     
   3.20102999566398       -5.14393389774996     
   3.25102999566398       -5.19395857926874     
   3.30102999566398       -5.24305872998236     
   3.35102999566398       -5.29386098945367     
   3.40102999566398       -5.34390145923683     
   3.45102999566398       -5.39377256699235     
   3.50102999566398       -5.44378415218498     
   3.55102999566398       -5.49385166856441     
   3.60102999566398       -5.54380044251444     
   3.65102999566398       -5.59384648137575     
   3.70102999566398       -5.64382028576556     
   3.75102999566398       -5.69382588617207     
   3.80102999566398       -5.74378722225066     
   3.85102999566398       -5.79380710423807     
   3.90102999566398       -5.84381318242071     
   3.95102999566398       -5.89380088509698     
   4.00102999566398       -5.94379679727273     
   4.05102999566398       -5.99379963520182     
   4.10102999566398       -6.04378658264792     
   4.15102999566398       -6.09378785984109     
   4.20102999566398       -6.14379018614149     
   4.25102999566398       -6.19377154487980     
   4.30102999566398       -6.24370090071615     
   4.35102999566398       -6.29377578017725     
   4.40102999566398       -6.34378330517399     
   4.45102999566398       -6.39377804161499     
   4.50102999566398       -6.44378263501678     
   4.55102999566398       -6.49377593699145     
   4.60102999566398       -6.54377353993874     
   4.65102999566398       -6.59377515660153     
   4.70102999566398       -6.64377894777093     
   4.75102999566398       -6.69377826282981     
   4.80102999566398       -6.74377426857726     
 zone T = "ep =   3.981071705534973E-002 ",
   1.30102999566398       -3.34346901834774     
   1.35102999566398       -3.40709938994864     
   1.40102999566398       -3.44468440943060     
   1.45102999566398       -3.50322474324358     
   1.50102999566398       -3.55178130371321     
   1.55102999566398       -3.59609191031824     
   1.60102999566398       -3.64292329966048     
   1.65102999566398       -3.69349225760240     
   1.70102999566398       -3.74329948161543     
   1.75102999566398       -3.79679019445053     
   1.80102999566398       -3.84689977734655     
   1.85102999566398       -3.89489838263369     
   1.90102999566398       -3.94309006442778     
   1.95102999566398       -3.99362420029122     
   2.00102999566398       -4.04243052648770     
   2.05102999566398       -4.09486737167114     
   2.10102999566398       -4.14375652819282     
   2.15102999566398       -4.19387412319238     
   2.20102999566398       -4.24327424893639     
   2.25102999566398       -4.29350249064551     
   2.30102999566398       -4.34171009923202     
   2.35102999566398       -4.39235549057189     
   2.40102999566398       -4.44296615519364     
   2.45102999566398       -4.49292366137642     
   2.50102999566398       -4.54273493131183     
   2.55102999566398       -4.59212169440364     
   2.60102999566398       -4.64220887278985     
   2.65102999566398       -4.69244055485601     
   2.70102999566398       -4.74235769061211     
   2.75102999566398       -4.79214284876930     
   2.80102999566398       -4.84221004214909     
   2.85102999566398       -4.89178950408252     
   2.90102999566398       -4.94197484347322     
   2.95102999566398       -4.99199466676352     
   3.00102999566398       -5.04199663263541     
   3.05102999566398       -5.09171980983873     
   3.10102999566398       -5.14190741306400     
   3.15102999566398       -5.19178846104638     
   3.20102999566398       -5.24181595897745     
   3.25102999566398       -5.29183832994973     
   3.30102999566398       -5.34093768713866     
   3.35102999566398       -5.39173703363348     
   3.40102999566398       -5.44177583457088     
   3.45102999566398       -5.49164568365826     
   3.50102999566398       -5.54165597047413     
   3.55102999566398       -5.59172225148577     
   3.60102999566398       -5.64167007796088     
   3.65102999566398       -5.69171514524276     
   3.70102999566398       -5.74168817667939     
   3.75102999566398       -5.79169304880290     
   3.80102999566398       -5.84165379543328     
   3.85102999566398       -5.89167307751218     
   3.90102999566398       -5.94167863678829     
   3.95102999566398       -5.99166590137702     
   4.00102999566398       -6.04166141373836     
   4.05102999566398       -6.09166388647455     
   4.10102999566398       -6.14165052973804     
   4.15102999566398       -6.19165151812302     
   4.20102999566398       -6.24165358543412     
   4.25102999566398       -6.29163474178838     
   4.30102999566398       -6.34156399145528     
   4.35102999566398       -6.39163858689878     
   4.40102999566398       -6.44164594009557     
   4.45102999566398       -6.49164053992115     
   4.50102999566398       -6.54164499876062     
   4.55102999566398       -6.59163819567090     
   4.60102999566398       -6.64163570005471     
   4.65102999566398       -6.69163722370625     
   4.70102999566398       -6.74164092875563     
   4.75102999566398       -6.79164017265236     
   4.80102999566398       -6.84163611962757     
 zone T = "ep =   3.162277660168379E-002 ",
   1.30102999566398       -3.44304469274821     
   1.35102999566398       -3.50651949146485     
   1.40102999566398       -3.54401823082173     
   1.45102999566398       -3.60242867575204     
   1.50102999566398       -3.65090133051838     
   1.55102999566398       -3.69513668455245     
   1.60102999566398       -3.74189289645248     
   1.65102999566398       -3.79239106678977     
   1.70102999566398       -3.84213839034350     
   1.75102999566398       -3.89556856820246     
   1.80102999566398       -3.94562608505480     
   1.85102999566398       -3.99358543982607     
   1.90102999566398       -4.04173869728558     
   1.95102999566398       -4.09223659487029     
   2.00102999566398       -4.14101379136525     
   2.05102999566398       -4.19341886436995     
   2.10102999566398       -4.24228470210504     
   2.15102999566398       -4.29237959064705     
   2.20102999566398       -4.34176005387278     
   2.25102999566398       -4.39197022659352     
   2.30102999566398       -4.44016427008124     
   2.35102999566398       -4.49079453851853     
   2.40102999566398       -4.54139191182123     
   2.45102999566398       -4.59133810670469     
   2.50102999566398       -4.64113955018827     
   2.55102999566398       -4.69051806205826     
   2.60102999566398       -4.74059704695228     
   2.65102999566398       -4.79082133342009     
   2.70102999566398       -4.84073220225964     
   2.75102999566398       -4.89051190897138     
   2.80102999566398       -4.94057397520384     
   2.85102999566398       -4.99014939656526     
   2.90102999566398       -5.04033051159404     
   2.95102999566398       -5.09034670955522     
   3.00102999566398       -5.14034547989773     
   3.05102999566398       -5.19006611549040     
   3.10102999566398       -5.24025096863895     
   3.15102999566398       -5.29012988526285     
   3.20102999566398       -5.34015532777408     
   3.25102999566398       -5.39017587530395     
   3.30102999566398       -5.43927462220301     
   3.35102999566398       -5.49007165624380     
   3.40102999566398       -5.54010913972839     
   3.45102999566398       -5.58997799797455     
   3.50102999566398       -5.63998726013577     
   3.55102999566398       -5.69005256522559     
   3.60102999566398       -5.73999964501364     
   3.65102999566398       -5.79004394487914     
   3.70102999566398       -5.84001636688447     
   3.75102999566398       -5.89002066427294     
   3.80102999566398       -5.93998094648075     
   3.85102999566398       -5.98999975486698     
   3.90102999566398       -6.04000490460042     
   3.95102999566398       -6.08999182372590     
   4.00102999566398       -6.13998702068041     
   4.05102999566398       -6.18998920522226     
   4.10102999566398       -6.23997560870815     
   4.15102999566398       -6.28997636918710     
   4.20102999566398       -6.33997823210058     
   4.25102999566398       -6.38995922908529     
   4.30102999566398       -6.43988839620964     
   4.35102999566398       -6.48996276625520     
   4.40102999566398       -6.53996998375642     
   4.45102999566398       -6.58996447587616     
   4.50102999566398       -6.63996882846118     
   4.55102999566398       -6.68996194258744     
   4.60102999566398       -6.73995936924300     
   4.65102999566398       -6.78996081948292     
   4.70102999566398       -6.83996445651211     
   4.75102999566398       -6.88996364426300     
   4.80102999566398       -6.93995954493982     
 zone T = "ep =   2.511886431509579E-002 ",
   1.30102999566398       -3.54271213847147     
   1.35102999566398       -3.60606462961758     
   1.40102999566398       -3.64349627982123     
   1.45102999566398       -3.70180439316823     
   1.50102999566398       -3.75021121289682     
   1.55102999566398       -3.79438751522500     
   1.60102999566398       -3.84108458270714     
   1.65102999566398       -3.89152696698307     
   1.70102999566398       -3.94122709130834     
   1.75102999566398       -3.99460947578502     
   1.80102999566398       -4.04462591257803     
   1.85102999566398       -4.09255434688454     
   1.90102999566398       -4.14067730434398     
   1.95102999566398       -4.19114659218222     
   2.00102999566398       -4.23990081575637     
   2.05102999566398       -4.29228076978084     
   2.10102999566398       -4.34112821290204     
   2.15102999566398       -4.39120516941704     
   2.20102999566398       -4.44057011077945     
   2.25102999566398       -4.49076601068627     
   2.30102999566398       -4.53894936294881     
   2.35102999566398       -4.58956767786147     
   2.40102999566398       -4.64015454552507     
   2.45102999566398       -4.69009180539032     
   2.50102999566398       -4.73988548859629     
   2.55102999566398       -4.78925748913520     
   2.60102999566398       -4.83932999962514     
   2.65102999566398       -4.88954844070558     
   2.70102999566398       -4.93945435925556     
   2.75102999566398       -4.98922976120491     
   2.80102999566398       -5.03928777582065     
   2.85102999566398       -5.08886000930615     
   2.90102999566398       -5.13903778459301     
   2.95102999566398       -5.18905111778773     
   3.00102999566398       -5.23904736321823     
   3.05102999566398       -5.28876599355686     
   3.10102999566398       -5.33894867169753     
   3.15102999566398       -5.38882590548943     
   3.20102999566398       -5.43884972355634     
   3.25102999566398       -5.48886883001829     
   3.30102999566398       -5.53796710427969     
   3.35102999566398       -5.58876230254975     
   3.40102999566398       -5.63879874458861     
   3.45102999566398       -5.68866682127730     
   3.50102999566398       -5.73867527365260     
   3.55102999566398       -5.78873980686981     
   3.60102999566398       -5.83868629718416     
   3.65102999566398       -5.88872999015834     
   3.70102999566398       -5.93870193088020     
   3.75102999566398       -5.98870577406227     
   3.80102999566398       -6.03866568970213     
   3.85102999566398       -6.08868412356226     
   3.90102999566398       -6.13868894960607     
   3.95102999566398       -6.18867559588562     
   4.00102999566398       -6.23867054366171     
   4.05102999566398       -6.28867250044562     
   4.10102999566398       -6.33865871459096     
   4.15102999566398       -6.38865929496028     
   4.20102999566398       -6.43866099633829     
   4.25102999566398       -6.48864186759616     
   4.30102999566398       -6.53857097024202     
   4.35102999566398       -6.58864516137947     
   4.40102999566398       -6.63865227157922     
   4.45102999566398       -6.68864667864977     
   4.50102999566398       -6.73865094722315     
   4.55102999566398       -6.78864399600679     
   4.60102999566398       -6.83864136127041     
   4.65102999566398       -6.88864275348054     
   4.70102999566398       -6.93864633672094     
   4.75102999566398       -6.98864548012175     
   4.80102999566398       -7.03864134425864     
 zone T = "ep =   1.995262314968880E-002 ",
   1.30102999566398       -3.64245080992181     
   1.35102999566398       -3.70570693837945     
   1.40102999566398       -3.74308619292516     
   1.45102999566398       -3.80131354647329     
   1.50102999566398       -3.84966857588490     
   1.55102999566398       -3.89379841969296     
   1.60102999566398       -3.94044886093540     
   1.65102999566398       -3.99084720729194     
   1.70102999566398       -4.04051007628883     
   1.75102999566398       -4.09385467821365     
   1.80102999566398       -4.14383865604757     
   1.85102999566398       -4.19174268845814     
   1.90102999566398       -4.23984171486090     
   1.95102999566398       -4.29028838592877     
   2.00102999566398       -4.33902446391023     
   2.05102999566398       -4.39138453906755     
   2.10102999566398       -4.44021745008876     
   2.15102999566398       -4.49028022739436     
   2.20102999566398       -4.53963289913240     
   2.25102999566398       -4.58981751129498     
   2.30102999566398       -4.63799242298607     
   2.35102999566398       -4.68860127956216     
   2.40102999566398       -4.73917983463607     
   2.45102999566398       -4.78911002807859     
   2.50102999566398       -4.83889757504464     
   2.55102999566398       -4.88826442993435     
   2.60102999566398       -4.93833181866842     
   2.65102999566398       -4.98854563469427     
   2.70102999566398       -5.03844763825515     
   2.75102999566398       -5.08821963657764     
   2.80102999566398       -5.13827444592584     
   2.85102999566398       -5.18784416057002     
   2.90102999566398       -5.23801929282117     
   2.95102999566398       -5.28803035971776     
   3.00102999566398       -5.33802460784011     
   3.05102999566398       -5.38774165376004     
   3.10102999566398       -5.43792261011816     
   3.15102999566398       -5.48779851348101     
   3.20102999566398       -5.53782104631512     
   3.25102999566398       -5.58783901265297     
   3.30102999566398       -5.63693691889507     
   3.35102999566398       -5.68773065972925     
   3.40102999566398       -5.73776627765503     
   3.45102999566398       -5.78763373692110     
   3.50102999566398       -5.83764154861891     
   3.55102999566398       -5.88770547079230     
   3.60102999566398       -5.93765149512357     
   3.65102999566398       -5.98769470770198     
   3.70102999566398       -6.03766626786093     
   3.75102999566398       -6.08766975168864     
   3.80102999566398       -6.13762937758736     
   3.85102999566398       -6.18764751504729     
   3.90102999566398       -6.23765208499598     
   3.95102999566398       -6.28763851551335     
   4.00102999566398       -6.33763326618615     
   4.05102999566398       -6.38763504276959     
   4.10102999566398       -6.43762110722618     
   4.15102999566398       -6.48762154511038     
   4.20102999566398       -6.53762311868096     
   4.25102999566398       -6.58760389059554     
   4.30102999566398       -6.63753294269384     
   4.35102999566398       -6.68760699181879     
   4.40102999566398       -6.73761401708599     
   4.45102999566398       -6.78760835690399     
   4.50102999566398       -6.83761255899382     
   4.55102999566398       -6.88760555612966     
   4.60102999566398       -6.93760287284308     
   4.65102999566398       -6.98760421914132     
   4.70102999566398       -7.03760775980827     
   4.75102999566398       -7.08760686813127     
   4.80102999566398       -7.13760270338089     
 zone T = "ep =   1.584893192461113E-002 ",
   1.30102999566398       -3.74224500884843     
   1.35102999566398       -3.80542508664318     
   1.40102999566398       -3.84276327827576     
   1.45102999566398       -3.90092680999713     
   1.50102999566398       -3.94924101463760     
   1.55102999566398       -3.99333423351963     
   1.60102999566398       -4.03994785827481     
   1.65102999566398       -4.09031139497430     
   1.70102999566398       -4.13994481802974     
   1.75102999566398       -4.19325952113892     
   1.80102999566398       -4.24321782302528     
   1.85102999566398       -4.29110257110939     
   1.90102999566398       -4.33918267357692     
   1.95102999566398       -4.38961144720898     
   2.00102999566398       -4.43833317526608     
   2.05102999566398       -4.49067750620320     
   2.10102999566398       -4.53949892319455     
   2.15102999566398       -4.58955047782124     
   2.20102999566398       -4.63889344064450     
   2.25102999566398       -4.68906911748172     
   2.30102999566398       -4.73723735667662     
   2.35102999566398       -4.78783872310402     
   2.40102999566398       -4.83841069541347     
   2.45102999566398       -4.88833529503295     
   2.50102999566398       -4.93811798520252     
   2.55102999566398       -4.98748076919925     
   2.60102999566398       -5.03754410268270     
   2.65102999566398       -5.08775425617880     
   2.70102999566398       -5.13765316063095     
   2.75102999566398       -5.18742246515797     
   2.80102999566398       -5.23747473659398     
   2.85102999566398       -5.28704245875204     
   2.90102999566398       -5.33721549768638     
   2.95102999566398       -5.38722477016837     
   3.00102999566398       -5.43721743693990     
   3.05102999566398       -5.48693322952583     
   3.10102999566398       -5.53711282190454     
   3.15102999566398       -5.58698767237649     
   3.20102999566398       -5.63700918749605     
   3.25102999566398       -5.68702625104190     
   3.30102999566398       -5.73612386950792     
   3.35102999566398       -5.78691645319191     
   3.40102999566398       -5.83695141845251     
   3.45102999566398       -5.88681838938564     
   3.50102999566398       -5.93682569377412     
   3.55102999566398       -5.98688913186987     
   3.60102999566398       -6.03683478745634     
   3.65102999566398       -6.08687761948507     
   3.70102999566398       -6.13684887842420     
   3.75102999566398       -6.18685207771294     
   3.80102999566398       -6.23681147436271     
   3.85102999566398       -6.28682937705919     
   3.90102999566398       -6.33683374420743     
   3.95102999566398       -6.38682000393602     
   4.00102999566398       -6.43681459857143     
   4.05102999566398       -6.48681623246789     
   4.10102999566398       -6.53680217845129     
   4.15102999566398       -6.58680250351687     
   4.20102999566398       -6.63680397589288     
   4.25102999566398       -6.68678466921414     
   4.30102999566398       -6.73671368157509     
   4.35102999566398       -6.78678761796595     
   4.40102999566398       -6.83679457595316     
   4.45102999566398       -6.88678886254680     
   4.50102999566398       -6.93679301198203     
   4.55102999566398       -6.98678596825168     
   4.60102999566398       -7.03678324652770     
   4.65102999566398       -7.08678455646677     
   4.70102999566398       -7.13678806342100     
   4.75102999566398       -7.18678714397476     
   4.80102999566398       -7.23678295636819     
 zone T = "ep =   1.258925411794167E-002 ",
   1.30102999566398       -3.84208265544545     
   1.35102999566398       -3.90520263242409     
   1.40102999566398       -3.94250855357183     
   1.45102999566398       -4.00062159508690     
   1.50102999566398       -4.04890356721138     
   1.55102999566398       -4.09296786744487     
   1.60102999566398       -4.13955238508443     
   1.65102999566398       -4.18988837818557     
   1.70102999566398       -4.23949850322171     
   1.75102999566398       -4.29278952745867     
   1.80102999566398       -4.34272750108227     
   1.85102999566398       -4.39059699262583     
   1.90102999566398       -4.43866211637266     
   1.95102999566398       -4.48907671583088     
   2.00102999566398       -4.53778708499209     
   2.05102999566398       -4.59011893872133     
   2.10102999566398       -4.63893125635441     
   2.15102999566398       -4.68897392162447     
   2.20102999566398       -4.73830919557473     
   2.25102999566398       -4.78847779408806     
   2.30102999566398       -4.83664075309464     
   2.35102999566398       -4.88723618418351     
   2.40102999566398       -4.93780294021952     
   2.45102999566398       -4.98772310851082     
   2.50102999566398       -5.03750195163850     
   2.55102999566398       -5.08686151225231     
   2.60102999566398       -5.13692163271943     
   2.65102999566398       -5.18712888401244     
   2.70102999566398       -5.23702533341755     
   2.75102999566398       -5.28679250429947     
   2.80102999566398       -5.33684276486926     
   2.85102999566398       -5.38640890950771     
   2.90102999566398       -5.43658028949013     
   2.95102999566398       -5.48658814021616     
   3.00102999566398       -5.53657955410413     
   3.05102999566398       -5.58629435438159     
   3.10102999566398       -5.63647286561006     
   3.15102999566398       -5.68634688217881     
   3.20102999566398       -5.73636759088950     
   3.25102999566398       -5.78638393909195     
   3.30102999566398       -5.83548133178595     
   3.35102999566398       -5.88627299666480     
   3.40102999566398       -5.93630744471722     
   3.45102999566398       -5.98617402906467     
   3.50102999566398       -6.03618093147955     
   3.55102999566398       -6.08624398586961     
   3.60102999566398       -6.13618934941593     
   3.65102999566398       -6.18623187982325     
   3.70102999566398       -6.23620290017277     
   3.75102999566398       -6.28620587400274     
   3.80102999566398       -6.33616508911045     
   3.85102999566398       -6.38618280574856     
   3.90102999566398       -6.43618701220647     
   3.95102999566398       -6.48617313665188     
   4.00102999566398       -6.53616760766321     
   4.05102999566398       -6.58616912849905     
   4.10102999566398       -6.63615498064585     
   4.15102999566398       -6.68615521631523     
   4.20102999566398       -6.73615660850448     
   4.25102999566398       -6.78613723961652     
   4.30102999566398       -6.83606622066008     
   4.35102999566398       -6.88614006754951     
   4.40102999566398       -6.93614697220433     
   4.45102999566398       -6.98614121665429     
   4.50102999566398       -7.03614532434590     
   4.55102999566398       -7.08613824825737     
   4.60102999566398       -7.13613549610503     
   4.65102999566398       -7.18613677723235     
   4.70102999566398       -7.23614025746888     
   4.75102999566398       -7.28613931602044     
   4.80102999566398       -7.33613511032634     
 zone T = "ep =   1.000000000000000E-002 ",
   1.30102999566398       -3.94195439902527     
   1.35102999566398       -4.00502682947153     
   1.40102999566398       -4.04230733411573     
   1.45102999566398       -4.10038039852654     
   1.50102999566398       -4.14863688987212     
   1.55102999566398       -4.19267832768486     
   1.60102999566398       -4.23923981054300     
   1.65102999566398       -4.28955399174262     
   1.70102999566398       -4.33914566786195     
   1.75102999566398       -4.39241792752523     
   1.80102999566398       -4.44233979567040     
   1.85102999566398       -4.49019720695555     
   1.90102999566398       -4.53825046586087     
   1.95102999566398       -4.58865383281695     
   2.00102999566398       -4.63735520406089     
   2.05102999566398       -4.68967716489238     
   2.10102999566398       -4.73848227381286     
   2.15102999566398       -4.78851789373814     
   2.20102999566398       -4.83784707469763     
   2.25102999566398       -4.88801006274799     
   2.30102999566398       -4.93616884000743     
   2.35102999566398       -4.98675956544442     
   2.40102999566398       -5.03732218593791     
   2.45102999566398       -5.08723884181312     
   2.50102999566398       -5.13701463590769     
   2.55102999566398       -5.18637164249327     
   2.60102999566398       -5.23642921589153     
   2.65102999566398       -5.28663416629767     
   2.70102999566398       -5.33652866975371     
   2.75102999566398       -5.38629414964186     
   2.80102999566398       -5.43634281610038     
   2.85102999566398       -5.48590771089679     
   2.90102999566398       -5.53607777552090     
   2.95102999566398       -5.58608449916247     
   3.00102999566398       -5.63607491986812     
   3.05102999566398       -5.68578893395198     
   3.10102999566398       -5.73596658783905     
   3.15102999566398       -5.78583994353546     
   3.20102999566398       -5.83586001293129     
   3.25102999566398       -5.88587579402940     
   3.30102999566398       -5.93497300913273     
   3.35102999566398       -5.98576394442131     
   3.40102999566398       -6.03579798240475     
   3.45102999566398       -6.08566426048374     
   3.50102999566398       -6.13567084421805     
   3.55102999566398       -6.18573359433220     
   3.60102999566398       -6.23567872646290     
   3.65102999566398       -6.28572101768802     
   3.70102999566398       -6.33569184893457     
   3.75102999566398       -6.38569464402400     
   3.80102999566398       -6.43565371527709     
   3.85102999566398       -6.48567128439769     
   3.90102999566398       -6.53567536345432     
   3.95102999566398       -6.58566138067954     
   4.00102999566398       -6.63565575369350     
   4.05102999566398       -6.68565718490507     
   4.10102999566398       -6.73564296268467     
   4.15102999566398       -6.78564312748572     
   4.20102999566398       -6.83564445610316     
   4.25102999566398       -6.88562503792863     
   4.30102999566398       -6.93555399425127     
   4.35102999566398       -6.98562777008094     
   4.40102999566398       -7.03563463245476     
   4.45102999566398       -7.08562884348686     
   4.50102999566398       -7.13563291810216     
   4.55102999566398       -7.18562581637456     
   4.60102999566398       -7.23562304009311     
   4.65102999566398       -7.28562429838929     
   4.70102999566398       -7.33562775743490     
   4.75102999566398       -7.38562679855262     
   4.80102999566398       -7.43562257853024     
 zone T = "ep =   7.943282347242814E-003 ",
   1.30102999566398       -4.04185296578418     
   1.35102999566398       -4.10488774994139     
   1.40102999566398       -4.14214820134220     
   1.45102999566398       -4.20018959159905     
   1.50102999566398       -4.24842591953997     
   1.55102999566398       -4.29244926501900     
   1.60102999566398       -4.33899250446083     
   1.65102999566398       -4.38928940169227     
   1.70102999566398       -4.43886645925217     
   1.75102999566398       -4.49212384142632     
   1.80102999566398       -4.54203294275317     
   1.85102999566398       -4.58988078241071     
   1.90102999566398       -4.63792463751397     
   1.95102999566398       -4.68831909874982     
   2.00102999566398       -4.73701333820514     
   2.05102999566398       -4.78932745219243     
   2.10102999566398       -4.83812684702646     
   2.15102999566398       -4.88815688048794     
   2.20102999566398       -4.93748123069379     
   2.25102999566398       -4.98763976974536     
   2.30102999566398       -5.03579523311550     
   2.35102999566398       -5.08638222633958     
   2.40102999566398       -5.13694156680579     
   2.45102999566398       -5.18685543737135     
   2.50102999566398       -5.23662881378324     
   2.55102999566398       -5.28598379563715     
   2.60102999566398       -5.33603934903860     
   2.65102999566398       -5.38624247454967     
   2.70102999566398       -5.43613543489690     
   2.75102999566398       -5.48589957396787     
   2.80102999566398       -5.53594697617278     
   2.85102999566398       -5.58551088019891     
   2.90102999566398       -5.63567990150347     
   2.95102999566398       -5.68568573128278     
   3.00102999566398       -5.73567536433760     
   3.05102999566398       -5.78538875519841     
   3.10102999566398       -5.83556572897759     
   3.15102999566398       -5.88543856067942     
   3.20102999566398       -5.93545812303198     
   3.25102999566398       -5.98547345435576     
   3.30102999566398       -6.03457052948749     
   3.35102999566398       -6.08536088538696     
   3.40102999566398       -6.13539459811952     
   3.45102999566398       -6.18526063344242     
   3.50102999566398       -6.23526696443044     
   3.55102999566398       -6.28532947317696     
   3.60102999566398       -6.33527442180856     
   3.65102999566398       -6.38531652330197     
   3.70102999566398       -6.43528720461100     
   3.75102999566398       -6.48528985794806     
   3.80102999566398       -6.53524881514415     
   3.85102999566398       -6.58526626724814     
   3.90102999566398       -6.63527024527416     
   3.95102999566398       -6.68525617745768     
   4.00102999566398       -6.73525047276897     
   4.05102999566398       -6.78525183289311     
   4.10102999566398       -6.83523755171570     
   4.15102999566398       -6.88523766031394     
   4.20102999566398       -6.93523893852015     
   4.25102999566398       -6.98521948126503     
   4.30102999566398       -7.03514841807101     
   4.35102999566398       -7.08522213745493     
   4.40102999566398       -7.13522896631560     
   4.45102999566398       -7.18522315085209     
   4.50102999566398       -7.23522719921425     
   4.55102999566398       -7.28522007718329     
   4.60102999566398       -7.33521728177513     
   4.65102999566398       -7.38521852196566     
   4.70102999566398       -7.43522196419779     
   4.75102999566398       -7.48522099150783     
   4.80102999566398       -7.53521676012040     
 zone T = "ep =   6.309573444801929E-003 ",
   1.30102999566398       -4.14177267459392     
   1.35102999566398       -4.20477763142078     
   1.40102999566398       -4.24202223914065     
   1.45102999566398       -4.30003852049024     
   1.50102999566398       -4.34825888019340     
   1.55102999566398       -4.39226789702749     
   1.60102999566398       -4.43879667893645     
   1.65102999566398       -4.48907987328432     
   1.70102999566398       -4.53864534145557     
   1.75102999566398       -4.59189092344515     
   1.80102999566398       -4.64178990018235     
   1.85102999566398       -4.68963015191322     
   1.90102999566398       -4.73766655034149     
   1.95102999566398       -4.78805394791319     
   2.00102999566398       -4.83674253211289     
   2.05102999566398       -4.88905042027316     
   2.10102999566398       -4.93784528377092     
   2.15102999566398       -4.98787088592886     
   2.20102999566398       -5.03719140462769     
   2.25102999566398       -5.08734641445421     
   2.30102999566398       -5.13549925038773     
   2.35102999566398       -5.18608328253723     
   2.40102999566398       -5.23664002069558     
   2.45102999566398       -5.28655168176325     
   2.50102999566398       -5.33632314040803     
   2.55102999566398       -5.38567651647107     
   2.60102999566398       -5.43573046734618     
   2.65102999566398       -5.48593214503024     
   2.70102999566398       -5.53582388127786     
   2.75102999566398       -5.58558695680452     
   2.80102999566398       -5.63563335602171     
   2.85102999566398       -5.68519647432048     
   2.90102999566398       -5.73536466783004     
   2.95102999566398       -5.78536978847630     
   3.00102999566398       -5.83535879667175     
   3.05102999566398       -5.88507169328217     
   3.10102999566398       -5.93524812740573     
   3.15102999566398       -5.98512054347796     
   3.20102999566398       -6.03513970356847     
   3.25102999566398       -6.08515467806031     
   3.30102999566398       -6.13425164266999     
   3.35102999566398       -6.18504153845374     
   3.40102999566398       -6.23507499313498     
   3.45102999566398       -6.28494083594741     
   3.50102999566398       -6.33494696642617     
   3.55102999566398       -6.38500928363039     
   3.60102999566398       -6.43495408673617     
   3.65102999566398       -6.48499603768320     
   3.70102999566398       -6.53496660005971     
   3.75102999566398       -6.58496914092257     
   3.80102999566398       -6.63492800767439     
   3.85102999566398       -6.68494536693620     
   3.90102999566398       -6.73494926479425     
   3.95102999566398       -6.78493512953534     
   4.00102999566398       -6.83492936320237     
   4.05102999566398       -6.88493066693295     
   4.10102999566398       -6.93491633898390     
   4.15102999566398       -6.98491640299606     
   4.20102999566398       -7.03491764120920     
   4.25102999566398       -7.08489815297340     
   4.30102999566398       -7.13482707431497     
   4.35102999566398       -7.18490074890503     
   4.40102999566398       -7.23490755114881     
   4.45102999566398       -7.28490171468369     
   4.50102999566398       -7.33490574222901     
   4.55102999566398       -7.38489860407900     
   4.60102999566398       -7.43489579350195     
   4.65102999566398       -7.48489701934334     
   4.70102999566398       -7.53490044826166     
   4.75102999566398       -7.58489946455230     
   4.80102999566398       -7.63489522424341     
 zone T = "ep =   5.011872336272725E-003 ",
   1.30102999566398       -4.24170907359475     
   1.35102999566398       -4.30469038563133     
   1.40102999566398       -4.34192246175692     
   1.45102999566398       -4.39991883032278     
   1.50102999566398       -4.44812653623165     
   1.55102999566398       -4.49212419817708     
   1.60102999566398       -4.53864151724297     
   1.65102999566398       -4.58891384350270     
   1.70102999566398       -4.63847012005844     
   1.75102999566398       -4.69170633978218     
   1.80102999566398       -4.74159728461109     
   1.85102999566398       -4.78943151850789     
   1.90102999566398       -4.83746200207040     
   1.95102999566398       -4.88784379531102     
   2.00102999566398       -4.93652789349080     
   2.05102999566398       -4.98883084079229     
   2.10102999566398       -5.03762210964205     
   2.15102999566398       -5.08764419577636     
   2.20102999566398       -5.13696167457637     
   2.25102999566398       -5.18711388402074     
   2.30102999566398       -5.23526463596893     
   2.35102999566398       -5.28584631827105     
   2.40102999566398       -5.33640099129581     
   2.45102999566398       -5.38631089915559     
   2.50102999566398       -5.43608083613723     
   2.55102999566398       -5.48543293824985     
   2.60102999566398       -5.53548561745696     
   2.65102999566398       -5.58568614618621     
   2.70102999566398       -5.63557691112626     
   2.75102999566398       -5.68533914279214     
   2.80102999566398       -5.73538474609602     
   2.85102999566398       -5.78494724106007     
   2.90102999566398       -5.83511477762200     
   2.95102999566398       -5.88511933554084     
   3.00102999566398       -5.93510784789184     
   3.05102999566398       -5.98482035241237     
   3.10102999566398       -6.03499635822346     
   3.15102999566398       -6.08486844452598     
   3.20102999566398       -6.13488728538163     
   3.25102999566398       -6.18490197671249     
   3.30102999566398       -6.23399885397621     
   3.35102999566398       -6.28478838433836     
   3.40102999566398       -6.33482163423082     
   3.45102999566398       -6.38468732431683     
   3.50102999566398       -6.43469329567421     
   3.55102999566398       -6.48475546087213     
   3.60102999566398       -6.53470014850968     
   3.65102999566398       -6.58474197997660     
   3.70102999566398       -6.63471244797113     
   3.75102999566398       -6.68471489960554     
   3.80102999566398       -6.73467369458297     
   3.85102999566398       -6.78469098016040     
   3.90102999566398       -6.83469481441352     
   3.95102999566398       -6.88468062564561     
   4.00102999566398       -6.93467481039698     
   4.05102999566398       -6.98467606937041     
   4.10102999566398       -7.03466170432139     
   4.15102999566398       -7.08466173295847     
   4.20102999566398       -7.13466293943075     
   4.25102999566398       -7.18464342661463     
   4.30102999566398       -7.23457233573923     
   4.35102999566398       -7.28464597473687     
   4.40102999566398       -7.33465275586535     
   4.45102999566398       -7.38464690273076     
   4.50102999566398       -7.43465091379788     
   4.55102999566398       -7.48464376285424     
   4.60102999566398       -7.53464094025683     
   4.65102999566398       -7.58464215466212     
   4.70102999566398       -7.63464557302812     
   4.75102999566398       -7.68464458069558     
   4.80102999566398       -7.73464033320471     
 zone T = "ep =   3.981071705534973E-003 ",
   1.30102999566398       -4.34165866484277     
   1.35102999566398       -4.40462122529367     
   1.40102999566398       -4.44184338084282     
   1.45102999566398       -4.49982395221909     
   1.50102999566398       -4.54802162586702     
   1.55102999566398       -4.59201028512065     
   1.60102999566398       -4.63851851224662     
   1.65102999566398       -4.68878221605336     
   1.70102999566398       -4.73833120035412     
   1.75102999566398       -4.79155999025637     
   1.80102999566398       -4.84144456161427     
   1.85102999566398       -4.88927402133007     
   1.90102999566398       -4.93729981169055     
   1.95102999566398       -4.98767715736253     
   2.00102999566398       -5.03635769600604     
   2.05102999566398       -5.08865672147236     
   2.10102999566398       -5.13744513796243     
   2.15102999566398       -5.18746443366210     
   2.20102999566398       -5.23677950003531     
   2.25102999566398       -5.28692948692574     
   2.30102999566398       -5.33507858543326     
   2.35102999566398       -5.38565840257906     
   2.40102999566398       -5.43621143644067     
   2.45102999566398       -5.48611995284205     
   2.50102999566398       -5.53588868217640     
   2.55102999566398       -5.58523977334276     
   2.60102999566398       -5.63529144322914     
   2.65102999566398       -5.68549105999633     
   2.70102999566398       -5.73538105404896     
   2.75102999566398       -5.78514261600010     
   2.80102999566398       -5.83518758757213     
   2.85102999566398       -5.88474958791977     
   2.90102999566398       -5.93491660301896     
   2.95102999566398       -5.98492071429860     
   3.00102999566398       -6.03490883310564     
   3.05102999566398       -6.08462102647383     
   3.10102999566398       -6.13479669229180     
   3.15102999566398       -6.18466851689192     
   3.20102999566398       -6.23468710437228     
   3.25102999566398       -6.28470157094836     
   3.30102999566398       -6.33379837908993     
   3.35102999566398       -6.38458761922686     
   3.40102999566398       -6.43462070656728     
   3.45102999566398       -6.48448627548827     
   3.50102999566398       -6.53449212053992     
   3.55102999566398       -6.58455416507181     
   3.60102999566398       -6.63449876106411     
   3.65102999566398       -6.68454049768833     
   3.70102999566398       -6.73451089080462     
   3.75102999566398       -6.78451327159534     
   3.80102999566398       -6.83447200962300     
   3.85102999566398       -6.88448923672297     
   3.90102999566398       -6.93449302049188     
   3.95102999566398       -6.98447878924145     
   4.00102999566398       -7.03447293517450     
   4.05102999566398       -7.08447415862474     
   4.10102999566398       -7.13445976413542     
   4.15102999566398       -7.18445976470251     
