 zone T = "ep =    1.00000000000000      ",
   1.30102999566398      -0.880737394237134     
   1.35102999566398      -0.957849743952512     
   1.40102999566398      -0.989097726042040     
   1.45102999566398       -1.05733064758716     
   1.50102999566398       -1.10682199286219     
   1.55102999566398       -1.14959407419416     
   1.60102999566398       -1.19674910955309     
   1.65102999566398       -1.24972438017440     
   1.70102999566398       -1.30105521965794     
   1.75102999566398       -1.35838384669556     
   1.80102999566398       -1.41012259353375     
   1.85102999566398       -1.45794319357764     
   1.90102999566398       -1.50619647482833     
   1.95102999566398       -1.55807427806979     
   2.00102999566398       -1.60697158119049     
   2.05102999566398       -1.66174232720355     
   2.10102999566398       -1.71062086430247     
   2.15102999566398       -1.76144608981034     
   2.20102999566398       -1.81106041491768     
   2.25102999566398       -1.86192229642836     
   2.30102999566398       -1.90947082936361     
   2.35102999566398       -1.96091227534095     
   2.40102999566398       -2.01223944161955     
   2.45102999566398       -2.06248877029558     
   2.50102999566398       -2.11246391072606     
   2.55102999566398       -2.16172914680705     
   2.60102999566398       -2.21209586160876     
   2.65102999566398       -2.26266399463060     
   2.70102999566398       -2.31270738012210     
   2.75102999566398       -2.36252202492581     
   2.80102999566398       -2.41276896348597     
   2.85102999566398       -2.46222199149630     
   2.90102999566398       -2.51262899281940     
   2.95102999566398       -2.56276085756465     
   3.00102999566398       -2.61285220850358     
   3.05102999566398       -2.66248916953308     
   3.10102999566398       -2.71285888221802     
   3.15102999566398       -2.76273161536473     
   3.20102999566398       -2.81283166678751     
   3.25102999566398       -2.86291705783616     
   3.30102999566398       -2.91264535540815     
   3.35102999566398       -2.96283940928889     
   3.40102999566398       -3.01293652809981     
   3.45102999566398       -3.06276030452893     
   3.50102999566398       -3.11280474264502     
   3.55102999566398       -3.16293538836090     
   3.60102999566398       -3.21287442687190     
   3.65102999566398       -3.26296613956076     
   3.70102999566398       -3.31294081199323     
   3.75102999566398       -3.36296430897693     
   3.80102999566398       -3.41291576391920     
   3.85102999566398       -3.46295900596778     
   3.90102999566398       -3.51297902149271     
   3.95102999566398       -3.56296865646822     
   4.00102999566398       -3.61297035558706     
   4.05102999566398       -3.66298218495232     
   4.10102999566398       -3.71296792766232     
   4.15102999566398       -3.76297577169620     
   4.20102999566398       -3.81298465168006     
   4.25102999566398       -3.86295959215194     
   4.30102999566398       -3.91296343452407     
   4.35102999566398       -3.96297411463841     
   4.40102999566398       -4.01298936231212     
   4.45102999566398       -4.06298389480893     
   4.50102999566398       -4.11299380315696     
   4.55102999566398       -4.16298545364804     
   4.60102999566398       -4.21298369970450     
   4.65102999566398       -4.26298811123741     
   4.70102999566398       -4.31299578361112     
   4.75102999566398       -4.36299615272998     
   4.80102999566398       -4.41299109590717     
 zone T = "ep =   0.794328234724281      ",
   1.30102999566398      -0.971261536856102     
   1.35102999566398       -1.04860471165899     
   1.40102999566398       -1.07665061058994     
   1.45102999566398       -1.14514866803741     
   1.50102999566398       -1.19346831896257     
   1.55102999566398       -1.23450039831037     
   1.60102999566398       -1.28044513093137     
   1.65102999566398       -1.33292749071464     
   1.70102999566398       -1.38371083225271     
   1.75102999566398       -1.44123246551121     
   1.80102999566398       -1.49261777732695     
   1.85102999566398       -1.53972985800677     
   1.90102999566398       -1.58735208825946     
   1.95102999566398       -1.63907066674469     
   2.00102999566398       -1.68751264605364     
   2.05102999566398       -1.74254888028260     
   2.10102999566398       -1.79103591004141     
   2.15102999566398       -1.84172746654418     
   2.20102999566398       -1.89108650146525     
   2.25102999566398       -1.94187001351291     
   2.30102999566398       -1.98895938314263     
   2.35102999566398       -2.04042936006613     
   2.40102999566398       -2.09179043079936     
   2.45102999566398       -2.14195513980727     
   2.50102999566398       -2.19182523540574     
   2.55102999566398       -2.24090895637426     
   2.60102999566398       -2.29123917575352     
   2.65102999566398       -2.34180552399432     
   2.70102999566398       -2.39179005753801     
   2.75102999566398       -2.44152426877900     
   2.80102999566398       -2.49175096975411     
   2.85102999566398       -2.54109045104622     
   2.90102999566398       -2.59150765559350     
   2.95102999566398       -2.64161974984822     
   3.00102999566398       -2.69169038357575     
   3.05102999566398       -2.74125336216941     
   3.10102999566398       -2.79164371952724     
   3.15102999566398       -2.84147780240172     
   3.20102999566398       -2.89157004787125     
   3.25102999566398       -2.94164806922868     
   3.30102999566398       -2.99132627454703     
   3.35102999566398       -3.04153024918149     
   3.40102999566398       -3.09162674850866     
   3.45102999566398       -3.14141706458503     
   3.50102999566398       -3.19145690846655     
   3.55102999566398       -3.24159487714794     
   3.60102999566398       -3.29151821044334     
   3.65102999566398       -3.34161423056518     
   3.70102999566398       -3.39157932128853     
   3.75102999566398       -3.44160005933890     
   3.80102999566398       -3.49154033781625     
   3.85102999566398       -3.54158447089312     
   3.90102999566398       -3.59160295634496     
   3.95102999566398       -3.64158768953696     
   4.00102999566398       -3.69158639277238     
   4.05102999566398       -3.74159684693865     
   4.10102999566398       -3.79157825124244     
   4.15102999566398       -3.84158480781938     
   4.20102999566398       -3.89159277786344     
   4.25102999566398       -3.94156276895966     
   4.30102999566398       -3.99156548520882     
   4.35102999566398       -4.04157607238402     
   4.40102999566398       -4.09159195627922     
   4.45102999566398       -4.14158466410848     
   4.50102999566398       -4.19159480151605     
   4.55102999566398       -4.24158449967740     
   4.60102999566398       -4.29158171970018     
   4.65102999566398       -4.34158596662921     
   4.70102999566398       -4.39159396193627     
   4.75102999566398       -4.44159380699280     
   4.80102999566398       -4.49158760678734     
 zone T = "ep =   0.630957344480193      ",
   1.30102999566398       -1.05052708124479     
   1.35102999566398       -1.12703344142832     
   1.40102999566398       -1.15316596258351     
   1.45102999566398       -1.22137651503559     
   1.50102999566398       -1.26877821168815     
   1.55102999566398       -1.30871367816790     
   1.60102999566398       -1.35386835972356     
   1.65102999566398       -1.40594015775006     
   1.70102999566398       -1.45629759478141     
   1.75102999566398       -1.51381977787836     
   1.80102999566398       -1.56495089565118     
   1.85102999566398       -1.61159960419334     
   1.90102999566398       -1.65882948101781     
   1.95102999566398       -1.71041437015328     
   2.00102999566398       -1.75855961858933     
   2.05102999566398       -1.81371287321627     
   2.10102999566398       -1.86195136126895     
   2.15102999566398       -1.91254503755799     
   2.20102999566398       -1.96174262287870     
   2.25102999566398       -2.01246398084443     
   2.30102999566398       -2.05927768690253     
   2.35102999566398       -2.11075111901862     
   2.40102999566398       -2.16211919901600     
   2.45102999566398       -2.21222627271387     
   2.50102999566398       -2.26202778717474     
   2.55102999566398       -2.31100045975271     
   2.60102999566398       -2.36130359367301     
   2.65102999566398       -2.41186290895006     
   2.70102999566398       -2.46180863797305     
   2.75102999566398       -2.51149246413577     
   2.80102999566398       -2.56170348866210     
   2.85102999566398       -2.61097453544354     
   2.90102999566398       -2.66139434328115     
   2.95102999566398       -2.71149242494165     
   3.00102999566398       -2.76154870576134     
   3.05102999566398       -2.81106716050417     
   3.10102999566398       -2.86146737828459     
   3.15102999566398       -2.91127760046088     
   3.20102999566398       -2.96136387506658     
   3.25102999566398       -3.01143630801389     
   3.30102999566398       -3.06108460197332     
   3.35102999566398       -3.11129319757921     
   3.40102999566398       -3.16138838650277     
   3.45102999566398       -3.21115867152997     
   3.50102999566398       -3.26119512984234     
   3.55102999566398       -3.31133662454366     
   3.60102999566398       -3.36125035660792     
   3.65102999566398       -3.41134831818016     
   3.70102999566398       -3.46130744306036     
   3.75102999566398       -3.51132617677690     
   3.80102999566398       -3.56125967182826     
   3.85102999566398       -3.61130398170665     
   3.90102999566398       -3.66132129327067     
   3.95102999566398       -3.71130295098784     
   4.00102999566398       -3.76129970023458     
   4.05102999566398       -3.81130915539160     
   4.10102999566398       -3.86128788446320     
   4.15102999566398       -3.91129353605072     
   4.20102999566398       -3.96130083559588     
   4.25102999566398       -4.01126785516896     
   4.30102999566398       -4.06126980768433     
   4.35102999566398       -4.11128023670147     
   4.40102999566398       -4.16129639229418     
   4.45102999566398       -4.21128796994791     
   4.50102999566398       -4.26129816457531     
   4.55102999566398       -4.31128667652497     
   4.60102999566398       -4.36128324892500     
   4.65102999566398       -4.41128734905646     
   4.70102999566398       -4.46129548274734     
   4.75102999566398       -4.51129498523472     
   4.80102999566398       -4.56128809219839     
 zone T = "ep =   0.501187233627272      ",
   1.30102999566398       -1.11910593369654     
   1.35102999566398       -1.19405268704950     
   1.40102999566398       -1.21923885539479     
   1.45102999566398       -1.28674156156482     
   1.50102999566398       -1.33343331659586     
   1.55102999566398       -1.37274688597383     
   1.60102999566398       -1.41740893707326     
   1.65102999566398       -1.46911824004208     
   1.70102999566398       -1.51913359868077     
   1.75102999566398       -1.57649641962557     
   1.80102999566398       -1.62742769366635     
   1.85102999566398       -1.67379236462579     
   1.90102999566398       -1.72079532884883     
   1.95102999566398       -1.77225379012698     
   2.00102999566398       -1.82021485905330     
   2.05102999566398       -1.87536048517564     
   2.10102999566398       -1.92345151673373     
   2.15102999566398       -1.97396589010145     
   2.20102999566398       -2.02306502692839     
   2.25102999566398       -2.07372991274156     
   2.30102999566398       -2.12040251323552     
   2.35102999566398       -2.17185430858785     
   2.40102999566398       -2.22320409899861     
   2.45102999566398       -2.27326946308844     
   2.50102999566398       -2.32302628708972     
   2.55102999566398       -2.37193819759725     
   2.60102999566398       -2.42221796185988     
   2.65102999566398       -2.47276334854658     
   2.70102999566398       -2.52268300172343     
   2.75102999566398       -2.57233702560614     
   2.80102999566398       -2.62253379919948     
   2.85102999566398       -2.67176901647559     
   2.90102999566398       -2.72218397322699     
   2.95102999566398       -2.77227090707864     
   3.00102999566398       -2.82231637742911     
   3.05102999566398       -2.87181163062665     
   3.10102999566398       -2.92221240591326     
   3.15102999566398       -2.97200912512679     
   3.20102999566398       -3.02208996922562     
   3.25102999566398       -3.07215742247389     
   3.30102999566398       -3.12179055728835     
   3.35102999566398       -3.17199911627497     
   3.40102999566398       -3.22209193040776     
   3.45102999566398       -3.27185197185029     
   3.50102999566398       -3.32188553986553     
   3.55102999566398       -3.37202727807329     
   3.60102999566398       -3.42193573454809     
   3.65102999566398       -3.47203352501670     
   3.70102999566398       -3.52198917711180     
   3.75102999566398       -3.57200624311531     
   3.80102999566398       -3.62193609732935     
   3.85102999566398       -3.67197984702116     
   3.90102999566398       -3.72199608601233     
   3.95102999566398       -3.77197591175282     
   4.00102999566398       -3.82197136773028     
   4.05102999566398       -3.87197999075587     
   4.10102999566398       -3.92195720786385     
   4.15102999566398       -3.97196215068875     
   4.20102999566398       -4.02196887722296     
   4.25102999566398       -4.07193436076072     
   4.30102999566398       -4.12193575846996     
   4.35102999566398       -4.17194591878401     
   4.40102999566398       -4.22196201331911     
   4.45102999566398       -4.27195294343997     
   4.50102999566398       -4.32196302123993     
   4.55102999566398       -4.37195089415839     
   4.60102999566398       -4.42194707409411     
   4.65102999566398       -4.47195101053939     
   4.70102999566398       -4.52195911450468     
   4.75102999566398       -4.57195838947079     
   4.80102999566398       -4.62195112569574     
 zone T = "ep =   0.398107170553497      ",
   1.30102999566398       -1.17768720184292     
   1.35102999566398       -1.25066964702277     
   1.40102999566398       -1.27554857106058     
   1.45102999566398       -1.34209470945367     
   1.50102999566398       -1.38822698590188     
   1.55102999566398       -1.42723528875744     
   1.60102999566398       -1.47160414590517     
   1.65102999566398       -1.52298742261970     
   1.70102999566398       -1.57272006762328     
   1.75102999566398       -1.62982111212510     
   1.80102999566398       -1.68058822319800     
   1.85102999566398       -1.72678861655129     
   1.90102999566398       -1.77367336314190     
   1.95102999566398       -1.82501023015519     
   2.00102999566398       -1.87286180245336     
   2.05102999566398       -1.92791692896016     
   2.10102999566398       -1.97592721990056     
   2.15102999566398       -2.02637411758783     
   2.20102999566398       -2.07541591752778     
   2.25102999566398       -2.12602770250114     
   2.30102999566398       -2.17264810884431     
   2.35102999566398       -2.22406117951327     
   2.40102999566398       -2.27537556897579     
   2.45102999566398       -2.32540940181179     
   2.50102999566398       -2.37513707800882     
   2.55102999566398       -2.42402132772117     
   2.60102999566398       -2.47427987005183     
   2.65102999566398       -2.52480649482328     
   2.70102999566398       -2.57470829668947     
   2.75102999566398       -2.62434597339564     
   2.80102999566398       -2.67452925413718     
   2.85102999566398       -2.72375013776489     
   2.90102999566398       -2.77415513418824     
   2.95102999566398       -2.82423267304762     
   3.00102999566398       -2.87426956080825     
   3.05102999566398       -2.92375567351414     
   3.10102999566398       -2.97415071628967     
   3.15102999566398       -3.02394072715689     
   3.20102999566398       -3.07401641305774     
   3.25102999566398       -3.12407921645266     
   3.30102999566398       -3.17370693647767     
   3.35102999566398       -3.22391229964901     
   3.40102999566398       -3.27400197690365     
   3.45102999566398       -3.32375823684468     
   3.50102999566398       -3.37378920045860     
   3.55102999566398       -3.42392896007260     
   3.60102999566398       -3.47383498373062     
   3.65102999566398       -3.52393116663806     
   3.70102999566398       -3.57388497665681     
   3.75102999566398       -3.62390057434014     
   3.80102999566398       -3.67382885614432     
   3.85102999566398       -3.72387153581401     
   3.90102999566398       -3.77388675204823     
   3.95102999566398       -3.82386555736004     
   4.00102999566398       -3.87386014568548     
   4.05102999566398       -3.92386803513603     
   4.10102999566398       -3.97384450302308     
   4.15102999566398       -4.02384885778072     
   4.20102999566398       -4.07385506734596     
   4.25102999566398       -4.12381996189390     
   4.30102999566398       -4.17382093673895     
   4.35102999566398       -4.22383074853625     
   4.40102999566398       -4.27384655517586     
   4.45102999566398       -4.32383715392768     
   4.50102999566398       -4.37384699436144     
   4.55102999566398       -4.42383458841515     
   4.60102999566398       -4.47383054220491     
   4.65102999566398       -4.52383430047108     
   4.70102999566398       -4.57384226039535     
   4.75102999566398       -4.62384138129224     
   4.80102999566398       -4.67383395969015     
 zone T = "ep =   0.316227766016838      ",
   1.30102999566398       -1.22719943410198     
   1.35102999566398       -1.29804594826385     
   1.40102999566398       -1.32301874070125     
   1.45102999566398       -1.38849342483777     
   1.50102999566398       -1.43417667226211     
   1.55102999566398       -1.47308329973231     
   1.60102999566398       -1.51729106659053     
   1.65102999566398       -1.56838133068056     
   1.70102999566398       -1.61787640694957     
   1.75102999566398       -1.67466128153957     
   1.80102999566398       -1.72529102228939     
   1.85102999566398       -1.77140500885141     
   1.90102999566398       -1.81824137425284     
   1.95102999566398       -1.86946300328847     
   2.00102999566398       -1.91725375845762     
   2.05102999566398       -1.97217009167284     
   2.10102999566398       -2.02014259176449     
   2.15102999566398       -2.07053098693724     
   2.20102999566398       -2.11954207552114     
   2.25102999566398       -2.17010414816611     
   2.30102999566398       -2.21672815742256     
   2.35102999566398       -2.26809296558429     
   2.40102999566398       -2.31936231157589     
   2.45102999566398       -2.36937160238222     
   2.50102999566398       -2.41908035378649     
   2.55102999566398       -2.46795790541618     
   2.60102999566398       -2.51819703287925     
   2.65102999566398       -2.56870235980095     
   2.70102999566398       -2.61859176828859     
   2.75102999566398       -2.66822173151808     
   2.80102999566398       -2.71839229029829     
   2.85102999566398       -2.76761236724919     
   2.90102999566398       -2.81800448841341     
   2.95102999566398       -2.86807391812320     
   3.00102999566398       -2.91810378326943     
   3.05102999566398       -2.96758959847121     
   3.10102999566398       -3.01797517041324     
   3.15102999566398       -3.06776279669098     
   3.20102999566398       -3.11783360511328     
   3.25102999566398       -3.16789206365492     
   3.30102999566398       -3.21752047695595     
   3.35102999566398       -3.26772077253023     
   3.40102999566398       -3.31780691314174     
   3.45102999566398       -3.36756344644064     
   3.50102999566398       -3.41759203828267     
   3.55102999566398       -3.46772849654037     
   3.60102999566398       -3.51763388793846     
   3.65102999566398       -3.56772761523005     
   3.70102999566398       -3.61768062571743     
   3.75102999566398       -3.66769490960933     
   3.80102999566398       -3.71762292479744     
   3.85102999566398       -3.76766424425244     
   3.90102999566398       -3.81767849055299     
   3.95102999566398       -3.86765679651892     
   4.00102999566398       -3.91765079767827     
   4.05102999566398       -3.96765803010081     
   4.10102999566398       -4.01763423394934     
   4.15102999566398       -4.06763808756122     
   4.20102999566398       -4.11764382580647     
   4.25102999566398       -4.16760872637526     
   4.30102999566398       -4.21760936870311     
   4.35102999566398       -4.26761879048346     
   4.40102999566398       -4.31763417590089     
   4.45102999566398       -4.36762464480169     
   4.50102999566398       -4.41763417913140     
   4.55102999566398       -4.46762172174535     
   4.60102999566398       -4.51761755644355     
   4.65102999566398       -4.56762113156566     
   4.70102999566398       -4.61762887996367     
   4.75102999566398       -4.66762789583912     
   4.80102999566398       -4.71762045022476     
 zone T = "ep =   0.251188643150958      ",
   1.30102999566398       -1.26867357029858     
   1.35102999566398       -1.33737611319002     
   1.40102999566398       -1.36267790918897     
   1.45102999566398       -1.42706130213380     
   1.50102999566398       -1.47237981534241     
   1.55102999566398       -1.51131002523445     
   1.60102999566398       -1.55544253665720     
   1.65102999566398       -1.60627191202635     
   1.70102999566398       -1.65556604017756     
   1.75102999566398       -1.71201587795486     
   1.80102999566398       -1.76253003116153     
   1.85102999566398       -1.80860700118075     
   1.90102999566398       -1.85543832054785     
   1.95102999566398       -1.90655318220721     
   2.00102999566398       -1.95431426862871     
   2.05102999566398       -2.00906895164416     
   2.10102999566398       -2.05703048152125     
   2.15102999566398       -2.10736801263364     
   2.20102999566398       -2.15636533158354     
   2.25102999566398       -2.20688165705268     
   2.30102999566398       -2.25354201611281     
   2.35102999566398       -2.30485484321365     
   2.40102999566398       -2.35607522412038     
   2.45102999566398       -2.40606505557040     
   2.50102999566398       -2.45576164468507     
   2.55102999566398       -2.50464511358922     
   2.60102999566398       -2.55486664950792     
   2.65102999566398       -2.60535000978230     
   2.70102999566398       -2.65523072122304     
   2.75102999566398       -2.70485835826194     
   2.80102999566398       -2.75501714042748     
   2.85102999566398       -2.80424441409069     
   2.90102999566398       -2.85462243806677     
   2.95102999566398       -2.90468482939520     
   3.00102999566398       -2.95470886134484     
   3.05102999566398       -3.00419960200834     
   3.10102999566398       -3.05457386395839     
   3.15102999566398       -3.10436174529025     
   3.20102999566398       -3.15442802914505     
   3.25102999566398       -3.20448248925721     
   3.30102999566398       -3.25411516884640     
   3.35102999566398       -3.30430948812737     
   3.40102999566398       -3.35439199207149     
   3.45102999566398       -3.40415117782408     
   3.50102999566398       -3.45417762587892     
   3.55102999566398       -3.50431012970327     
   3.60102999566398       -3.55421597414891     
   3.65102999566398       -3.60430684009822     
   3.70102999566398       -3.65425969605776     
   3.75102999566398       -3.70427280750262     
   3.80102999566398       -3.75420133579116     
   3.85102999566398       -3.80424117609101     
   3.90102999566398       -3.85425452070957     
   3.95102999566398       -3.90423265349161     
   4.00102999566398       -3.95422625524486     
   4.05102999566398       -4.00423290084392     
   4.10102999566398       -4.05420913669304     
   4.15102999566398       -4.10421255954304     
   4.20102999566398       -4.15421787146742     
   4.25102999566398       -4.20418312844669     
   4.30102999566398       -4.25418350411189     
   4.35102999566398       -4.30419252641510     
   4.40102999566398       -4.35420742817239     
   4.45102999566398       -4.40419789087990     
   4.50102999566398       -4.45420709032333     
   4.55102999566398       -4.50419471742477     
   4.60102999566398       -4.55419050069616     
   4.65102999566398       -4.60419389689349     
   4.70102999566398       -4.65420140215824     
   4.75102999566398       -4.70420034577751     
   4.80102999566398       -4.75419295570475     
 zone T = "ep =   0.199526231496888      ",
   1.30102999566398       -1.30314428651403     
   1.35102999566398       -1.36980456779965     
   1.40102999566398       -1.39555634665028     
   1.45102999566398       -1.45889225584951     
   1.50102999566398       -1.50391269073702     
   1.55102999566398       -1.54293798923078     
   1.60102999566398       -1.58704911002975     
   1.65102999566398       -1.63764917681536     
   1.70102999566398       -1.68677337279941     
   1.75102999566398       -1.74289388123553     
   1.80102999566398       -1.79331088836547     
   1.85102999566398       -1.83938099410793     
   1.90102999566398       -1.88623255433944     
   1.95102999566398       -1.93725077310096     
   2.00102999566398       -1.98500152533715     
   2.05102999566398       -2.03958934963929     
   2.10102999566398       -2.08755583508600     
   2.15102999566398       -2.13784937868252     
   2.20102999566398       -2.18684334543610     
   2.25102999566398       -2.23731842296225     
   2.30102999566398       -2.28403216019177     
   2.35102999566398       -2.33529339558909     
   2.40102999566398       -2.38646492900293     
   2.45102999566398       -2.43643916186303     
   2.50102999566398       -2.48612805486952     
   2.55102999566398       -2.53502439040250     
   2.60102999566398       -2.58523023314056     
   2.65102999566398       -2.63569230279594     
   2.70102999566398       -2.68556685595771     
   2.75102999566398       -2.73519536865336     
   2.80102999566398       -2.78534348325450     
   2.85102999566398       -2.83458219600517     
   2.90102999566398       -2.88494610044227     
   2.95102999566398       -2.93500240662551     
   3.00102999566398       -2.98502156775179     
   3.05102999566398       -3.03451999121481     
   3.10102999566398       -3.08488243267541     
   3.15102999566398       -3.13467206990316     
   3.20102999566398       -3.18473424919964     
   3.25102999566398       -3.23478510159555     
   3.30102999566398       -3.28442389053790     
   3.35102999566398       -3.33461199985855     
   3.40102999566398       -3.38469098451677     
   3.45102999566398       -3.43445405895363     
   3.50102999566398       -3.48447859689183     
   3.55102999566398       -3.53460696187721     
   3.60102999566398       -3.58451385967320     
   3.65102999566398       -3.63460176916496     
   3.70102999566398       -3.68455484771340     
   3.75102999566398       -3.73456692401102     
   3.80102999566398       -3.78449638767295     
   3.85102999566398       -3.83453475164272     
   3.90102999566398       -3.88454727698007     
   3.95102999566398       -3.93452543187917     
   4.00102999566398       -3.98451876100173     
   4.05102999566398       -4.03452488822275     
   4.10102999566398       -4.08450132417011     
   4.15102999566398       -4.13450437731177     
   4.20102999566398       -4.18450930906384     
   4.25102999566398       -4.23447510621134     
   4.30102999566398       -4.28447526585921     
   4.35102999566398       -4.33448390233444     
   4.40102999566398       -4.38449830785811     
   4.45102999566398       -4.43448883564873     
   4.50102999566398       -4.48449769961249     
   4.55102999566398       -4.53448548524400     
   4.60102999566398       -4.58448125826781     
   4.65102999566398       -4.63448448637770     
   4.70102999566398       -4.68449174204877     
   4.75102999566398       -4.73449063556017     
   4.80102999566398       -4.78448334411258     
 zone T = "ep =   0.158489319246111      ",
   1.30102999566398       -1.33159654759046     
   1.35102999566398       -1.39638381239178     
   1.40102999566398       -1.42263021583043     
   1.45102999566398       -1.48500153757365     
   1.50102999566398       -1.52977792429590     
   1.55102999566398       -1.56893369929692     
   1.60102999566398       -1.61305539384573     
   1.65102999566398       -1.66345667505270     
   1.70102999566398       -1.71243777538558     
   1.75102999566398       -1.76825032698130     
   1.80102999566398       -1.81858605417624     
   1.85102999566398       -1.86466660090008     
   1.90102999566398       -1.91155159316578     
   1.95102999566398       -1.96248419312604     
   2.00102999566398       -2.01023604309719     
   2.05102999566398       -2.06466326690649     
   2.10102999566398       -2.11264337745792     
   2.15102999566398       -2.16289922143251     
   2.20102999566398       -2.21189588540335     
   2.25102999566398       -2.26233450600472     
   2.30102999566398       -2.30910825511411     
   2.35102999566398       -2.36032094756846     
   2.40102999566398       -2.41144637471803     
   2.45102999566398       -2.46140803294739     
   2.50102999566398       -2.51109215727168     
   2.55102999566398       -2.56000455384118     
   2.60102999566398       -2.61019662995165     
   2.65102999566398       -2.66063895365931     
   2.70102999566398       -2.71050910965169     
   2.75102999566398       -2.76014024650029     
   2.80102999566398       -2.81027889908093     
   2.85102999566398       -2.85953080465427     
   2.90102999566398       -2.90988134905271     
   2.95102999566398       -2.95993243792158     
   3.00102999566398       -3.00994753419972     
   3.05102999566398       -3.05945476662045     
   3.10102999566398       -3.10980574760924     
   3.15102999566398       -3.15959788626632     
   3.20102999566398       -3.20965642105683     
   3.25102999566398       -3.25970408201749     
   3.30102999566398       -3.30934967974478     
   3.35102999566398       -3.35953178756463     
   3.40102999566398       -3.40960751111925     
   3.45102999566398       -3.45937495479230     
   3.50102999566398       -3.50939781803524     
   3.55102999566398       -3.55952216699615     
   3.60102999566398       -3.60943039713946     
   3.65102999566398       -3.65951545843773     
   3.70102999566398       -3.70946895884126     
   3.75102999566398       -3.75948013354290     
   3.80102999566398       -3.80941071819748     
   3.85102999566398       -3.85944768810949     
   3.90102999566398       -3.90945948515376     
   3.95102999566398       -3.95943777041655     
   4.00102999566398       -4.00943091290484     
   4.05102999566398       -4.05943658841278     
   4.10102999566398       -4.10941330781557     
   4.15102999566398       -4.15941604563697     
   4.20102999566398       -4.20942064396261     
   4.25102999566398       -4.25938705476961     
   4.30102999566398       -4.30938703855035     
   4.35102999566398       -4.35939531798471     
   4.40102999566398       -4.40940924734399     
   4.45102999566398       -4.45939987662775     
   4.50102999566398       -4.50940842322868     
   4.55102999566398       -4.55939640007816     
   4.60102999566398       -4.60939218664465     
   4.65102999566398       -4.65939526189980     
   4.70102999566398       -4.70940227815220     
   4.75102999566398       -4.75940113674025     
   4.80102999566398       -4.80939396296528     
 zone T = "ep =   0.125892541179417      ",
   1.30102999566398       -1.35493760563732     
   1.35102999566398       -1.41805614477705     
   1.40102999566398       -1.44479322050155     
   1.45102999566398       -1.50630333149742     
   1.50102999566398       -1.55088008689282     
   1.55102999566398       -1.59017833265356     
   1.60102999566398       -1.63432789210947     
   1.65102999566398       -1.68455913185526     
   1.70102999566398       -1.73342048274705     
   1.75102999566398       -1.78895522051574     
   1.80102999566398       -1.83922334673573     
   1.85102999566398       -1.88532324662060     
   1.90102999566398       -1.93224700892360     
   1.95102999566398       -1.98310517875007     
   2.00102999566398       -2.03086436584477     
   2.05102999566398       -2.08514401057011     
   2.10102999566398       -2.13314171182176     
   2.15102999566398       -2.18336557276009     
   2.20102999566398       -2.23236811623844     
   2.25102999566398       -2.28277509128224     
   2.30102999566398       -2.32960893684804     
   2.35102999566398       -2.38077765543453     
   2.40102999566398       -2.43186122894670     
   2.45102999566398       -2.48181272795604     
   2.50102999566398       -2.53149397943254     
   2.55102999566398       -2.58042324048773     
   2.60102999566398       -2.63060343115372     
   2.65102999566398       -2.68102803413324     
   2.70102999566398       -2.73089502411087     
   2.75102999566398       -2.78052959185834     
   2.80102999566398       -2.83066000882602     
   2.85102999566398       -2.87992528796872     
   2.90102999566398       -2.93026368486141     
   2.95102999566398       -2.98031034466021     
   3.00102999566398       -3.03032206142096     
   3.05102999566398       -3.07983819873973     
   3.10102999566398       -3.13017859896416     
   3.15102999566398       -3.17997350056880     
   3.20102999566398       -3.23002886086522     
   3.25102999566398       -3.28007374926810     
   3.30102999566398       -3.32972613577075     
   3.35102999566398       -3.37990271372254     
   3.40102999566398       -3.42997551218232     
   3.45102999566398       -3.47974732969634     
   3.50102999566398       -3.52976874738384     
   3.55102999566398       -3.57988938671634     
   3.60102999566398       -3.62979902350045     
   3.65102999566398       -3.67988146556101     
   3.70102999566398       -3.72983547238049     
   3.75102999566398       -3.77984587257746     
   3.80102999566398       -3.82977761370537     
   3.85102999566398       -3.87981331772709     
   3.90102999566398       -3.92982447985004     
   3.95102999566398       -3.97980294731821     
   4.00102999566398       -4.02979596155673     
   4.05102999566398       -4.07980124890734     
   4.10102999566398       -4.12977828076004     
   4.15102999566398       -4.17978075196336     
   4.20102999566398       -4.22978506235883     
   4.25102999566398       -4.27975209072989     
   4.30102999566398       -4.32975193124687     
   4.35102999566398       -4.37975989070968     
   4.40102999566398       -4.42977338325574     
   4.45102999566398       -4.47976412798077     
   4.50102999566398       -4.52977238600482     
   4.55102999566398       -4.57976056075279     
   4.60102999566398       -4.62975637300807     
   4.65102999566398       -4.67975931292408     
   4.70102999566398       -4.72976610955833     
   4.75102999566398       -4.77976494366979     
   4.80102999566398       -4.82975789079801     
 zone T = "ep =   0.100000000000000      ",
   1.30102999566398       -1.37398295858204     
   1.35102999566398       -1.43564829724357     
   1.40102999566398       -1.46284349193784     
   1.45102999566398       -1.52360283004415     
   1.50102999566398       -1.56801668318196     
   1.55102999566398       -1.60745506268943     
   1.60102999566398       -1.65164027378378     
   1.65102999566398       -1.70172782031935     
   1.70102999566398       -1.75048964854578     
   1.75102999566398       -1.80578044721955     
   1.80102999566398       -1.85599270422164     
   1.85102999566398       -1.90211556723879     
   1.90102999566398       -1.94907858142561     
   1.95102999566398       -1.99987308978862     
   2.00102999566398       -2.04764253742476     
   2.05102999566398       -2.10179097664100     
   2.10102999566398       -2.14980730883432     
   2.15102999566398       -2.20000430749402     
   2.20102999566398       -2.24901409022431     
   2.25102999566398       -2.29939402497151     
   2.30102999566398       -2.34628422381116     
   2.35102999566398       -2.39741421875476     
   2.40102999566398       -2.44846088278352     
   2.45102999566398       -2.49840417334469     
   2.50102999566398       -2.54808376052308     
   2.55102999566398       -2.59702925772633     
   2.60102999566398       -2.64719933265417     
   2.65102999566398       -2.69760842996094     
   2.70102999566398       -2.74747312063647     
   2.75102999566398       -2.79711134007202     
   2.80102999566398       -2.84723470524934     
   2.85102999566398       -2.89651261237340     
   2.90102999566398       -2.94684028469432     
   2.95102999566398       -2.99688322190748     
   3.00102999566398       -3.04689214351094     
   3.05102999566398       -3.09641667600841     
   3.10102999566398       -3.14674763933211     
   3.15102999566398       -3.19654527122732     
   3.20102999566398       -3.24659791187455     
   3.25102999566398       -3.29664042946175     
   3.30102999566398       -3.34629916567622     
   3.35102999566398       -3.39647081799924     
   3.40102999566398       -3.44654105784693     
   3.45102999566398       -3.49631697578826     
   3.50102999566398       -3.54633716320229     
   3.55102999566398       -3.59645449283289     
   3.60102999566398       -3.64636548775074     
   3.65102999566398       -3.69644559978439     
   3.70102999566398       -3.74640012686568     
   3.75102999566398       -3.79640987023459     
   3.80102999566398       -3.84634271409807     
   3.85102999566398       -3.89637730148246     
   3.90102999566398       -3.94638791928979     
   3.95102999566398       -3.99636658550429     
   4.00102999566398       -4.04635951122882     
   4.05102999566398       -4.09636446933157     
   4.10102999566398       -4.14634180961040     
   4.15102999566398       -4.19634405738543     
   4.20102999566398       -4.24634812262664     
   4.25102999566398       -4.29631573177261     
   4.30102999566398       -4.34631545563425     
   4.35102999566398       -4.39632313535224     
   4.40102999566398       -4.44633624000100     
   4.45102999566398       -4.49632710047359     
   4.50102999566398       -4.54633510373810     
   4.55102999566398       -4.59632346744542     
   4.60102999566398       -4.64631931046497     
   4.65102999566398       -4.69632213313465     
   4.70102999566398       -4.74632873449434     
   4.75102999566398       -4.79632755140007     
   4.80102999566398       -4.84632061357821     
 zone T = "ep =   7.943282347242814E-002 ",
   1.30102999566398       -1.38945102943585     
   1.35102999566398       -1.44987367493881     
   1.40102999566398       -1.47747974574071     
   1.45102999566398       -1.53759677156847     
   1.50102999566398       -1.58187810928983     
   1.55102999566398       -1.62144623093897     
   1.60102999566398       -1.66566900313284     
   1.65102999566398       -1.71563641723319     
   1.70102999566398       -1.76431609378554     
   1.75102999566398       -1.81939712065834     
   1.80102999566398       -1.86956348499500     
   1.85102999566398       -1.91570972953750     
   1.90102999566398       -1.96270968817881     
   1.95102999566398       -2.01345048616936     
   2.00102999566398       -2.06123108433809     
   2.05102999566398       -2.11526570970817     
   2.10102999566398       -2.16330000283495     
   2.15102999566398       -2.21347464725113     
   2.20102999566398       -2.26249192271542     
   2.25102999566398       -2.31284905947650     
   2.30102999566398       -2.35978990263831     
   2.35102999566398       -2.41088652913249     
   2.40102999566398       -2.46190135555666     
   2.45102999566398       -2.51183802120964     
   2.50102999566398       -2.56151669959287     
   2.55102999566398       -2.61047702842409     
   2.60102999566398       -2.66063859967304     
   2.65102999566398       -2.71103439577815     
   2.70102999566398       -2.76089740167753     
   2.75102999566398       -2.81053915046744     
   2.80102999566398       -2.86065656064819     
   2.85102999566398       -2.90994586606134     
   2.90102999566398       -2.96026428008825     
   2.95102999566398       -3.01030411734647     
   3.00102999566398       -3.06031074002096     
   3.05102999566398       -3.10984284266247     
   3.10102999566398       -3.16016560150696     
   3.15102999566398       -3.20996576647767     
   3.20102999566398       -3.26001610956087     
   3.25102999566398       -3.31005662704915     
   3.30102999566398       -3.35972106034557     
   3.35102999566398       -3.40988843414857     
   3.40102999566398       -3.45995647962966     
   3.45102999566398       -3.50973608195910     
   3.50102999566398       -3.55975523510273     
   3.55102999566398       -3.60986968659357     
   3.60102999566398       -3.65978192431518     
   3.65102999566398       -3.70986001423890     
   3.70102999566398       -3.75981503472391     
   3.75102999566398       -3.80982422737139     
   3.80102999566398       -3.85975807266326     
   3.85102999566398       -3.90979169666168     
   3.90102999566398       -3.95980185441016     
   3.95102999566398       -4.00978071514750     
   4.00102999566398       -4.05977357939848     
   4.05102999566398       -4.10977826137918     
   4.10102999566398       -4.15975588764796     
   4.15102999566398       -4.20975794975751     
   4.20102999566398       -4.25976180891784     
   4.25102999566398       -4.30972994092370     
   4.30102999566398       -4.35972957008705     
   4.35102999566398       -4.40973700998671     
   4.40102999566398       -4.45974977838331     
   4.45102999566398       -4.50974074707077     
   4.50102999566398       -4.55974853038457     
   4.55102999566398       -4.60973706600416     
   4.60102999566398       -4.65973294037202     
   4.65102999566398       -4.70973566311513     
   4.70102999566398       -4.75974209540326     
   4.75102999566398       -4.80974089973140     
   4.80102999566398       -4.85973406665854     
 zone T = "ep =   6.309573444801933E-002 ",
   1.30102999566398       -1.40196390145881     
   1.35102999566398       -1.46133928244706     
   1.40102999566398       -1.48930352456876     
   1.45102999566398       -1.54887917792673     
   1.50102999566398       -1.59305307472653     
   1.55102999566398       -1.63273667557989     
   1.60102999566398       -1.67699551544253     
   1.65102999566398       -1.72686341599444     
   1.70102999566398       -1.77547570425313     
   1.75102999566398       -1.83037926576191     
   1.80102999566398       -1.88050814137446     
   1.85102999566398       -1.92667639968527     
   1.90102999566398       -1.97370958312347     
   1.95102999566398       -2.02440558007608     
   2.00102999566398       -2.07219704276846     
   2.05102999566398       -2.12613477825813     
   2.10102999566398       -2.17418545792793     
   2.15102999566398       -2.22434165026419     
   2.20102999566398       -2.27336604487052     
   2.25102999566398       -2.32370417459431     
   2.30102999566398       -2.37068920513956     
   2.35102999566398       -2.42175755985667     
   2.40102999566398       -2.47274539155033     
   2.45102999566398       -2.52267671937294     
   2.50102999566398       -2.57235494984522     
   2.55102999566398       -2.62132836042813     
   2.60102999566398       -2.67148285768335     
   2.65102999566398       -2.72186742105259     
   2.70102999566398       -2.77172918128324     
   2.75102999566398       -2.82137415497159     
   2.80102999566398       -2.87148659420514     
   2.85102999566398       -2.92078587370648     
   2.90102999566398       -2.97109643312209     
   2.95102999566398       -3.02113371001456     
   3.00102999566398       -3.07113845209380     
   3.05102999566398       -3.12067717458572     
   3.10102999566398       -3.17099293750649     
   3.15102999566398       -3.22079535920583     
   3.20102999566398       -3.27084378382019     
   3.25102999566398       -3.32088263294418     
   3.30102999566398       -3.37055203139489     
   3.35102999566398       -3.42071575925254     
   3.40102999566398       -3.47078195188897     
   3.45102999566398       -3.52056476843151     
   3.50102999566398       -3.57058306112119     
   3.55102999566398       -3.62069505802174     
   3.60102999566398       -3.67060839315061     
   3.65102999566398       -3.72068476103265     
   3.70102999566398       -3.77064022718654     
   3.75102999566398       -3.82064896258304     
   3.80102999566398       -3.87058368771759     
   3.85102999566398       -3.92061649474238     
   3.90102999566398       -3.97062626819082     
   3.95102999566398       -4.02060530798230     
   4.00102999566398       -4.07059812920590     
   4.05102999566398       -4.12060258191297     
   4.10102999566398       -4.17058046284638     
   4.15102999566398       -4.22058237189351     
   4.20102999566398       -4.27058605951944     
   4.25102999566398       -4.32055464826020     
   4.30102999566398       -4.37055420071817     
   4.35102999566398       -4.42056143820230     
   4.40102999566398       -4.47057392040164     
   4.45102999566398       -4.52056498599401     
   4.50102999566398       -4.57057258278358     
   4.55102999566398       -4.62056126943267     
   4.60102999566398       -4.67055717341739     
   4.65102999566398       -4.72055981213611     
   4.70102999566398       -4.77056610028515     
   4.75102999566398       -4.82056489604417     
   4.80102999566398       -4.87055815452037     
 zone T = "ep =   5.011872336272723E-002 ",
   1.30102999566398       -1.41205228861803     
   1.35102999566398       -1.47055541796707     
   1.40102999566398       -1.49882541726428     
   1.45102999566398       -1.55795018668307     
   1.50102999566398       -1.60203724882136     
   1.55102999566398       -1.64182085008257     
   1.60102999566398       -1.68611249171736     
   1.65102999566398       -1.73589859746054     
   1.70102999566398       -1.78445591427470     
   1.75102999566398       -1.83921126726186     
   1.80102999566398       -1.88930966836129     
   1.85102999566398       -1.93549769223127     
   1.90102999566398       -1.98255984648373     
   1.95102999566398       -2.03321882365354     
   2.00102999566398       -2.08102024565682     
   2.05102999566398       -2.13487669177466     
   2.10102999566398       -2.18294179347883     
   2.15102999566398       -2.23308286064711     
   2.20102999566398       -2.28211368414374     
   2.25102999566398       -2.33243611369074     
   2.30102999566398       -2.37945887750702     
   2.35102999566398       -2.43050359514304     
   2.40102999566398       -2.48146884509469     
   2.45102999566398       -2.53139588022742     
   2.50102999566398       -2.58107393508714     
   2.55102999566398       -2.63005860117296     
   2.60102999566398       -2.68020726498924     
   2.65102999566398       -2.73058245980221     
   2.70102999566398       -2.78044329079789     
   2.75102999566398       -2.83009110558431     
   2.80102999566398       -2.88019943475134     
   2.85102999566398       -2.92950724883905     
   2.90102999566398       -2.97981123480557     
   2.95102999566398       -3.02984641188521     
   3.00102999566398       -3.07984962313634     
   3.05102999566398       -3.12939400743068     
   3.10102999566398       -3.17970389374119     
   3.15102999566398       -3.22950827046588     
   3.20102999566398       -3.27955510849823     
   3.25102999566398       -3.32959257895057     
   3.30102999566398       -3.37926621395085     
   3.35102999566398       -3.42942688062720     
   3.40102999566398       -3.47949152807678     
   3.45102999566398       -3.52927708907462     
   3.50102999566398       -3.57929467214322     
   3.55102999566398       -3.62940460691811     
   3.60102999566398       -3.67931888698508     
   3.65102999566398       -3.72939380968723     
   3.70102999566398       -3.77934966551807     
   3.75102999566398       -3.82935802439701     
   3.80102999566398       -3.87929350449695     
   3.85102999566398       -3.92932562803532     
   3.90102999566398       -3.97933508356504     
   3.95102999566398       -4.02931428185760     
   4.00102999566398       -4.07930707271695     
   4.05102999566398       -4.12931133660001     
   4.10102999566398       -4.17928943810383     
   4.15102999566398       -4.22929122177549     
   4.20102999566398       -4.27929476792003     
   4.25102999566398       -4.32926374698604     
   4.30102999566398       -4.37926323750058     
   4.35102999566398       -4.42927030622734     
   4.40102999566398       -4.47928254847387     
   4.45102999566398       -4.52927369832191     
   4.50102999566398       -4.57928113895782     
   4.55102999566398       -4.62926995520537     
   4.60102999566398       -4.67926588581668     
   4.65102999566398       -4.72926845475701     
   4.70102999566398       -4.77927462206052     
   4.75102999566398       -4.82927341157016     
   4.80102999566398       -4.87926674855452     
 zone T = "ep =   3.981071705534973E-002 ",
   1.30102999566398       -1.42016323424917     
   1.35102999566398       -1.47794672058871     
   1.40102999566398       -1.50647364107402     
   1.45102999566398       -1.56522645778481     
   1.50102999566398       -1.60924354186356     
   1.55102999566398       -1.64911202978340     
   1.60102999566398       -1.69343246556638     
   1.65102999566398       -1.74315177459768     
   1.70102999566398       -1.79166446331639     
   1.75102999566398       -1.84629730253152     
   1.80102999566398       -1.89637103449793     
   1.85102999566398       -1.94257625521385     
   1.90102999566398       -1.98966312046859     
   1.95102999566398       -2.04029174221528     
   2.00102999566398       -2.08810194778613     
   2.05102999566398       -2.14189096660366     
   2.10102999566398       -2.18996844789843     
   2.15102999566398       -2.24009718960448     
   2.20102999566398       -2.28913362820995     
   2.25102999566398       -2.33944318740994     
   2.30102999566398       -2.38649765891305     
   2.35102999566398       -2.43752282117092     
   2.40102999566398       -2.48846938117821     
   2.45102999566398       -2.53839297055221     
   2.50102999566398       -2.58807100355808     
   2.55102999566398       -2.63706517906377     
   2.60102999566398       -2.68720906703300     
   2.65102999566398       -2.73757652520468     
   2.70102999566398       -2.78743665707799     
   2.75102999566398       -2.83708691227085     
   2.80102999566398       -2.88719186963597     
   2.85102999566398       -2.93650686592749     
   2.90102999566398       -2.98680540953102     
   2.95102999566398       -3.03683887473888     
   3.00102999566398       -3.08684084524190     
   3.05102999566398       -3.13638999256998     
   3.10102999566398       -3.18669499994704     
   3.15102999566398       -3.23650103645095     
   3.20102999566398       -3.28654657266693     
   3.25102999566398       -3.33658291256195     
   3.30102999566398       -3.38626010551001     
   3.35102999566398       -3.43641823158300     
   3.40102999566398       -3.48648160310193     
   3.45102999566398       -3.53626947010905     
   3.50102999566398       -3.58628647215999     
   3.55102999566398       -3.63639469474360     
   3.60102999566398       -3.68630977359321     
   3.65102999566398       -3.73638349730648     
   3.70102999566398       -3.78633968610645     
   3.75102999566398       -3.83634773705837     
   3.80102999566398       -3.88628385379614     
   3.85102999566398       -3.93631541158314     
   3.90102999566398       -3.98632460619062     
   3.95102999566398       -4.03630394108179     
   4.00102999566398       -4.08629671029204     
   4.05102999566398       -4.13630081974783     
   4.10102999566398       -4.18627910847689     
   4.15102999566398       -4.23628079001148     
   4.20102999566398       -4.28628422035180     
   4.25102999566398       -4.33625352763058     
   4.30102999566398       -4.38625296827483     
   4.35102999566398       -4.43625989761864     
   4.40102999566398       -4.48627194081846     
   4.45102999566398       -4.53626316242228     
   4.50102999566398       -4.58627047382059     
   4.55102999566398       -4.63625939952708     
   4.60102999566398       -4.68625535325202     
   4.65102999566398       -4.73625786480575     
   4.70102999566398       -4.78626393197093     
   4.75102999566398       -4.83626271655460     
   4.80102999566398       -4.88625612007465     
 zone T = "ep =   3.162277660168379E-002 ",
   1.30102999566398       -1.42666927422719     
   1.35102999566398       -1.48386352614539     
   1.40102999566398       -1.51260373216503     
   1.45102999566398       -1.57105204512458     
   1.50102999566398       -1.61501287820983     
   1.55102999566398       -1.65495235937550     
   1.60102999566398       -1.69929745850252     
   1.65102999566398       -1.74896250950954     
   1.70102999566398       -1.79743911373931     
   1.75102999566398       -1.85197150055087     
   1.80102999566398       -1.90202533317320     
   1.85102999566398       -1.94824518903560     
   1.90102999566398       -1.99535279252756     
   1.95102999566398       -2.04595667892196     
   2.00102999566398       -2.09377443011579     
   2.05102999566398       -2.14750801976930     
   2.10102999566398       -2.19559593691997     
   2.15102999566398       -2.24571468354359     
   2.20102999566398       -2.29475591389970     
   2.25102999566398       -2.34505498774273     
   2.30102999566398       -2.39213577915055     
   2.35102999566398       -2.44314489732499     
   2.40102999566398       -2.49407611851828     
   2.45102999566398       -2.54399694672047     
   2.50102999566398       -2.59367503870167     
   2.55102999566398       -2.64267713921845     
   2.60102999566398       -2.69281714021928     
   2.65102999566398       -2.74317825972548     
   2.70102999566398       -2.79303786140106     
   2.75102999566398       -2.84269017483037     
   2.80102999566398       -2.89279238359537     
   2.85102999566398       -2.94211334810458     
   2.90102999566398       -2.99240742403751     
   2.95102999566398       -3.04243950054311     
   3.00102999566398       -3.09244046911181     
   3.05102999566398       -3.14199357340675     
   3.10102999566398       -3.19229456723159     
   3.15102999566398       -3.24210199187312     
   3.20102999566398       -3.29214646674344     
   3.25102999566398       -3.34218188533516     
   3.30102999566398       -3.39186203037467     
   3.35102999566398       -3.44201806702327     
   3.40102999566398       -3.49208039321907     
   3.45102999566398       -3.54187017427568     
   3.50102999566398       -3.59188670340688     
   3.55102999566398       -3.64199351739385     
   3.60102999566398       -3.69190926220657     
   3.65102999566398       -3.74198200010447     
   3.70102999566398       -3.79193846868069     
   3.75102999566398       -3.84194626922251     
   3.80102999566398       -3.89188291576309     
   3.85102999566398       -3.94191400921587     
   3.90102999566398       -3.99192299106509     
   3.95102999566398       -4.04190244140558     
   4.00102999566398       -4.09189519501357     
   4.05102999566398       -4.14189917887965     
   4.10102999566398       -4.19187762416050     
   4.15102999566398       -4.24187922292797     
   4.20102999566398       -4.29188255896751     
   4.25102999566398       -4.34185213877531     
   4.30102999566398       -4.39185153930340     
   4.35102999566398       -4.44185835455268     
   4.40102999566398       -4.49187023416391     
   4.45102999566398       -4.54186151586684     
   4.50102999566398       -4.59186872115713     
   4.55102999566398       -4.64185773780726     
   4.60102999566398       -4.69185371124280     
   4.65102999566398       -4.74185617571918     
   4.70102999566398       -4.79186216051739     
   4.75102999566398       -4.84186094178398     
   4.80102999566398       -4.89185440037126     
 zone T = "ep =   2.511886431509579E-002 ",
   1.30102999566398       -1.43187807568985     
   1.35102999566398       -1.48859280792605     
   1.40102999566398       -1.51750842052751     
   1.45102999566398       -1.57570896670940     
   1.50102999566398       -1.61962468107323     
   1.55102999566398       -1.65962286914156     
   1.60102999566398       -1.70398872260705     
   1.65102999566398       -1.75360989281177     
   1.70102999566398       -1.80205741884869     
   1.75102999566398       -1.85650797402232     
   1.80102999566398       -1.90654580185642     
   1.85102999566398       -1.95277791441210     
   1.90102999566398       -1.99990271082987     
   1.95102999566398       -2.05048654342549     
   2.00102999566398       -2.09831065654159     
   2.05102999566398       -2.15199900225990     
   2.10102999566398       -2.20009559925419     
   2.15102999566398       -2.25020627303953     
   2.20102999566398       -2.29925152440556     
   2.25102999566398       -2.34954209874881     
   2.30102999566398       -2.39664453242954     
   2.35102999566398       -2.44764057430786     
   2.40102999566398       -2.49855929104123     
   2.45102999566398       -2.54847791001352     
   2.50102999566398       -2.59815609811467     
   2.55102999566398       -2.64716473459027     
   2.60102999566398       -2.69730158722423     
   2.65102999566398       -2.74765754608399     
   2.70102999566398       -2.79751674274916     
   2.75102999566398       -2.84717076869191     
   2.80102999566398       -2.89727074839058     
   2.85102999566398       -2.94659662438469     
   2.90102999566398       -2.99688705748795     
   2.95102999566398       -3.04691801203985     
   3.00102999566398       -3.09691817402344     
   3.05102999566398       -3.14647453405649     
   3.10102999566398       -3.19677225008357     
   3.15102999566398       -3.24658082257311     
   3.20102999566398       -3.29662443662280     
   3.25102999566398       -3.34665910823991     
   3.30102999566398       -3.39634167992200     
   3.35102999566398       -3.44649601051420     
   3.40102999566398       -3.49655748569455     
   3.45102999566398       -3.54634884055325     
   3.50102999566398       -3.59636498660754     
   3.55102999566398       -3.64647065015605     
   3.60102999566398       -3.69638694436873     
   3.65102999566398       -3.74645887749660     
   3.70102999566398       -3.79641557821441     
   3.75102999566398       -3.84642317607932     
   3.80102999566398       -3.89636025910432     
   3.85102999566398       -3.94639097399234     
   3.90102999566398       -3.99639978326735     
   3.95102999566398       -4.04637932983693     
   4.00102999566398       -4.09637207209948     
   4.05102999566398       -4.14637595428850     
   4.10102999566398       -4.19635452904239     
   4.15102999566398       -4.24635606097160     
   4.20102999566398       -4.29635932060769     
   4.25102999566398       -4.34632912460461     
   4.30102999566398       -4.39632849304784     
   4.35102999566398       -4.44633521534297     
   4.40102999566398       -4.49634696150448     
   4.45102999566398       -4.54633829295633     
   4.50102999566398       -4.59634541168257     
   4.55102999566398       -4.64633450356578     
   4.60102999566398       -4.69633049344949     
   4.65102999566398       -4.74633291972111     
   4.70102999566398       -4.79633883740481     
   4.75102999566398       -4.84633761619113     
   4.80102999566398       -4.89633111996195     
 zone T = "ep =   1.995262314968880E-002 ",
   1.30102999566398       -1.43604184767150     
   1.35102999566398       -1.49236825208532     
   1.40102999566398       -1.52142706664316     
   1.45102999566398       -1.57942699409250     
   1.50102999566398       -1.62330658480277     
   1.55102999566398       -1.66335290007785     
   1.60102999566398       -1.70773599079228     
   1.65102999566398       -1.75732179859694     
   1.70102999566398       -1.80574595744147     
   1.75102999566398       -1.86013019310348     
   1.80102999566398       -1.91015517952294     
   1.85102999566398       -1.95639743488422     
   1.90102999566398       -2.00353635272213     
   1.95102999566398       -2.05410399341787     
   2.00102999566398       -2.10193339724884     
   2.05102999566398       -2.15558501950397     
   2.10102999566398       -2.20368876277444     
   2.15102999566398       -2.25379293760618     
   2.20102999566398       -2.30284152141849     
   2.25102999566398       -2.35312523390829     
   2.30102999566398       -2.40024533340733     
   2.35102999566398       -2.45123077382405     
   2.40102999566398       -2.50213935084699     
   2.45102999566398       -2.55205620451555     
   2.50102999566398       -2.60173450063561     
   2.55102999566398       -2.65074848421321     
   2.60102999566398       -2.70088279662616     
   2.65102999566398       -2.75123457500290     
   2.70102999566398       -2.80109346028749     
   2.75102999566398       -2.85074889654933     
   2.80102999566398       -2.90084707601118     
   2.85102999566398       -2.95017696352168     
   2.90102999566398       -3.00046444225344     
   2.95102999566398       -3.05049449337400     
   3.00102999566398       -3.10049400769771     
   3.05102999566398       -3.15005302651859     
   3.10102999566398       -3.20034808093416     
   3.15102999566398       -3.25015759434743     
   3.20102999566398       -3.30020051312595     
   3.25102999566398       -3.35023458158683     
   3.30102999566398       -3.39991913355048     
   3.35102999566398       -3.45007207901539     
   3.40102999566398       -3.50013286483362     
   3.45102999566398       -3.54992550427759     
   3.50102999566398       -3.59994134122804     
   3.55102999566398       -3.65004607056827     
   3.60102999566398       -3.69996281434487     
   3.65102999566398       -3.75003409419003     
   3.70102999566398       -3.79999098569748     
   3.75102999566398       -3.84999842009876     
   3.80102999566398       -3.89993585992208     
   3.85102999566398       -3.94996626782545     
   3.90102999566398       -3.99997493768649     
   3.95102999566398       -4.04995456360828     
   4.00102999566398       -4.09994729749760     
   4.05102999566398       -4.14995109768893     
   4.10102999566398       -4.19992977853710     
   4.15102999566398       -4.24993125668428     
   4.20102999566398       -4.29993445467599     
   4.25102999566398       -4.34990444168532     
   4.30102999566398       -4.39990378443554     
   4.35102999566398       -4.44991043146854     
   4.40102999566398       -4.49992206919448     
   4.45102999566398       -4.54991344153617     
   4.50102999566398       -4.59992049005646     
   4.55102999566398       -4.64990964321759     
   4.60102999566398       -4.69990564678282     
   4.65102999566398       -4.74990804218698     
   4.70102999566398       -4.79991390527244     
   4.75102999566398       -4.84991268205047     
   4.80102999566398       -4.89990622305601     
 zone T = "ep =   1.584893192461113E-002 ",
   1.30102999566398       -1.43936607750060     
   1.35102999566398       -1.49537923359070     
   1.40102999566398       -1.52455428861707     
   1.45102999566398       -1.58239240618994     
   1.50102999566398       -1.62624311873502     
   1.55102999566398       -1.66632862344135     
   1.60102999566398       -1.71072588931417     
   1.65102999566398       -1.76028328130426     
   1.70102999566398       -1.80868870495013     
   1.75102999566398       -1.86301941306976     
   1.80102999566398       -1.91303411649190     
   1.85102999566398       -1.95928468972194     
   1.90102999566398       -2.00643512307672     
   1.95102999566398       -2.05698973301834     
   2.00102999566398       -2.10482349166147     
   2.05102999566398       -2.15844543872038     
   2.10102999566398       -2.20655502000485     
   2.15102999566398       -2.25665397680974     
   2.20102999566398       -2.30570529654061     
   2.25102999566398       -2.35598348734425     
   2.30102999566398       -2.40311792432034     
   2.35102999566398       -2.45409480567041     
   2.40102999566398       -2.50499519525714     
   2.45102999566398       -2.55491063990414     
   2.50102999566398       -2.60458904210729     
   2.55102999566398       -2.65360737285338     
   2.60102999566398       -2.70373964213291     
   2.65102999566398       -2.75408804757426     
   2.70102999566398       -2.80394669211484     
   2.75102999566398       -2.85360328074265     
   2.80102999566398       -2.90370001114910     
   2.85102999566398       -2.95303315590460     
   2.90102999566398       -3.00331824881149     
   2.95102999566398       -3.05334757442678     
   3.00102999566398       -3.10334656979622     
   3.05102999566398       -3.15290774724658     
   3.10102999566398       -3.20320065019940     
   3.15102999566398       -3.25301092973848     
   3.20102999566398       -3.30305328884112     
   3.25102999566398       -3.35308687187998     
   3.30102999566398       -3.40277303071578     
   3.35102999566398       -3.45292485667331     
   3.40102999566398       -3.50298508630568     
   3.45102999566398       -3.55277876827929     
   3.50102999566398       -3.60279435660281     
   3.55102999566398       -3.65289833076992     
   3.60102999566398       -3.70281544010315     
   3.65102999566398       -3.75288619200496     
   3.70102999566398       -3.80284323916468     
   3.75102999566398       -3.85285054214029     
   3.80102999566398       -3.90278827186288     
   3.85102999566398       -3.95281843188269     
   3.90102999566398       -4.00282698951219     
   3.95102999566398       -4.05280668031423     
   4.00102999566398       -4.10279940797932     
   4.05102999566398       -4.15280314225207     
   4.10102999566398       -4.20278190948350     
   4.15102999566398       -4.25278334443698     
   4.20102999566398       -4.30278649287918     
   4.25102999566398       -4.35275662847227     
   4.30102999566398       -4.40275595065891     
   4.35102999566398       -4.45276253695502     
   4.40102999566398       -4.50277408712288     
   4.45102999566398       -4.55276549274153     
   4.50102999566398       -4.60277248462036     
   4.55102999566398       -4.65276168752245     
   4.60102999566398       -4.70275770237349     
   4.65102999566398       -4.75276007289286     
   4.70102999566398       -4.80276589189845     
   4.75102999566398       -4.85276466713838     
   4.80102999566398       -4.90275823824280     
 zone T = "ep =   1.258925411794167E-002 ",
   1.30102999566398       -1.44201735322048     
   1.35102999566398       -1.49777861481389     
   1.40102999566398       -1.52704759954002     
   1.45102999566398       -1.58475561449582     
   1.50102999566398       -1.62858326978102     
   1.55102999566398       -1.66870051889581     
   1.60102999566398       -1.71310935393442     
   1.65102999566398       -1.76264396496957     
   1.70102999566398       -1.81103439494698     
   1.75102999566398       -1.86532204117516     
   1.80102999566398       -1.91532852346636     
   1.85102999566398       -1.96158587083471     
   1.90102999566398       -2.00874564235294     
   1.95102999566398       -2.05928979318796     
   2.00102999566398       -2.10712710835116     
   2.05102999566398       -2.16072516026008     
   2.10102999566398       -2.20883948217407     
   2.15102999566398       -2.25893425839561     
   2.20102999566398       -2.30798780818729     
   2.25102999566398       -2.35826156735321     
   2.30102999566398       -2.40540758825414     
   2.35102999566398       -2.45637758245837     
   2.40102999566398       -2.50727138320650     
   2.45102999566398       -2.55718570424193     
   2.50102999566398       -2.60686420365985     
   2.55102999566398       -2.65588605136632     
   2.60102999566398       -2.70601668145980     
   2.65102999566398       -2.75636237419493     
   2.70102999566398       -2.80622083170608     
   2.75102999566398       -2.85587835623163     
   2.80102999566398       -2.90597392338007     
   2.85102999566398       -2.95530970076624     
   2.90102999566398       -3.00559287350382     
   2.95102999566398       -3.05562161776907     
   3.00102999566398       -3.10562019802614     
   3.05102999566398       -3.15518312001723     
   3.10102999566398       -3.20547429012904     
   3.15102999566398       -3.25528519020373     
   3.20102999566398       -3.30532709999315     
   3.25102999566398       -3.35536029339613     
   3.30102999566398       -3.40504775030369     
   3.35102999566398       -3.45519867466654     
   3.40102999566398       -3.50525845699310     
   3.45102999566398       -3.55505298125057     
   3.50102999566398       -3.60506837009735     
   3.55102999566398       -3.65517173601346     
   3.60102999566398       -3.70508914113187     
   3.65102999566398       -3.75515946789463     
   3.70102999566398       -3.80511664131516     
   3.75102999566398       -3.85512383887937     
   3.80102999566398       -3.90506180302945     
   3.85102999566398       -3.95509176355938     
   3.90102999566398       -4.00510023108089     
   3.95102999566398       -4.05507997463573     
   4.00102999566398       -4.10507269761165     
   4.05102999566398       -4.15507637901180     
   4.10102999566398       -4.20505521621495     
   4.15102999566398       -4.25505661656678     
   4.20102999566398       -4.30505972521771     
   4.25102999566398       -4.35502998086660     
   4.30102999566398       -4.40502928663710     
   4.35102999566398       -4.45503582411108     
   4.40102999566398       -4.50504730379324     
   4.45102999566398       -4.55503873633730     
   4.50102999566398       -4.60504568258273     
   4.55102999566398       -4.65503492586305     
   4.60102999566398       -4.70503094974844     
   4.65102999566398       -4.75503330025676     
   4.70102999566398       -4.80503908376966     
   4.75102999566398       -4.85503785790606     
   4.80102999566398       -4.90503145355413     
 zone T = "ep =   1.000000000000000E-002 ",
   1.30102999566398       -1.44413018209978     
   1.35102999566398       -1.49968939200583     
   1.40102999566398       -1.52903400783256     
   1.45102999566398       -1.58663767373081     
   1.50102999566398       -1.63044693800930     
   1.55102999566398       -1.67058979533671     
   1.60102999566398       -1.71500801768663     
   1.65102999566398       -1.76452439921686     
   1.70102999566398       -1.81290284775670     
   1.75102999566398       -1.86715594154833     
   1.80102999566398       -1.91715585964009     
   1.85102999566398       -1.96341869442708     
   1.90102999566398       -2.01058600546409     
   1.95102999566398       -2.06112177904746     
   2.00102999566398       -2.10896198135945     
   2.05102999566398       -2.16254084620768     
   2.10102999566398       -2.21065899965706     
   2.15102999566398       -2.26075043225692     
   2.20102999566398       -2.30980578971050     
   2.25102999566398       -2.36007599955231     
   2.30102999566398       -2.40723134652788     
   2.35102999566398       -2.45819581358856     
   2.40102999566398       -2.50908432613608     
   2.45102999566398       -2.55899775183614     
   2.50102999566398       -2.60867633672382     
   2.55102999566398       -2.65770101881908     
   2.60102999566398       -2.70783033646198     
   2.65102999566398       -2.75817385302505     
   2.70102999566398       -2.80803216464349     
   2.75102999566398       -2.85769044568288     
   2.80102999566398       -2.90778508100340     
   2.85102999566398       -2.95712297848106     
   2.90102999566398       -3.00740460997938     
   2.95102999566398       -3.05743288922444     
   3.00102999566398       -3.10743113789327     
   3.05102999566398       -3.15699546469327     
   3.10102999566398       -3.20728524311457     
   3.15102999566398       -3.25709664374219     
   3.20102999566398       -3.30713819359552     
   3.25102999566398       -3.35717107490742     
   3.30102999566398       -3.40685957675340     
   3.35102999566398       -3.45700977707216     
   3.40102999566398       -3.50706920056549     
   3.45102999566398       -3.55686440292452     
   3.50102999566398       -3.60687963204698     
   3.55102999566398       -3.65698250944941     
   3.60102999566398       -3.70690015297182     
   3.65102999566398       -3.75697013833825     
   3.70102999566398       -3.80692741372151     
   3.75102999566398       -3.85693452691611     
   3.80102999566398       -3.90687267991723     
   3.85102999566398       -3.95690248032551     
   3.90102999566398       -4.00691087565996     
   3.95102999566398       -4.05689066187892     
   4.00102999566398       -4.10688338130247     
   4.05102999566398       -4.15688702037533     
   4.10102999566398       -4.20686591400878     
   4.15102999566398       -4.25686728667144     
   4.20102999566398       -4.30687036348667     
   4.25102999566398       -4.35684071578160     
   4.30102999566398       -4.40684000844981     
   4.35102999566398       -4.45684650676459     
   4.40102999566398       -4.50685792982103     
   4.45102999566398       -4.55684938412808     
   4.50102999566398       -4.60685629375113     
   4.55102999566398       -4.65684556947728     
   4.60102999566398       -4.70684160085774     
   4.65102999566398       -4.75684393517250     
   4.70102999566398       -4.80684969025584     
   4.75102999566398       -4.85684846337510     
   4.80102999566398       -4.90684207868569     
 zone T = "ep =   7.943282347242814E-003 ",
   1.30102999566398       -1.44581281430728     
   1.35102999566398       -1.50121027583831     
   1.40102999566398       -1.53061561767865     
   1.45102999566398       -1.58813575566577     
   1.50102999566398       -1.63193036290482     
   1.55102999566398       -1.67209381170107     
   1.60102999566398       -1.71651961653111     
   1.65102999566398       -1.76602143242788     
   1.70102999566398       -1.81439031811363     
   1.75102999566398       -1.86861574471634     
   1.80102999566398       -1.91861042704798     
   1.85102999566398       -1.96487768844561     
   1.90102999566398       -2.01205106599384     
   1.95102999566398       -2.06258014112162     
   2.00102999566398       -2.11042267630300     
   2.05102999566398       -2.16398616879426     
   2.10102999566398       -2.21210740770061     
   2.15102999566398       -2.26219616978484     
   2.20102999566398       -2.31125298619656     
   2.25102999566398       -2.36152035812853     
   2.30102999566398       -2.40868319243857     
   2.35102999566398       -2.45964323314068     
   2.40102999566398       -2.51052751039718     
   2.45102999566398       -2.56044022310267     
   2.50102999566398       -2.61011888112673     
   2.55102999566398       -2.65914584061497     
   2.60102999566398       -2.70927410911208     
   2.65102999566398       -2.75961588344890     
   2.70102999566398       -2.80947408087629     
   2.75102999566398       -2.85913297117764     
   2.80102999566398       -2.90922686133732     
   2.85102999566398       -2.95856646127883     
   2.90102999566398       -3.00884685833711     
   2.95102999566398       -3.05887476613987     
   3.00102999566398       -3.10887275023709     
   3.05102999566398       -3.15843820506193     
   3.10102999566398       -3.20872686831218     
   3.15102999566398       -3.25853867141220     
   3.20102999566398       -3.30857993342461     
   3.25102999566398       -3.35861256518522     
   3.30102999566398       -3.40830190587235     
   3.35102999566398       -3.45845152604435     
   3.40102999566398       -3.50851066226305     
   3.45102999566398       -3.55830640902000     
   3.50102999566398       -3.60832151046478     
   3.55102999566398       -3.65842399641613     
   3.60102999566398       -3.70834183150363     
   3.65102999566398       -3.75841154334921     
   3.70102999566398       -3.80836890079404     
   3.75102999566398       -3.85837594655150     
   3.80102999566398       -3.90831425126623     
   3.85102999566398       -3.95834392343960     
   3.90102999566398       -4.00835226103737     
   3.95102999566398       -4.05833208162560     
   4.00102999566398       -4.10832479835682     
   4.05102999566398       -4.15832840361436     
   4.10102999566398       -4.20830734263351     
   4.15102999566398       -4.25830869322652     
   4.20102999566398       -4.30831174454815     
   4.25102999566398       -4.35828217447923     
   4.30102999566398       -4.40828145671721     
   4.35102999566398       -4.45828792366086     
   4.40102999566398       -4.50829930139938     
   4.45102999566398       -4.55829077323697     
   4.50102999566398       -4.60829765356902     
   4.55102999566398       -4.65828695544043     
   4.60102999566398       -4.70828299261911     
   4.65102999566398       -4.75828531424652     
   4.70102999566398       -4.80829104647201     
   4.75102999566398       -4.85828981902023     
   4.80102999566398       -4.90828344997993     
 zone T = "ep =   6.309573444801929E-003 ",
   1.30102999566398       -1.44715213969664     
   1.35102999566398       -1.50242032256157     
   1.40102999566398       -1.53187431425151     
   1.45102999566398       -1.58932769624085     
   1.50102999566398       -1.63311063004297     
   1.55102999566398       -1.67329059424321     
   1.60102999566398       -1.71772250208063     
   1.65102999566398       -1.76721269372513     
   1.70102999566398       -1.81557395429306     
   1.75102999566398       -1.86977726338989     
   1.80102999566398       -1.91976777304583     
   1.85102999566398       -1.96603859369959     
   1.90102999566398       -2.01321683940933     
   1.95102999566398       -2.06374056566811     
   2.00102999566398       -2.11158497902499     
   2.05102999566398       -2.16513617718809     
   2.10102999566398       -2.21325989362162     
   2.15102999566398       -2.26334652516023     
   2.20102999566398       -2.31240451512898     
   2.25102999566398       -2.36266962100850     
   2.30102999566398       -2.40983845316875     
   2.35102999566398       -2.46079495500173     
   2.40102999566398       -2.51167584596681     
   2.45102999566398       -2.56158799116839     
   2.50102999566398       -2.61126671061653     
   2.55102999566398       -2.66029549559941     
   2.60102999566398       -2.71042292651257     
   2.65102999566398       -2.76076330828126     
   2.70102999566398       -2.81062141607786     
   2.75102999566398       -2.86028079563320     
   2.80102999566398       -2.91037409071939     
   2.85102999566398       -2.95971505468019     
   2.90102999566398       -3.00999446470833     
   2.95102999566398       -3.06002207614939     
   3.00102999566398       -3.11001984933658     
   3.05102999566398       -3.15958620790161     
   3.10102999566398       -3.20987397916464     
   3.15102999566398       -3.25968610505232     
   3.20102999566398       -3.30972713719438     
   3.25102999566398       -3.35975956967798     
   3.30102999566398       -3.40944958228204     
   3.35102999566398       -3.45959873843645     
   3.40102999566398       -3.50965764503598     
   3.45102999566398       -3.55945382788670     
   3.50102999566398       -3.60946882739565     
   3.55102999566398       -3.65957100023103     
   3.60102999566398       -3.70948898888744     
   3.65102999566398       -3.75955848196509     
   3.70102999566398       -3.80951590527371     
   3.75102999566398       -3.85952289720819     
   3.80102999566398       -3.90946132348872     
   3.85102999566398       -3.95949089312928     
   3.90102999566398       -4.00949918463723     
   3.95102999566398       -4.05947903281904     
   4.00102999566398       -4.10947174747364     
   4.05102999566398       -4.15947532571425     
   4.10102999566398       -4.20945430113072     
   4.15102999566398       -4.25945563408869     
   4.20102999566398       -4.30945866512108     
   4.25102999566398       -4.35942915722571     
   4.30102999566398       -4.40942843116889     
   4.35102999566398       -4.45943487304391     
   4.40102999566398       -4.50944621448803     
   4.45102999566398       -4.55943770040681     
   4.50102999566398       -4.60944455730164     
   4.55102999566398       -4.65943388000947     
   4.60102999566398       -4.70942992207233     
   4.65102999566398       -4.75943223344602     
   4.70102999566398       -4.80943794746002     
   4.75102999566398       -4.85943671950971     
   4.80102999566398       -4.90943036316453     
 zone T = "ep =   5.011872336272725E-003 ",
   1.30102999566398       -1.44821775558705     
   1.35102999566398       -1.50338274222763     
   1.40102999566398       -1.53287564040447     
   1.45102999566398       -1.59027573749211     
   1.50102999566398       -1.63404937907837     
   1.55102999566398       -1.67424256286649     
   1.60102999566398       -1.71867936929809     
   1.65102999566398       -1.76816029294015     
   1.70102999566398       -1.81651547818478     
   1.75102999566398       -1.87070112940441     
   1.80102999566398       -1.92068831584372     
   1.85102999566398       -1.96696199104299     
   1.90102999566398       -2.01414413499798     
   1.95102999566398       -2.06466359465575     
   2.00102999566398       -2.11250951583209     
   2.05102999566398       -2.16605089517225     
   2.10102999566398       -2.21417659649226     
   2.15102999566398       -2.26426152978351     
   2.20102999566398       -2.31332046124665     
   2.25102999566398       -2.36358375962980     
   2.30102999566398       -2.41075738807040     
   2.35102999566398       -2.46171106434879     
   2.40102999566398       -2.51258925146868     
   2.45102999566398       -2.56250094515237     
   2.50102999566398       -2.61217971550243     
   2.55102999566398       -2.66120996099648     
   2.60102999566398       -2.71133672391421     
   2.65102999566398       -2.76167599402257     
   2.70102999566398       -2.81153403130390     
   2.75102999566398       -2.86119380285009     
   2.80102999566398       -2.91128662323922     
   2.85102999566398       -2.96062867810646     
   2.90102999566398       -3.01090729999434     
   2.95102999566398       -3.06093467519237     
   3.00102999566398       -3.11093228036897     
   3.05102999566398       -3.16049936169866     
   3.10102999566398       -3.21078642051076     
   3.15102999566398       -3.26059880475965     
   3.20102999566398       -3.31063965352745     
   3.25102999566398       -3.36067192705252     
   3.30102999566398       -3.41036247693579     
   3.35102999566398       -3.46051126247928     
   3.40102999566398       -3.51056998578184     
   3.45102999566398       -3.56036651735725     
   3.50102999566398       -3.61038143556585     
   3.55102999566398       -3.66048335830973     
   3.60102999566398       -3.71040146983020     
   3.65102999566398       -3.76047078818863     
   3.70102999566398       -3.81042826424327     
   3.75102999566398       -3.86043521324577     
   3.80102999566398       -3.91037373678114     
   3.85102999566398       -3.96040322454879     
   3.90102999566398       -4.01041147927406     
   3.95102999566398       -4.06039134957637     
   4.00102999566398       -4.11038406262611     
   4.05102999566398       -4.16038761934560     
   4.10102999566398       -4.21036662388936     
   4.15102999566398       -4.26036794278780     
   4.20102999566398       -4.31037095759916     
   4.25102999566398       -4.36034149944292     
   4.30102999566398       -4.41034076675354     
   4.35102999566398       -4.46034718862020     
   4.40102999566398       -4.51035850109900     
   4.45102999566398       -4.56034999818696     
   4.50102999566398       -4.61035683638182     
   4.55102999566398       -4.66034617585460     
   4.60102999566398       -4.71034222175842     
   4.65102999566398       -4.76034452494112     
   4.70102999566398       -4.81035022442288     
   4.75102999566398       -4.86034899599965     
   4.80102999566398       -4.91034264973959     
 zone T = "ep =   3.981071705534973E-003 ",
   1.30102999566398       -1.44906531405564     
   1.35102999566398       -1.50414800769127     
   1.40102999566398       -1.53367197687823     
   1.45102999566398       -1.59102958417744     
   1.50102999566398       -1.63479583220145     
   1.55102999566398       -1.67499958067200     
   1.60102999566398       -1.71944031040546     
   1.65102999566398       -1.76891385030655     
   1.70102999566398       -1.81726419802493     
   1.75102999566398       -1.87143576645721     
   1.80102999566398       -1.92142030762621     
   1.85102999566398       -1.96769626758995     
   1.90102999566398       -2.01488152788961     
   1.95102999566398       -2.06539758714903     
   2.00102999566398       -2.11324471612531     
   2.05102999566398       -2.16677826243572     
   2.10102999566398       -2.21490555112855     
   2.15102999566398       -2.26498913171457     
   2.20102999566398       -2.31404881693047     
   2.25102999566398       -2.36431067480712     
   2.30102999566398       -2.41148813336556     
   2.35102999566398       -2.46243955601239     
   2.40102999566398       -2.51331558650325     
   2.45102999566398       -2.56322692106740     
   2.50102999566398       -2.61290573318767     
   2.55102999566398       -2.66193714544314     
   2.60102999566398       -2.71206337605435     
   2.65102999566398       -2.76240175964972     
   2.70102999566398       -2.81225974134932     
   2.75102999566398       -2.86191982639656     
   2.80102999566398       -2.91201226844333     
   2.85102999566398       -2.96135519455733     
   2.90102999566398       -3.01163318779460     
   2.95102999566398       -3.06166037480835     
   3.00102999566398       -3.11165784622611     
   3.05102999566398       -3.16122550477340     
   3.10102999566398       -3.21151199518037     
   3.15102999566398       -3.26132458589775     
   3.20102999566398       -3.31136528851071     
   3.25102999566398       -3.36139743534802     
   3.30102999566398       -3.41108841426172     
   3.35102999566398       -3.46123690413416     
   3.40102999566398       -3.51129548126393     
   3.45102999566398       -3.56109229131359     
   3.50102999566398       -3.61110714473937     
   3.55102999566398       -3.66120886795243     
   3.60102999566398       -3.71112707763408     
   3.65102999566398       -3.76119625660487     
   3.70102999566398       -3.81115377482698     
   3.75102999566398       -3.86116068963180     
   3.80102999566398       -3.91109929084078     
   3.85102999566398       -3.96112871331037     
   3.90102999566398       -4.01113693871841     
   3.95102999566398       -4.06111682672835     
   4.00102999566398       -4.11110953852782     
   4.05102999566398       -4.16111307808282     
   4.10102999566398       -4.21109210590402     
