 zone T = "ep =    1.00000000000000      ",
   1.30102999566398       -1.08421517112183     
   1.35102999566398       -1.15526061370180     
   1.40102999566398       -1.20376574694423     
   1.45102999566398       -1.26809171068352     
   1.50102999566398       -1.32293797412240     
   1.55102999566398       -1.37427872290572     
   1.60102999566398       -1.42700803517439     
   1.65102999566398       -1.48170899061272     
   1.70102999566398       -1.53523077920325     
   1.75102999566398       -1.59087186105975     
   1.80102999566398       -1.64389402833388     
   1.85102999566398       -1.69498636706470     
   1.90102999566398       -1.74607899744288     
   1.95102999566398       -1.79840350705961     
   2.00102999566398       -1.84933821047413     
   2.05102999566398       -1.90245405948767     
   2.10102999566398       -1.95309086328032     
   2.15102999566398       -2.00437519625118     
   2.20102999566398       -2.05508358106680     
   2.25102999566398       -2.10617197793270     
   2.30102999566398       -2.15589355725040     
   2.35102999566398       -2.20704951506173     
   2.40102999566398       -2.25808726013577     
   2.45102999566398       -2.30865445337699     
   2.50102999566398       -2.35906307726855     
   2.55102999566398       -2.40915520914285     
   2.60102999566398       -2.45962785574181     
   2.65102999566398       -2.51013836793727     
   2.70102999566398       -2.56041708228053     
   2.75102999566398       -2.61058078409135     
   2.80102999566398       -2.66088201746172     
   2.85102999566398       -2.71086046614049     
   2.90102999566398       -2.76117911630106     
   2.95102999566398       -2.81137605366744     
   3.00102999566398       -2.86154123706085     
   3.05102999566398       -2.91152092507445     
   3.10102999566398       -2.96176404576379     
   3.15102999566398       -3.01180857188980     
   3.20102999566398       -3.06192871767796     
   3.25102999566398       -3.11203421249783     
   3.30102999566398       -3.16199738622199     
   3.35102999566398       -3.21212867989589     
   3.40102999566398       -3.26221709591563     
   3.45102999566398       -3.31219710815547     
   3.50102999566398       -3.36225504474928     
   3.55102999566398       -3.41234085593009     
   3.60102999566398       -3.46235068837429     
   3.65102999566398       -3.51241430506627     
   3.70102999566398       -3.56243078820793     
   3.75102999566398       -3.61246276602001     
   3.80102999566398       -3.66246518533655     
   3.85102999566398       -3.71249980955502     
   3.90102999566398       -3.76252371573969     
   3.95102999566398       -3.81253443557571     
   4.00102999566398       -3.86254809213629     
   4.05102999566398       -3.91256413244499     
   4.10102999566398       -3.96256912384841     
   4.15102999566398       -4.01258128250317     
   4.20102999566398       -4.06259282640597     
   4.25102999566398       -4.11259074437789     
   4.30102999566398       -4.16259870913995     
   4.35102999566398       -4.21260852970541     
   4.40102999566398       -4.26261943190105     
   4.45102999566398       -4.31262199790429     
   4.50102999566398       -4.36262983158189     
   4.55102999566398       -4.41263036656003     
   4.60102999566398       -4.46263297791667     
   4.65102999566398       -4.51263754779088     
   4.70102999566398       -4.56264302117332     
   4.75102999566398       -4.61264547321525     
   4.80102999566398       -4.66264564247063     
 zone T = "ep =   0.794328234724281      ",
   1.30102999566398       -1.16983670784116     
   1.35102999566398       -1.24259274416871     
   1.40102999566398       -1.28216955518447     
   1.45102999566398       -1.34762996071390     
   1.50102999566398       -1.39940827787482     
   1.55102999566398       -1.44606484179796     
   1.60102999566398       -1.49557143059845     
   1.65102999566398       -1.54903720777282     
   1.70102999566398       -1.60115395023756     
   1.75102999566398       -1.65738753856814     
   1.80102999566398       -1.70949756919819     
   1.85102999566398       -1.75872387749168     
   1.90102999566398       -1.80815207021302     
   1.95102999566398       -1.86008090166860     
   2.00102999566398       -1.90981989497473     
   2.05102999566398       -1.96366852746476     
   2.10102999566398       -2.01327875306424     
   2.15102999566398       -2.06422216952801     
   2.20102999566398       -2.11426412156005     
   2.25102999566398       -2.16515593450600     
   2.30102999566398       -2.21366444442919     
   2.35102999566398       -2.26490763446368     
   2.40102999566398       -2.31604439854575     
   2.45102999566398       -2.36639413488095     
   2.50102999566398       -2.41653027076332     
   2.55102999566398       -2.46614587922786     
   2.60102999566398       -2.51652706379231     
   2.65102999566398       -2.56703764672015     
   2.70102999566398       -2.61716427812083     
   2.75102999566398       -2.66711814292531     
   2.80102999566398       -2.71736901607132     
   2.85102999566398       -2.76704884362785     
   2.90102999566398       -2.81739738702485     
   2.95102999566398       -2.86754425070990     
   3.00102999566398       -2.91765657183352     
   3.05102999566398       -2.96744168511635     
   3.10102999566398       -3.01774138826760     
   3.15102999566398       -3.06768481058109     
   3.20102999566398       -3.11778560598654     
   3.25102999566398       -3.16787275234953     
   3.30102999566398       -3.21770398233455     
   3.35102999566398       -3.26786261419186     
   3.40102999566398       -3.31795025337356     
   3.45102999566398       -3.36784218402425     
   3.50102999566398       -3.41788861621336     
   3.55102999566398       -3.46799449201686     
   3.60102999566398       -3.51796317108565     
   3.65102999566398       -3.56803871529763     
   3.70102999566398       -3.61803019372284     
   3.75102999566398       -3.66805523467001     
   3.80102999566398       -3.71802832494782     
   3.85102999566398       -3.76806562445994     
   3.90102999566398       -3.81808574340887     
   3.95102999566398       -3.86808369408143     
   4.00102999566398       -3.91808961511585     
   4.05102999566398       -3.96810219896697     
   4.10102999566398       -4.01809584557541     
   4.15102999566398       -4.06810474094870     
   4.20102999566398       -4.11811400701667     
   4.25102999566398       -4.16809890694621     
   4.30102999566398       -4.21810399158187     
   4.35102999566398       -4.26811366354092     
   4.40102999566398       -4.31812634199597     
   4.45102999566398       -4.36812414127323     
   4.50102999566398       -4.41813265217285     
   4.55102999566398       -4.46812806590090     
   4.60102999566398       -4.51812800746986     
   4.65102999566398       -4.56813219027475     
   4.70102999566398       -4.61813856431671     
   4.75102999566398       -4.66813966323714     
   4.80102999566398       -4.71813683287947     
 zone T = "ep =   0.630957344480193      ",
   1.30102999566398       -1.24494799261130     
   1.35102999566398       -1.31800767891171     
   1.40102999566398       -1.35198026127578     
   1.45102999566398       -1.41786770931442     
   1.50102999566398       -1.46757391514449     
   1.55102999566398       -1.51132830095471     
   1.60102999566398       -1.55886105270027     
   1.65102999566398       -1.61152996979363     
   1.70102999566398       -1.66274882477540     
   1.75102999566398       -1.71930009342434     
   1.80102999566398       -1.77086994221704     
   1.85102999566398       -1.81895431017554     
   1.90102999566398       -1.86739750799537     
   1.95102999566398       -1.91908791204577     
   2.00102999566398       -1.96810711107252     
   2.05102999566398       -2.02239535697584     
   2.10102999566398       -2.07139299635336     
   2.15102999566398       -2.12213718467736     
   2.20102999566398       -2.17178904344849     
   2.25102999566398       -2.22256646340153     
   2.30102999566398       -2.27035561922133     
   2.35102999566398       -2.32165457353041     
   2.40102999566398       -2.37285222685719     
   2.45102999566398       -2.42307615210352     
   2.50102999566398       -2.47305282584828     
   2.55102999566398       -2.52238767741015     
   2.60102999566398       -2.57271753407925     
   2.65102999566398       -2.62323019715364     
   2.70102999566398       -2.67326841770546     
   2.75102999566398       -2.72309961702845     
   2.80102999566398       -2.77332213676495     
   2.85102999566398       -2.82282617993893     
   2.90102999566398       -2.87319373916815     
   2.95102999566398       -2.92331223596918     
   3.00102999566398       -2.97339424602252     
   3.05102999566398       -3.02306486399687     
   3.10102999566398       -3.07339904163968     
   3.15102999566398       -3.12328324898412     
   3.20102999566398       -3.17337333228783     
   3.25102999566398       -3.22345023022135     
   3.30102999566398       -3.27320372653987     
   3.35102999566398       -3.32337912267298     
   3.40102999566398       -3.37346676902236     
   3.45102999566398       -3.42330683710660     
   3.50102999566398       -3.47334682204988     
   3.55102999566398       -3.52346494091534     
   3.60102999566398       -3.57340949704416     
   3.65102999566398       -3.62349239320041     
   3.70102999566398       -3.67346927365260     
   3.75102999566398       -3.72349041026733     
   3.80102999566398       -3.77344628768204     
   3.85102999566398       -3.82348534501188     
   3.90102999566398       -3.87350337012809     
   3.95102999566398       -3.92349387982076     
   4.00102999566398       -3.97349533179150     
   4.05102999566398       -4.02350597247315     
   4.10102999566398       -4.07349298365231     
   4.15102999566398       -4.12350002890979     
   4.20102999566398       -4.17350801980651     
   4.25102999566398       -4.22348526327450     
   4.30102999566398       -4.27348869992177     
   4.35102999566398       -4.32349833803164     
   4.40102999566398       -4.37351211974215     
   4.45102999566398       -4.42350713335804     
   4.50102999566398       -4.47351608558577     
   4.55102999566398       -4.52350849380506     
   4.60102999566398       -4.57350688208370     
   4.65102999566398       -4.62351086227529     
   4.70102999566398       -4.67351779545701     
   4.75102999566398       -4.72351811385677     
   4.80102999566398       -4.77351352306520     
 zone T = "ep =   0.501187233627272      ",
   1.30102999566398       -1.31113764617487     
   1.35102999566398       -1.38349900033929     
   1.40102999566398       -1.41413032278127     
   1.45102999566398       -1.47985720434985     
   1.50102999566398       -1.52813805013130     
   1.55102999566398       -1.57012666111014     
   1.60102999566398       -1.61643581064178     
   1.65102999566398       -1.66852770901200     
   1.70102999566398       -1.71912854829094     
   1.75102999566398       -1.77575607826873     
   1.80102999566398       -1.82696672446006     
   1.85102999566398       -1.87434656374105     
   1.90102999566398       -1.92219925347119     
   1.95102999566398       -1.97371289084838     
   2.00102999566398       -2.02228939194976     
   2.05102999566398       -2.07679224399868     
   2.10102999566398       -2.12541892637376     
   2.15102999566398       -2.17602911153836     
   2.20102999566398       -2.22544473888494     
   2.25102999566398       -2.27614031634395     
   2.30102999566398       -2.32351025889492     
   2.35102999566398       -2.37482774017045     
   2.40102999566398       -2.42604745629112     
   2.45102999566398       -2.47619103481827     
   2.50102999566398       -2.52606917935314     
   2.55102999566398       -2.57523836970049     
   2.60102999566398       -2.62553294961319     
   2.65102999566398       -2.67604072342717     
   2.70102999566398       -2.72602388930397     
   2.75102999566398       -2.77578147878194     
   2.80102999566398       -2.82598386567242     
   2.85102999566398       -2.87538529281680     
   2.90102999566398       -2.92576028992612     
   2.95102999566398       -2.97586003844935     
   3.00102999566398       -3.02592242485950     
   3.05102999566398       -3.07552628806564     
   3.10102999566398       -3.12587790219229     
   3.15102999566398       -3.17572696457882     
   3.20102999566398       -3.22580947265173     
   3.25102999566398       -3.27587919731174     
   3.30102999566398       -3.32558762661048     
   3.35102999566398       -3.37577138617955     
   3.40102999566398       -3.42585805972479     
   3.45102999566398       -3.47566800895549     
   3.50102999566398       -3.52570358792220     
   3.55102999566398       -3.57582792374238     
   3.60102999566398       -3.62575826318011     
   3.65102999566398       -3.67584476446681     
   3.70102999566398       -3.72581292782112     
   3.75102999566398       -3.77583142979275     
   3.80102999566398       -3.82577721468639     
   3.85102999566398       -3.87581692109512     
   3.90102999566398       -3.92583346126532     
   3.95102999566398       -3.97581950279576     
   4.00102999566398       -4.02581819215530     
   4.05102999566398       -4.07582752128544     
   4.10102999566398       -4.12581059784759     
   4.15102999566398       -4.17581642857448     
   4.20102999566398       -4.22582354803218     
   4.25102999566398       -4.27579633625131     
   4.30102999566398       -4.32579872239042     
   4.35102999566398       -4.37580823398747     
   4.40102999566398       -4.42582254243882     
   4.45102999566398       -4.47581589908358     
   4.50102999566398       -4.52582502388289     
   4.55102999566398       -4.57581566899619     
   4.60102999566398       -4.62581312030573     
   4.65102999566398       -4.67581693352269     
   4.70102999566398       -4.72582413311078     
   4.75102999566398       -4.77582396794480     
   4.80102999566398       -4.82581834594216     
 zone T = "ep =   0.398107170553497      ",
   1.30102999566398       -1.36875878797840     
   1.35102999566398       -1.43981490290339     
   1.40102999566398       -1.46853332349618     
   1.45102999566398       -1.53372527591321     
   1.50102999566398       -1.58098465154808     
   1.55102999566398       -1.62190769952748     
   1.60102999566398       -1.66744637410255     
   1.65102999566398       -1.71908595201774     
   1.70102999566398       -1.76923233132162     
   1.75102999566398       -1.82577560171882     
   1.80102999566398       -1.87672704001175     
   1.85102999566398       -1.92366539846413     
   1.90102999566398       -1.97116155340422     
   1.95102999566398       -2.02252832144336     
   2.00102999566398       -2.07082631288830     
   2.05102999566398       -2.12539794466442     
   2.10102999566398       -2.17379706028511     
   2.15102999566398       -2.22430791374991     
   2.20102999566398       -2.27357695950604     
   2.25102999566398       -2.32420639487284     
   2.30102999566398       -2.37133798109537     
   2.35102999566398       -2.42264752883237     
   2.40102999566398       -2.47386235920650     
   2.45102999566398       -2.52395069093216     
   2.50102999566398       -2.57376527684204     
   2.55102999566398       -2.62283730337110     
   2.60102999566398       -2.67310440696899     
   2.65102999566398       -2.72360122846258     
   2.70102999566398       -2.77354823430332     
   2.75102999566398       -2.82326089969095     
   2.80102999566398       -2.87344693561333     
   2.85102999566398       -2.92278951896782     
   2.90102999566398       -2.97316384467669     
   2.95102999566398       -3.02324983337203     
   3.00102999566398       -3.07329835174923     
   3.05102999566398       -3.12286403085338     
   3.10102999566398       -3.17322199014599     
   3.15102999566398       -3.22305010317612     
   3.20102999566398       -3.27312644714370     
   3.25102999566398       -3.32319043155213     
   3.30102999566398       -3.37287342444013     
   3.35102999566398       -3.42306003375722     
   3.40102999566398       -3.47314481187447     
   3.45102999566398       -3.52293769031942     
   3.50102999566398       -3.57296985915136     
   3.55102999566398       -3.62309648894545     
   3.60102999566398       -3.67301848313622     
   3.65102999566398       -3.72310611070600     
   3.70102999566398       -3.77306900148945     
   3.75102999566398       -3.82308550369382     
   3.80102999566398       -3.87302543378120     
   3.85102999566398       -3.92306499531528     
   3.90102999566398       -3.97308032193247     
   3.95102999566398       -4.02306362721583     
   4.00102999566398       -4.07306051929967     
   4.05102999566398       -4.12306885207891     
   4.10102999566398       -4.17304958557263     
   4.15102999566398       -4.22305453442434     
   4.20102999566398       -4.27306097857579     
   4.25102999566398       -4.32303122955303     
   4.30102999566398       -4.37303289100977     
   4.35102999566398       -4.42304218295042     
   4.40102999566398       -4.47305663221689     
   4.45102999566398       -4.52304899539223     
   4.50102999566398       -4.57305810314283     
   4.55102999566398       -4.62304772320424     
   4.60102999566398       -4.67304459560032     
   4.65102999566398       -4.72304824413392     
   4.70102999566398       -4.77305551650727     
   4.75102999566398       -4.82305503717766     
   4.80102999566398       -4.87304881858003     
 zone T = "ep =   0.316227766016838      ",
   1.30102999566398       -1.41826951305117     
   1.35102999566398       -1.48769549955221     
   1.40102999566398       -1.51540212910739     
   1.45102999566398       -1.57984934810994     
   1.50102999566398       -1.62635000147711     
   1.55102999566398       -1.66664704728421     
   1.60102999566398       -1.71169976547458     
   1.65102999566398       -1.76296845904491     
   1.70102999566398       -1.81276475755142     
   1.75102999566398       -1.86912731451954     
   1.80102999566398       -1.91988196187147     
   1.85102999566398       -1.96654239421287     
   1.90102999566398       -2.01382640701432     
   1.95102999566398       -2.06506506640500     
   2.00102999566398       -2.11318606316223     
   2.05102999566398       -2.16773654080758     
   2.10102999566398       -2.21599653691363     
   2.15102999566398       -2.26642928039382     
   2.20102999566398       -2.31560677230807     
   2.25102999566398       -2.36617958617382     
   2.30102999566398       -2.41318415436596     
   2.35102999566398       -2.46446927476988     
   2.40102999566398       -2.51566245611756     
   2.45102999566398       -2.56571082886579     
   2.50102999566398       -2.61548326227357     
   2.55102999566398       -2.66450020735477     
   2.60102999566398       -2.71474448516047     
   2.65102999566398       -2.76522648857582     
   2.70102999566398       -2.81514886461538     
   2.75102999566398       -2.86483417704853     
   2.80102999566398       -2.91500609554766     
   2.85102999566398       -2.96431672680889     
   2.90102999566398       -3.01468530293881     
   2.95102999566398       -3.06476052848673     
   3.00102999566398       -3.11479866033500     
   3.05102999566398       -3.16434370612025     
   3.10102999566398       -3.21470111942269     
   3.15102999566398       -3.26451698485992     
   3.20102999566398       -3.31458798905946     
   3.25102999566398       -3.36464707708269     
   3.30102999566398       -3.41431669866970     
   3.35102999566398       -3.46450272696264     
   3.40102999566398       -3.51458501236863     
   3.45102999566398       -3.56436883762611     
   3.50102999566398       -3.61439818719314     
   3.55102999566398       -3.66452467239117     
   3.60102999566398       -3.71444192225479     
   3.65102999566398       -3.76452913154943     
   3.70102999566398       -3.81448885846561     
   3.75102999566398       -3.86450373918078     
   3.80102999566398       -3.91444041487387     
   3.85102999566398       -3.96447933174961     
   3.90102999566398       -4.01449360273549     
   3.95102999566398       -4.06447523100823     
   4.00102999566398       -4.11447091351191     
   4.05102999566398       -4.16447843754562     
   4.10102999566398       -4.21445780311534     
   4.15102999566398       -4.26446206970044     
   4.20102999566398       -4.31446795506398     
   4.25102999566398       -4.36443684611911     
   4.30102999566398       -4.41443797984376     
   4.35102999566398       -4.46444699161619     
   4.40102999566398       -4.51446134104475     
   4.45102999566398       -4.56445311581566     
   4.50102999566398       -4.61446208755913     
   4.55102999566398       -4.66445113583487     
   4.60102999566398       -4.71444764772490     
   4.65102999566398       -4.76445113136942     
   4.70102999566398       -4.81445835501655     
   4.75102999566398       -4.86445766045683     
   4.80102999566398       -4.91445111137099     
 zone T = "ep =   0.251188643150958      ",
   1.30102999566398       -1.46032276081922     
   1.35102999566398       -1.52798966531908     
   1.40102999566398       -1.55525092407185     
   1.45102999566398       -1.61885922947165     
   1.50102999566398       -1.66478113337638     
   1.55102999566398       -1.70473124017787     
   1.60102999566398       -1.74948135570531     
   1.65102999566398       -1.80043918876616     
   1.70102999566398       -1.84995772500015     
   1.75102999566398       -1.90608885891921     
   1.80102999566398       -1.95668951633488     
   1.85102999566398       -2.00317628387018     
   1.90102999566398       -2.05033921359550     
   1.95102999566398       -2.10146454549475     
   2.00102999566398       -2.14947323224265     
   2.05102999566398       -2.20395034124307     
   2.10102999566398       -2.25212710334869     
   2.15102999566398       -2.30249637660725     
   2.20102999566398       -2.35161719001802     
   2.25102999566398       -2.40214051639278     
   2.30102999566398       -2.44908700424536     
   2.35102999566398       -2.50033864275142     
   2.40102999566398       -2.55150087437963     
   2.45102999566398       -2.60151934028359     
   2.50102999566398       -2.65126333302679     
   2.55102999566398       -2.70025142554846     
   2.60102999566398       -2.75047620601002     
   2.65102999566398       -2.80094149184221     
   2.70102999566398       -2.85084666606246     
   2.75102999566398       -2.90051568381298     
   2.80102999566398       -2.95067516016659     
   2.85102999566398       -2.99997050976545     
   2.90102999566398       -3.05033048594359     
   2.95102999566398       -3.10039698662383     
   3.00102999566398       -3.15042704683271     
   3.05102999566398       -3.19996233229164     
   3.10102999566398       -3.25031514683641     
   3.15102999566398       -3.30012420578023     
   3.20102999566398       -3.35019048971147     
   3.25102999566398       -3.40024530131378     
   3.30102999566398       -3.44990900524072     
   3.35102999566398       -3.50009244201377     
   3.40102999566398       -3.55017194405659     
   3.45102999566398       -3.59995167327837     
   3.50102999566398       -3.64997862229895     
   3.55102999566398       -3.70010352699629     
   3.60102999566398       -3.75001827570417     
   3.65102999566398       -3.80010416533417     
   3.70102999566398       -3.85006205140716     
   3.75102999566398       -3.90007557417786     
   3.80102999566398       -3.95001061102840     
   3.85102999566398       -4.00004860408535     
   3.90102999566398       -4.05006193895494     
   3.95102999566398       -4.10004255688784     
   4.00102999566398       -4.15003740664211     
   4.05102999566398       -4.20004425269147     
   4.10102999566398       -4.25002286000843     
   4.15102999566398       -4.30002657908962     
   4.20102999566398       -4.35003198796888     
   4.25102999566398       -4.40000024805334     
   4.30102999566398       -4.45000098384121     
   4.35102999566398       -4.50000968605424     
   4.40102999566398       -4.55002379617264     
   4.45102999566398       -4.60001523808046     
   4.50102999566398       -4.65002400573986     
   4.55102999566398       -4.70001276458078     
   4.60102999566398       -4.75000905351194     
   4.65102999566398       -4.80001237734062     
   4.70102999566398       -4.85001947906833     
   4.75102999566398       -4.90001863880939     
   4.80102999566398       -4.95001192584466     
 zone T = "ep =   0.199526231496888      ",
   1.30102999566398       -1.49568372846943     
   1.35102999566398       -1.56159699889679     
   1.40102999566398       -1.58876064419685     
   1.45102999566398       -1.65151472996131     
   1.50102999566398       -1.69698697046997     
   1.55102999566398       -1.73676625594655     
   1.60102999566398       -1.78133297355068     
   1.65102999566398       -1.83202818943217     
   1.70102999566398       -1.88132254107316     
   1.75102999566398       -1.93720325702488     
   1.80102999566398       -1.98768131533069     
   1.85102999566398       -2.03406159772031     
   1.90102999566398       -2.08116093589043     
   1.95102999566398       -2.13218626157172     
   2.00102999566398       -2.18012446430357     
   2.05102999566398       -2.23450138511296     
   2.10102999566398       -2.28263045451312     
   2.15102999566398       -2.33294732345953     
   2.20102999566398       -2.38203384609768     
   2.25102999566398       -2.43251383883486     
   2.30102999566398       -2.47944419466199     
   2.35102999566398       -2.53065855294915     
   2.40102999566398       -2.58178577852652     
   2.45102999566398       -2.63178134171764     
   2.50102999566398       -2.68150593211936     
   2.55102999566398       -2.73048140636423     
   2.60102999566398       -2.78068940332860     
   2.65102999566398       -2.83113756822563     
   2.70102999566398       -2.88103050781659     
   2.75102999566398       -2.93069024372748     
   2.80102999566398       -2.98083874836353     
   2.85102999566398       -3.03012900622290     
   2.90102999566398       -3.08047909859012     
   2.95102999566398       -3.13053840088475     
   3.00102999566398       -3.18056204722781     
   3.05102999566398       -3.23009420946554     
   3.10102999566398       -3.28044028753080     
   3.15102999566398       -3.33024593962319     
   3.20102999566398       -3.38030805137318     
   3.25102999566398       -3.43035911656330     
   3.30102999566398       -3.48002142081124     
   3.35102999566398       -3.53020121811806     
   3.40102999566398       -3.58027788332493     
   3.45102999566398       -3.63005652780823     
   3.50102999566398       -3.68008141426052     
   3.55102999566398       -3.73020397888388     
   3.60102999566398       -3.78011761541714     
   3.65102999566398       -3.83020172180435     
   3.70102999566398       -3.88015860122191     
   3.75102999566398       -3.93017097239803     
   3.80102999566398       -3.98010536427880     
   3.85102999566398       -4.03014231087730     
   3.90102999566398       -4.08015481610538     
   3.95102999566398       -4.13013484742589     
   4.00102999566398       -4.18012911473404     
   4.05102999566398       -4.23013538529083     
   4.10102999566398       -4.28011361480265     
   4.15102999566398       -4.33011688579214     
   4.20102999566398       -4.38012188528007     
   4.25102999566398       -4.43008995820701     
   4.30102999566398       -4.48009038616724     
   4.35102999566398       -4.53009877494913     
   4.40102999566398       -4.58011257512512     
   4.45102999566398       -4.63010384331617     
   4.50102999566398       -4.68011237712185     
   4.55102999566398       -4.73010101867126     
   4.60102999566398       -4.78009717405735     
   4.65102999566398       -4.83010034605186     
   4.70102999566398       -4.88010729241659     
   4.75102999566398       -4.93010634658507     
   4.80102999566398       -4.98009957245838     
 zone T = "ep =   0.158489319246111      ",
   1.30102999566398       -1.52515574811614     
   1.35102999566398       -1.58940890865461     
   1.40102999566398       -1.61667786156967     
   1.45102999566398       -1.67861383108745     
   1.50102999566398       -1.72373245811920     
   1.55102999566398       -1.76344944890303     
   1.60102999566398       -1.80790987327692     
   1.65102999566398       -1.85838326262877     
   1.70102999566398       -1.90749511098537     
   1.75102999566398       -1.96312754936484     
   1.80102999566398       -2.01350709923837     
   1.85102999566398       -2.05982412057225     
   1.90102999566398       -2.10689555718148     
   1.95102999566398       -2.15783348028438     
   2.00102999566398       -2.20572831007992     
   2.05102999566398       -2.25999504931683     
   2.10102999566398       -2.30809883862525     
   2.15102999566398       -2.35837219171409     
   2.20102999566398       -2.40743876931137     
   2.25102999566398       -2.45788108061883     
   2.30102999566398       -2.50481971701245     
   2.35102999566398       -2.55599654188064     
   2.40102999566398       -2.60708824152256     
   2.45102999566398       -2.65706599789663     
   2.50102999566398       -2.70677724650088     
   2.55102999566398       -2.75574986890462     
   2.60102999566398       -2.80594345496223     
   2.65102999566398       -2.85637513232554     
   2.70102999566398       -2.90625924576608     
   2.75102999566398       -2.95591411092834     
   2.80102999566398       -3.00605302149534     
   2.85102999566398       -3.05534417458871     
   2.90102999566398       -3.10568415675786     
   2.95102999566398       -3.15573748071294     
   3.00102999566398       -3.20575596718272     
   3.05102999566398       -3.25528889574787     
   3.10102999566398       -3.30562737273894     
   3.15102999566398       -3.35543170077769     
   3.20102999566398       -3.40549015785237     
   3.25102999566398       -3.45553796247458     
   3.30102999566398       -3.50520147814434     
   3.35102999566398       -3.55537722900277     
   3.40102999566398       -3.60545116949998     
   3.45102999566398       -3.65523047712275     
   3.50102999566398       -3.70525359446625     
   3.55102999566398       -3.75537350904174     
   3.60102999566398       -3.80528687030384     
   3.65102999566398       -3.85536902213793     
   3.70102999566398       -3.90532541438286     
   3.75102999566398       -3.95533680774959     
   3.80102999566398       -4.00527114582146     
   3.85102999566398       -4.05530702958424     
   3.90102999566398       -4.10531880656802     
   3.95102999566398       -4.15529851904596     
   4.00102999566398       -4.20529237367058     
   4.05102999566398       -4.25529815535290     
   4.10102999566398       -4.30527624021434     
   4.15102999566398       -4.35527914181844     
   4.20102999566398       -4.40528378948644     
   4.25102999566398       -4.45525193474592     
   4.30102999566398       -4.50525212068894     
   4.35102999566398       -4.55526020995110     
   4.40102999566398       -4.60527367670705     
   4.45102999566398       -4.65526486913820     
   4.50102999566398       -4.70527316368102     
   4.55102999566398       -4.75526179250702     
   4.60102999566398       -4.80525786987058     
   4.65102999566398       -4.85526090367177     
   4.70102999566398       -4.90526768297670     
   4.75102999566398       -4.95526666210386     
   4.80102999566398       -5.00525988537487     
 zone T = "ep =   0.125892541179417      ",
   1.30102999566398       -1.54952981374645     
   1.35102999566398       -1.61226885799773     
   1.40102999566398       -1.63975071422333     
   1.45102999566398       -1.70093543430946     
   1.50102999566398       -1.74577388533000     
   1.55102999566398       -1.78549256238015     
   1.60102999566398       -1.82989577831236     
   1.65102999566398       -1.88018262046435     
   1.70102999566398       -1.92914543251178     
   1.75102999566398       -1.98454488455539     
   1.80102999566398       -2.03484495063442     
   1.85102999566398       -2.08112621759301     
   1.90102999566398       -2.12819115003823     
   1.95102999566398       -2.17905361175766     
   2.00102999566398       -2.22692252813702     
   2.05102999566398       -2.28107980324504     
   2.10102999566398       -2.32917214372248     
   2.15102999566398       -2.37940936745473     
   2.20102999566398       -2.42846507510314     
   2.25102999566398       -2.47887496320605     
   2.30102999566398       -2.52583491730814     
   2.35102999566398       -2.57697619090828     
   2.40102999566398       -2.62803408237647     
   2.45102999566398       -2.67799785770548     
   2.50102999566398       -2.72769986960499     
   2.55102999566398       -2.77667520247096     
   2.60102999566398       -2.82685650444731     
   2.65102999566398       -2.87727297479062     
   2.70102999566398       -2.92715064488912     
   2.75102999566398       -2.97680335363156     
   2.80102999566398       -3.02693397292960     
   2.85102999566398       -3.07622928142051     
   2.90102999566398       -3.12655959814244     
   2.95102999566398       -3.17660795571057     
   3.00102999566398       -3.22662226651838     
   3.05102999566398       -3.27615806885853     
   3.10102999566398       -3.32648889518697     
   3.15102999566398       -3.37629312536448     
   3.20102999566398       -3.42634841995686     
   3.25102999566398       -3.47639341636106     
   3.30102999566398       -3.52605951883998     
   3.35102999566398       -3.57623122626875     
   3.40102999566398       -3.62630265753545     
   3.45102999566398       -3.67608355725146     
   3.50102999566398       -3.72610516741434     
   3.55102999566398       -3.77622240986311     
   3.60102999566398       -3.82613597398037     
   3.65102999566398       -3.87621618659676     
   3.70102999566398       -3.92617240640077     
   3.75102999566398       -3.97618297305414     
   3.80102999566398       -4.02611758720807     
   3.85102999566398       -4.07615245867642     
   3.90102999566398       -4.12616360459403     
   3.95102999566398       -4.17614316406247     
   4.00102999566398       -4.22613672306295     
   4.05102999566398       -4.27614209115894     
   4.10102999566398       -4.32612016812858     
   4.15102999566398       -4.37612276429198     
   4.20102999566398       -4.42612711226687     
   4.25102999566398       -4.47609546827579     
   4.30102999566398       -4.52609546329314     
   4.35102999566398       -4.57610327649950     
   4.40102999566398       -4.62611641500975     
   4.45102999566398       -4.67610759046199     
   4.50102999566398       -4.72611565585714     
   4.55102999566398       -4.77610432910788     
   4.60102999566398       -4.82610036410246     
   4.65102999566398       -4.87610327359742     
   4.70102999566398       -4.92610988624782     
   4.75102999566398       -4.97610881195480     
   4.80102999566398       -5.02610206753298     
 zone T = "ep =   0.100000000000000      ",
   1.30102999566398       -1.56955201437582     
   1.35102999566398       -1.63094863748334     
   1.40102999566398       -1.65868977050977     
   1.45102999566398       -1.71920567711257     
   1.50102999566398       -1.76382116913912     
   1.55102999566398       -1.80357651040395     
   1.60102999566398       -1.84795297331545     
   1.65102999566398       -1.89808392891515     
   1.70102999566398       -1.94692505473600     
   1.75102999566398       -2.00211406776856     
   1.80102999566398       -2.05234992433503     
   1.85102999566398       -2.09861260884965     
   1.90102999566398       -2.14568313406001     
   1.95102999566398       -2.19648124924062     
   2.00102999566398       -2.24433534838179     
   2.05102999566398       -2.29839022425600     
   2.10102999566398       -2.34647935065633     
   2.15102999566398       -2.39668667500045     
   2.20102999566398       -2.44573712585600     
   2.25102999566398       -2.49611943101460     
   2.30102999566398       -2.54310650886840     
   2.35102999566398       -2.59421547615249     
   2.40102999566398       -2.64524255262407     
   2.45102999566398       -2.69519528311539     
   2.50102999566398       -2.74489085669080     
   2.55102999566398       -2.79387176495869     
   2.60102999566398       -2.84404268973784     
   2.65102999566398       -2.89444557591740     
   2.70102999566398       -2.94431849258379     
   2.75102999566398       -2.99397065466553     
   2.80102999566398       -3.04409419666606     
   2.85102999566398       -3.09339518337214     
   2.90102999566398       -3.14371666479585     
   2.95102999566398       -3.19376090940589     
   3.00102999566398       -3.24377183455615     
   3.05102999566398       -3.29331148357000     
   3.10102999566398       -3.34363509760968     
   3.15102999566398       -3.39343990365757     
   3.20102999566398       -3.44349249624202     
   3.25102999566398       -3.49353510159618     
   3.30102999566398       -3.54320438251588     
   3.35102999566398       -3.59337229415157     
   3.40102999566398       -3.64344148621938     
   3.45102999566398       -3.69322438706827     
   3.50102999566398       -3.74324472436252     
   3.55102999566398       -3.79335944524648     
   3.60102999566398       -3.84327346032742     
   3.65102999566398       -3.89335186013283     
   3.70102999566398       -3.94330808930870     
   3.75102999566398       -3.99331796190223     
   3.80102999566398       -4.04325301503701     
   3.85102999566398       -4.09328696343434     
   3.90102999566398       -4.14329756969912     
   3.95102999566398       -4.19327707595310     
   4.00102999566398       -4.24327042105532     
   4.05102999566398       -4.29327544190261     
   4.10102999566398       -4.34325358609534     
   4.15102999566398       -4.39325593045980     
   4.20102999566398       -4.44326002493394     
   4.25102999566398       -4.49322865560250     
   4.30102999566398       -4.54322849824319     
   4.35102999566398       -4.59323606589840     
   4.40102999566398       -4.64324889920805     
   4.45102999566398       -4.69324009037262     
   4.50102999566398       -4.74324794674918     
   4.55102999566398       -4.79323669359000     
   4.60102999566398       -4.84323270797444     
   4.65102999566398       -4.89323550857942     
   4.70102999566398       -4.94324196846370     
   4.75102999566398       -4.99324085815396     
   4.80102999566398       -5.04323415982676     
 zone T = "ep =   7.943282347242814E-002 ",
   1.30102999566398       -1.58590381735593     
   1.35102999566398       -1.64613629942054     
   1.40102999566398       -1.67414538917874     
   1.45102999566398       -1.73407980520790     
   1.50102999566398       -1.77851746712466     
   1.55102999566398       -1.81832603548836     
   1.60102999566398       -1.86269395401404     
   1.65102999566398       -1.91269554202134     
   1.70102999566398       -1.96143750842230     
   1.75102999566398       -2.01644171599775     
   1.80102999566398       -2.06662572919554     
   1.85102999566398       -2.11288025681210     
   1.90102999566398       -2.15996254107804     
   1.95102999566398       -2.21070641949200     
   2.00102999566398       -2.25855261940591     
   2.05102999566398       -2.31251546819080     
   2.10102999566398       -2.36060601367333     
   2.15102999566398       -2.41078870878587     
   2.20102999566398       -2.45983726091173     
   2.25102999566398       -2.51019635531474     
   2.30102999566398       -2.55721193796666     
   2.35102999566398       -2.60829241610313     
   2.40102999566398       -2.65929226302510     
   2.45102999566398       -2.70923623592502     
   2.50102999566398       -2.75892728812831     
   2.55102999566398       -2.80791495369617     
   2.60102999566398       -2.85807719222226     
   2.65102999566398       -2.90846823780810     
   2.70102999566398       -2.95833761405996     
   2.75102999566398       -3.00799012962181     
   2.80102999566398       -3.05810770062014     
   2.85102999566398       -3.10741481952067     
   2.90102999566398       -3.15772847843119     
   2.95102999566398       -3.20776933254979     
   3.00102999566398       -3.25777751368431     
   3.05102999566398       -3.30732128531580     
   3.10102999566398       -3.35763838525578     
   3.15102999566398       -3.40744409216267     
   3.20102999566398       -3.45749440350017     
   3.25102999566398       -3.50753499529727     
   3.30102999566398       -3.55720756860003     
   3.35102999566398       -3.60737206097075     
   3.40102999566398       -3.65743930247977     
   3.45102999566398       -3.70722429586338     
   3.50102999566398       -3.75724356781272     
   3.55102999566398       -3.80735600972430     
   3.60102999566398       -3.85727058006794     
   3.65102999566398       -3.90734735118646     
   3.70102999566398       -3.95730368681614     
   3.75102999566398       -4.00731298112654     
   3.80102999566398       -4.05724853248970     
   3.85102999566398       -4.10728166501143     
   3.90102999566398       -4.15729181515359     
   3.95102999566398       -4.20727132506619     
   4.00102999566398       -4.25726451395165     
   4.05102999566398       -4.30726924545227     
   4.10102999566398       -4.35724749263289     
   4.15102999566398       -4.40724963015850     
   4.20102999566398       -4.45725351267310     
   4.25102999566398       -4.50722243331431     
   4.30102999566398       -4.55722215443277     
   4.35102999566398       -4.60722950869273     
   4.40102999566398       -4.65724206804398     
   4.45102999566398       -4.70723329193658     
   4.50102999566398       -4.75724096376256     
   4.55102999566398       -4.80722979459814     
   4.60102999566398       -4.85722580128272     
   4.65102999566398       -4.90722850812791     
   4.70102999566398       -4.95723483077006     
   4.75102999566398       -5.00723368945079     
   4.80102999566398       -5.05722704334917     
 zone T = "ep =   6.309573444801933E-002 ",
   1.30102999566398       -1.59919192443910     
   1.35102999566398       -1.65843244655955     
   1.40102999566398       -1.68669644891963     
   1.45102999566398       -1.74613456020851     
   1.50102999566398       -1.79043025132321     
   1.55102999566398       -1.83029735446947     
   1.60102999566398       -1.87466703443123     
   1.65102999566398       -1.92456198203867     
   1.70102999566398       -1.97322337328615     
   1.75102999566398       -2.02806871644146     
   1.80102999566398       -2.07821092980347     
   1.85102999566398       -2.12446338314367     
   1.90102999566398       -2.17155992984463     
   1.95102999566398       -2.22225856062530     
   2.00102999566398       -2.27010106408160     
   2.05102999566398       -2.32398353276976     
   2.10102999566398       -2.37207786387002     
   2.15102999566398       -2.42224037270366     
   2.20102999566398       -2.47128893824637     
   2.25102999566398       -2.52162869209063     
   2.30102999566398       -2.56867161299675     
   2.35102999566398       -2.61972752891162     
   2.40102999566398       -2.67070386586105     
   2.45102999566398       -2.72064088013517     
   2.50102999566398       -2.77032873046357     
   2.55102999566398       -2.81932333043347     
   2.60102999566398       -2.86947836008231     
   2.65102999566398       -2.91985928046485     
   2.70102999566398       -2.96972599650260     
   2.75102999566398       -3.01937931999697     
   2.80102999566398       -3.06949190556034     
   2.85102999566398       -3.11880498884249     
   2.90102999566398       -3.16911188456339     
   2.95102999566398       -3.21914995793194     
   3.00102999566398       -3.26915591869209     
   3.05102999566398       -3.31870368457075     
   3.10102999566398       -3.36901507547515     
   3.15102999566398       -3.41882179573131     
   3.20102999566398       -3.46887020134162     
   3.25102999566398       -3.51890911426800     
   3.30102999566398       -3.56858482092335     
   3.35102999566398       -3.61874632194156     
   3.40102999566398       -3.66881189627692     
   3.45102999566398       -3.71859889114785     
   3.50102999566398       -3.76861727901818     
   3.55102999566398       -3.81872772268083     
   3.60102999566398       -3.86864286671245     
   3.65102999566398       -3.91871821552149     
   3.70102999566398       -3.96867470212164     
   3.75102999566398       -4.01868351810610     
   3.80102999566398       -4.06861956592997     
   3.85102999566398       -4.11865199389032     
   3.90102999566398       -4.16866176277340     
   3.95102999566398       -4.21864130634129     
   4.00102999566398       -4.26863438003370     
   4.05102999566398       -4.31863887198856     
   4.10102999566398       -4.36861723492811     
   4.15102999566398       -4.41861920295846     
   4.20102999566398       -4.46862290969312     
   4.25102999566398       -4.51859210985383     
   4.30102999566398       -4.56859173392283     
   4.35102999566398       -4.61859890505921     
   4.40102999566398       -4.66861122638399     
   4.45102999566398       -4.71860249010988     
   4.50102999566398       -4.76861000156520     
   4.55102999566398       -4.81859891637249     
   4.60102999566398       -4.86859492323009     
   4.65102999566398       -4.91859755271787     
   4.70102999566398       -4.96860375382574     
   4.75102999566398       -5.01860259061255     
   4.80102999566398       -5.06859600045567     
 zone T = "ep =   5.011872336272723E-002 ",
   1.30102999566398       -1.60994525896515     
   1.35102999566398       -1.66835231821178     
   1.40102999566398       -1.69684699642310     
   1.45102999566398       -1.75586765414572     
   1.50102999566398       -1.80004998446579     
   1.55102999566398       -1.83997442656055     
   1.60102999566398       -1.88435119910550     
   1.65102999566398       -1.93415877957773     
   1.70102999566398       -1.98275489843767     
   1.75102999566398       -2.03746591774866     
   1.80102999566398       -2.08757448933654     
   1.85102999566398       -2.13382820902602     
   1.90102999566398       -2.18093936195120     
   1.95102999566398       -2.23160057733470     
   2.00102999566398       -2.27944184835305     
   2.05102999566398       -2.33325557676187     
   2.10102999566398       -2.38135467794286     
   2.15102999566398       -2.43150072229430     
   2.20102999566398       -2.48055030659214     
   2.25102999566398       -2.53087408189561     
   2.30102999566398       -2.57794185208097     
   2.35102999566398       -2.62897695568024     
   2.40102999566398       -2.67993335122814     
   2.45102999566398       -2.72986483025622     
   2.50102999566398       -2.77955039204525     
   2.55102999566398       -2.82855154362242     
   2.60102999566398       -2.87870063582014     
   2.65102999566398       -2.92907302753947     
   2.70102999566398       -2.97893772857809     
   2.75102999566398       -3.02859204344915     
   2.80102999566398       -3.07870050373950     
   2.85102999566398       -3.12801905386609     
   2.90102999566398       -3.17832020731846     
   2.95102999566398       -3.22835601128085     
   3.00102999566398       -3.27836017926596     
   3.05102999566398       -3.32791159779158     
   3.10102999566398       -3.37821809459417     
   3.15102999566398       -3.42802581777424     
   3.20102999566398       -3.47807264582373     
   3.25102999566398       -3.52811017101253     
   3.30102999566398       -3.57778871237735     
   3.35102999566398       -3.62794765226464     
   3.40102999566398       -3.67801182273987     
   3.45102999566398       -3.72780063389713     
   3.50102999566398       -3.77781829357834     
   3.55102999566398       -3.82792702376678     
   3.60102999566398       -3.87784271172888     
   3.65102999566398       -3.92791684435551     
   3.70102999566398       -3.97787349485928     
   3.75102999566398       -4.02788191796833     
   3.80102999566398       -4.07781842736796     
   3.85102999566398       -4.12785025763464     
   3.90102999566398       -4.17785971063777     
   3.95102999566398       -4.22783930133990     
   4.00102999566398       -4.27783228938613     
   4.05102999566398       -4.32783658479357     
   4.10102999566398       -4.37781506150905     
   4.15102999566398       -4.42781689178112     
   4.20102999566398       -4.47782045327127     
   4.25102999566398       -4.52778990845162     
   4.30102999566398       -4.57778945473729     
   4.35102999566398       -4.62779647271269     
   4.40102999566398       -4.67780859007009     
   4.45102999566398       -4.72779989425396     
   4.50102999566398       -4.77780727005819     
   4.55102999566398       -4.82779626416200     
   4.60102999566398       -4.87779227508443     
   4.65102999566398       -4.92779483781861     
   4.70102999566398       -4.97780093708043     
   4.75102999566398       -5.02779976071469     
   4.80102999566398       -5.07779321461468     
 zone T = "ep =   3.981071705534973E-002 ",
   1.30102999566398       -1.61861701134845     
   1.35102999566398       -1.67633161477769     
   1.40102999566398       -1.70502821705912     
   1.45102999566398       -1.76370179920416     
   1.50102999566398       -1.80779363845407     
   1.55102999566398       -1.84777078994184     
   1.60102999566398       -1.89215695371206     
   1.65102999566398       -1.94189334308371     
   1.70102999566398       -1.99043674475160     
   1.75102999566398       -2.04503565219643     
   1.80102999566398       -2.09511719835475     
   1.85102999566398       -2.14137383677862     
   1.90102999566398       -2.18849875389342     
   1.95102999566398       -2.23912926092180     
   2.00102999566398       -2.28697067056995     
   2.05102999566398       -2.34072654710146     
   2.10102999566398       -2.38883059686373     
   2.15102999566398       -2.43896327170514     
   2.20102999566398       -2.48801432775505     
   2.25102999566398       -2.53832499757647     
   2.30102999566398       -2.58541457701929     
   2.35102999566398       -2.63643228242317     
   2.40102999566398       -2.68737199505281     
   2.45102999566398       -2.73729906896728     
   2.50102999566398       -2.78698297870706     
   2.55102999566398       -2.83599002280916     
   2.60102999566398       -2.88613425667133     
   2.65102999566398       -2.93649954997861     
   2.70102999566398       -2.98636271358615     
   2.75102999566398       -3.03601804587058     
   2.80102999566398       -3.08612311849421     
   2.85102999566398       -3.13544649267971     
   2.90102999566398       -3.18574283866745     
   2.95102999566398       -3.23577679887802     
   3.00102999566398       -3.28577952266355     
   3.05102999566398       -3.33533415956112     
   3.10102999566398       -3.38563653024574     
   3.15102999566398       -3.43544518052680     
   3.20102999566398       -3.48549071266970     
   3.25102999566398       -3.53552709916759     
   3.30102999566398       -3.58520812074280     
   3.35102999566398       -3.63536490330547     
   3.40102999566398       -3.68542790563798     
   3.45102999566398       -3.73521830911846     
   3.50102999566398       -3.78523537291906     
   3.55102999566398       -3.83534265817574     
   3.60102999566398       -3.88525883642350     
   3.65102999566398       -3.93533194552509     
   3.70102999566398       -3.98528875521555     
   3.75102999566398       -4.03529685747836     
   3.80102999566398       -4.08523377774128     
   3.85102999566398       -4.13526510777547     
   3.90102999566398       -4.18527430127767     
   3.95102999566398       -4.23525394280984     
   4.00102999566398       -4.28524686650646     
   4.05102999566398       -4.33525100110597     
   4.10102999566398       -4.38522958298830     
   4.15102999566398       -4.43523130149353     
   4.20102999566398       -4.48523474430865     
   4.25102999566398       -4.53520442315576     
   4.30102999566398       -4.58520390741302     
   4.35102999566398       -4.63521079790891     
   4.40102999566398       -4.68522274411716     
   4.45102999566398       -4.73521408581213     
   4.50102999566398       -4.78522134746312     
   4.55102999566398       -4.83521041187897     
   4.60102999566398       -4.88520642796340     
   4.65102999566398       -4.93520893545306     
   4.70102999566398       -4.98521494856818     
   4.75102999566398       -5.03521375887083     
   4.80102999566398       -5.08520725838680     
 zone T = "ep =   3.162277660168379E-002 ",
   1.30102999566398       -1.62558996198201     
   1.35102999566398       -1.68273442901878     
   1.40102999566398       -1.71160370597923     
   1.45102999566398       -1.76999138452070     
   1.50102999566398       -1.81401102437816     
   1.55102999566398       -1.85403473768708     
   1.60102999566398       -1.89843082115077     
   1.65102999566398       -1.94810946877358     
   1.70102999566398       -1.99661041052915     
   1.75102999566398       -2.05111669620722     
   1.80102999566398       -2.10117657057059     
   1.85102999566398       -2.14743677447781     
   1.90102999566398       -2.19457403990189     
   1.95102999566398       -2.24517949972340     
   2.00102999566398       -2.29302174770786     
   2.05102999566398       -2.34672953316174     
   2.10102999566398       -2.39483827082277     
   2.15102999566398       -2.44496013142518     
   2.20102999566398       -2.49401278885974     
   2.25102999566398       -2.54431277465631     
   2.30102999566398       -2.59142103472672     
   2.35102999566398       -2.64242434948580     
   2.40102999566398       -2.69335025518263     
   2.45102999566398       -2.74327382298435     
   2.50102999566398       -2.79295652781577     
   2.55102999566398       -2.84196870306236     
   2.60102999566398       -2.89210898351274     
   2.65102999566398       -2.94246842477381     
   2.70102999566398       -2.99233040769237     
   2.75102999566398       -3.04198669827613     
   2.80102999566398       -3.09208900651564     
   2.85102999566398       -3.14141652804185     
   2.90102999566398       -3.19170889315478     
   2.95102999566398       -3.24174136136718     
   3.00102999566398       -3.29174292430744     
   3.05102999566398       -3.34130032530528     
   3.10102999566398       -3.39159926155586     
   3.15102999566398       -3.44140873357415     
   3.20102999566398       -3.49145320799495     
   3.25102999566398       -3.54148866587436     
   3.30102999566398       -3.59117180731903     
   3.35102999566398       -3.64132679539422     
   3.40102999566398       -3.69138883481127     
   3.45102999566398       -3.74118060120481     
   3.50102999566398       -3.79119718011235     
   3.55102999566398       -3.84130326245096     
   3.60102999566398       -3.89121986820384     
   3.65102999566398       -3.94129212649357     
   3.70102999566398       -3.99124908157345     
   3.75102999566398       -4.04125692316113     
   3.80102999566398       -4.09119419887006     
   3.85102999566398       -4.14122511486425     
   3.90102999566398       -4.19123409663252     
   3.95102999566398       -4.24121378725733     
   4.00102999566398       -4.29120666217054     
   4.05102999566398       -4.34121066617687     
   4.10102999566398       -4.39118934120065     
   4.15102999566398       -4.44119096914492     
   4.20102999566398       -4.49119431525566     
   4.25102999566398       -4.54116418618306     
   4.30102999566398       -4.59116362083154     
   4.35102999566398       -4.64117040566628     
   4.40102999566398       -4.69118221014381     
   4.45102999566398       -4.74117358575795     
   4.50102999566398       -4.79118075352411     
   4.55102999566398       -4.84116987800254     
   4.60102999566398       -4.89116590060882     
   4.65102999566398       -4.94116836477937     
   4.70102999566398       -4.99117430624697     
   4.75102999566398       -5.04117310852642     
   4.80102999566398       -5.09116664205082     
 zone T = "ep =   2.511886431509579E-002 ",
   1.30102999566398       -1.63118363409903     
   1.35102999566398       -1.68786206086891     
   1.40102999566398       -1.71687650544103     
   1.45102999566398       -1.77503040406731     
   1.50102999566398       -1.81899247188938     
   1.55102999566398       -1.85905622392288     
   1.60102999566398       -1.90346178652544     
   1.65102999566398       -1.95309378330338     
   1.70102999566398       -2.00156060949900     
   1.75102999566398       -2.05599099141108     
   1.80102999566398       -2.10603351491663     
   1.85102999566398       -2.15229735919050     
   1.90102999566398       -2.19944535307815     
   1.95102999566398       -2.25003048766164     
   2.00102999566398       -2.29787387333331     
   2.05102999566398       -2.35154206361632     
   2.10102999566398       -2.39965501624816     
   2.15102999566398       -2.44976815848883     
   2.20102999566398       -2.49882236834524     
   2.25102999566398       -2.54911368768434     
   2.30102999566398       -2.59623766918574     
   2.35102999566398       -2.64722918015601     
   2.40102999566398       -2.69814375591935     
   2.45102999566398       -2.74806453337861     
   2.50102999566398       -2.79774635033307     
   2.55102999566398       -2.84676289426587     
   2.60102999566398       -2.89689997244609     
   2.65102999566398       -2.94725462561276     
   2.70102999566398       -2.99711569664079     
   2.75102999566398       -3.04677284584543     
   2.80102999566398       -3.09687291003771     
   2.85102999566398       -3.14620393110535     
   2.90102999566398       -3.19649302816912     
   2.95102999566398       -3.24652429312366     
   3.00102999566398       -3.29652492484568     
   3.05102999566398       -3.34608465651442     
   3.10102999566398       -3.39638076227351     
   3.15102999566398       -3.44619094243565     
   3.20102999566398       -3.49623455807507     
   3.25102999566398       -3.54626926249113     
   3.30102999566398       -3.59595418525017     
   3.35102999566398       -3.64610769516203     
   3.40102999566398       -3.69616894687121     
   3.45102999566398       -3.74596185958775     
   3.50102999566398       -3.79597804571709     
   3.55102999566398       -3.84608313658498     
   3.60102999566398       -3.89600010670463     
   3.65102999566398       -3.94607166450762     
   3.70102999566398       -3.99602874735085     
   3.75102999566398       -4.04603637801198     
   3.80102999566398       -4.09597395487456     
   3.85102999566398       -4.14600453123495     
   3.90102999566398       -4.19601334079886     
   3.95102999566398       -4.24599307619702     
   4.00102999566398       -4.29598591383395     
   4.05102999566398       -4.34598981242551     
   4.10102999566398       -4.39596856741609     
   4.15102999566398       -4.44597012255278     
   4.20102999566398       -4.49597339061397     
   4.25102999566398       -4.54594342319946     
   4.30102999566398       -4.59594281819201     
   4.35102999566398       -4.64594951699660     
   4.40102999566398       -4.69596120468740     
   4.45102999566398       -4.74595260973839     
   4.50102999566398       -4.79595969895525     
   4.55102999566398       -4.84594887572453     
   4.60102999566398       -4.89594490366086     
   4.65102999566398       -4.94594733291159     
   4.70102999566398       -4.99595321483796     
   4.75102999566398       -5.04595200761773     
   4.80102999566398       -5.09594557617171     
 zone T = "ep =   1.995262314968880E-002 ",
   1.30102999566398       -1.63566218792740     
   1.35102999566398       -1.69196186571902     
   1.40102999566398       -1.72109680904819     
   1.45102999566398       -1.77906067229838     
   1.50102999566398       -1.82297685844122     
   1.55102999566398       -1.86307438925540     
   1.60102999566398       -1.90748851570147     
   1.65102999566398       -1.95708294416848     
   1.70102999566398       -2.00552241627699     
   1.75102999566398       -2.05989099241791     
   1.80102999566398       -2.10991964390228     
   1.85102999566398       -2.15618690100155     
   1.90102999566398       -2.20334401139866     
   1.95102999566398       -2.25391272145384     
   2.00102999566398       -2.30175731496643     
   2.05102999566398       -2.35539314921762     
   2.10102999566398       -2.40350976698853     
   2.15102999566398       -2.45361590010828     
   2.20102999566398       -2.50267152402086     
   2.25102999566398       -2.55295584223894     
   2.30102999566398       -2.60009288280123     
   2.35102999566398       -2.65107477572588     
   2.40102999566398       -2.70198011647811     
   2.45102999566398       -2.75189867364809     
   2.50102999566398       -2.80157982979267     
   2.55102999566398       -2.85060003320442     
   2.60102999566398       -2.90073452734632     
   2.65102999566398       -2.95108528652581     
   2.70102999566398       -3.00094564979750     
   2.75102999566398       -3.05060354391465     
   2.80102999566398       -3.10070179420245     
   2.85102999566398       -3.15003572775403     
   2.90102999566398       -3.20032216018555     
   2.95102999566398       -3.25035245750991     
   3.00102999566398       -3.30035234352555     
   3.05102999566398       -3.34991401387497     
   3.10102999566398       -3.40020780489890     
   3.15102999566398       -3.45001858337007     
   3.20102999566398       -3.50006150473490     
   3.25102999566398       -3.55009560033927     
   3.30102999566398       -3.59978200112765     
   3.35102999566398       -3.64993430264280     
   3.40102999566398       -3.69999491378707     
   3.45102999566398       -3.74978877837193     
   3.50102999566398       -3.79980464754455     
   3.55102999566398       -3.84990892748794     
   3.60102999566398       -3.89982620305794     
   3.65102999566398       -3.94989718851397     
   3.70102999566398       -3.99985438082258     
   3.75102999566398       -4.04986184144295     
   3.80102999566398       -4.09979966980775     
   3.85102999566398       -4.14982996922834     
   3.90102999566398       -4.19983863961864     
   3.95102999566398       -4.24981841429679     
   4.00102999566398       -4.29981122355535     
   4.05102999566398       -4.34981503677270     
   4.10102999566398       -4.39979385976962     
   4.15102999566398       -4.44979535635336     
   4.20102999566398       -4.49979856156147     
   4.25102999566398       -4.54976872837032     
   4.30102999566398       -4.59976809161177     
   4.35102999566398       -4.64977472045744     
   4.40102999566398       -4.69978631252441     
   4.45102999566398       -4.74977774331426     
   4.50102999566398       -4.79978477026075     
   4.55102999566398       -4.84977398957691     
   4.60102999566398       -4.89977002224076     
   4.65102999566398       -4.94977242116352     
   4.70102999566398       -4.99977825566750     
   4.75102999566398       -5.04977704358004     
   4.80102999566398       -5.09977063687332     
 zone T = "ep =   1.584893192461113E-002 ",
   1.30102999566398       -1.63924230486551     
   1.35102999566398       -1.69523559873139     
   1.40102999566398       -1.72446960168772     
   1.45102999566398       -1.78227971360178     
   1.50102999566398       -1.82615935420757     
   1.55102999566398       -1.86628498768281     
   1.60102999566398       -1.91070658224380     
   1.65102999566398       -1.96027083714977     
   1.70102999566398       -2.00868841495987     
   1.75102999566398       -2.06300692037889     
   1.80102999566398       -2.11302449437956     
   1.85102999566398       -2.15929479707740     
   1.90102999566398       -2.20645953152366     
   1.95102999566398       -2.25701501422630     
   2.00102999566398       -2.30486076243760     
   2.05102999566398       -2.35847031211123     
   2.10102999566398       -2.40659004496636     
   2.15102999566398       -2.45669055610533     
   2.20102999566398       -2.50574741948291     
   2.25102999566398       -2.55602610073485     
   2.30102999566398       -2.60317388209775     
   2.35102999566398       -2.65414797900071     
   2.40102999566398       -2.70504583228101     
   2.45102999566398       -2.75496262314552     
   2.50102999566398       -2.80464328284721     
   2.55102999566398       -2.85366651487681     
   2.60102999566398       -2.90379893029887     
   2.65102999566398       -2.95414653784223     
   2.70102999566398       -3.00400634949813     
   2.75102999566398       -3.05366487572645     
   2.80102999566398       -3.10376166486971     
   2.85102999566398       -3.15309799729474     
   2.90102999566398       -3.20338226879477     
   2.95102999566398       -3.25341178980229     
   3.00102999566398       -3.30341107954947     
   3.05102999566398       -3.35297434607446     
   3.10102999566398       -3.40326625563470     
   3.15102999566398       -3.45307753238016     
   3.20102999566398       -3.50311989443840     
   3.25102999566398       -3.55315349979433     
   3.30102999566398       -3.60284111515392     
   3.35102999566398       -3.65299243476891     
   3.40102999566398       -3.70305252753176     
   3.45102999566398       -3.75284717477922     
   3.50102999566398       -3.80286278897414     
   3.55102999566398       -3.85296640976287     
   3.60102999566398       -3.90288393828794     
   3.65102999566398       -3.95295445874405     
   3.70102999566398       -4.00291174311726     
   3.75102999566398       -4.05291906711455     
   3.80102999566398       -4.10285710305152     
   3.85102999566398       -4.15288717792883     
   3.90102999566398       -4.20289573632276     
   3.95102999566398       -4.25287554437743     
   4.00102999566398       -4.30286833160469     
   4.05102999566398       -4.35287207661418     
   4.10102999566398       -4.40285095593434     
   4.15102999566398       -4.45285240567062     
   4.20102999566398       -4.50285556011605     
   4.25102999566398       -4.55282583769912     
   4.30102999566398       -4.60282517624464     
   4.35102999566398       -4.65283174809402     
   4.40102999566398       -4.70284326327033     
   4.45102999566398       -4.75283471427630     
   4.50102999566398       -4.80284169036510     
   4.55102999566398       -4.85283094437434     
   4.60102999566398       -4.90282698439489     
   4.65102999566398       -4.95282935859981     
   4.70102999566398       -5.00283515452360     
   4.75102999566398       -5.05283393778118     
   4.80102999566398       -5.10282755596966     
 zone T = "ep =   1.258925411794167E-002 ",
   1.30102999566398       -1.64210059287603     
   1.35102999566398       -1.69784695820163     
   1.40102999566398       -1.72716179344986     
   1.45102999566398       -1.78484797600167     
   1.50102999566398       -1.82869852131920     
   1.55102999566398       -1.86884729260148     
   1.60102999566398       -1.91327524599685     
   1.65102999566398       -1.96281531918686     
   1.70102999566398       -2.01121539821557     
   1.75102999566398       -2.06549350355690     
   1.80102999566398       -2.11550224047358     
   1.85102999566398       -2.16177517657859     
   1.90102999566398       -2.20894621220902     
   1.95102999566398       -2.25949107162370     
   2.00102999566398       -2.30733786200042     
   2.05102999566398       -2.36092615858313     
   2.10102999566398       -2.40904849631494     
   2.15102999566398       -2.45914450662732     
   2.20102999566398       -2.50820242896643     
   2.25102999566398       -2.55847658383166     
   2.30102999566398       -2.60563313262936     
   2.35102999566398       -2.65660093662613     
   2.40102999566398       -2.70749274485291     
   2.45102999566398       -2.75740813088363     
   2.50102999566398       -2.80708841440999     
   2.55102999566398       -2.85611413021387     
   2.60102999566398       -2.90624487760432     
   2.65102999566398       -2.95658994409171     
   2.70102999566398       -3.00644932430600     
   2.75102999566398       -3.05610837851635     
   2.80102999566398       -3.10620399394776     
   2.85102999566398       -3.15554228660772     
   2.90102999566398       -3.20582481313047     
   2.95102999566398       -3.25585371251988     
   3.00102999566398       -3.30585252607476     
   3.05102999566398       -3.35541709651916     
   3.10102999566398       -3.40570748408030     
   3.15102999566398       -3.45551917136469     
   3.20102999566398       -3.50556108408396     
   3.25102999566398       -3.55559429570548     
   3.30102999566398       -3.60528290187350     
   3.35102999566398       -3.65543342735554     
   3.40102999566398       -3.70549310214323     
   3.45102999566398       -3.75528838808295     
   3.50102999566398       -3.80530379766417     
   3.55102999566398       -3.85540688517054     
   3.60102999566398       -3.90532462118824     
   3.65102999566398       -3.95539476565921     
   3.70102999566398       -4.00535212635719     
   3.75102999566398       -4.05535934067295     
   3.80102999566398       -4.10529754651804     
   3.85102999566398       -4.15532744010441     
   3.90102999566398       -4.20533590844378     
   3.95102999566398       -4.25531574454932     
   4.00102999566398       -4.30530851461126     
   4.05102999566398       -4.35531220460228     
   4.10102999566398       -4.40529113060676     
   4.15102999566398       -4.45529254271969     
   4.20102999566398       -4.50529565590084     
   4.25102999566398       -4.55526602403348     
   4.30102999566398       -4.60526534245418     
   4.35102999566398       -4.65527186895130     
   4.40102999566398       -4.70528332055449     
   4.45102999566398       -4.75527478910214     
   4.50102999566398       -4.80528172363118     
   4.55102999566398       -4.85527100801899     
   4.60102999566398       -4.90526705067184     
   4.65102999566398       -4.95526940574999     
   4.70102999566398       -5.00527517077773     
   4.75102999566398       -5.05527395020551     
   4.80102999566398       -5.10526758593360     
 zone T = "ep =   1.000000000000000E-002 ",
   1.30102999566398       -1.64438025926495     
   1.35102999566398       -1.69992820166269     
   1.40102999566398       -1.72930861730942     
   1.45102999566398       -1.78689520635502     
   1.50102999566398       -1.83072259731967     
   1.55102999566398       -1.87089026855257     
   1.60102999566398       -1.91532354563467     
   1.65102999566398       -1.96484427325573     
   1.70102999566398       -2.01323038329920     
   1.75102999566398       -2.06747599602551     
   1.80102999566398       -2.11747768896432     
   1.85102999566398       -2.16375285356550     
   1.90102999566398       -2.21092905106578     
   1.95102999566398       -2.26146539746614     
   2.00102999566398       -2.30931309540291     
   2.05102999566398       -2.36288427043078     
   2.10102999566398       -2.41100876059830     
   2.15102999566398       -2.46110117321622     
   2.20102999566398       -2.51015998422768     
   2.25102999566398       -2.56043051237849     
   2.30102999566398       -2.60759417605476     
   2.35102999566398       -2.65855691721429     
   2.40102999566398       -2.70944386125362     
   2.45102999566398       -2.75935813018212     
   2.50102999566398       -2.80903812647299     
   2.55102999566398       -2.85806586508280     
   2.60102999566398       -2.90819527670685     
   2.65102999566398       -2.95853830068124     
   2.70102999566398       -3.00839734246475     
   2.75102999566398       -3.05805683258766     
   2.80102999566398       -3.10815150732338     
   2.85102999566398       -3.15749139205184     
   2.90102999566398       -3.20777251425541     
   2.95102999566398       -3.25780091668754     
   3.00102999566398       -3.30779935035021     
   3.05102999566398       -3.35736497958115     
   3.10102999566398       -3.40765414058744     
   3.15102999566398       -3.45746616339539     
   3.20102999566398       -3.50750771597592     
   3.25102999566398       -3.55754061208649     
   3.30102999566398       -3.60723002189460     
   3.35102999566398       -3.65737990751773     
   3.40102999566398       -3.70743924638333     
   3.45102999566398       -3.75723505054022     
   3.50102999566398       -3.80725029627056     
   3.55102999566398       -3.85735295401572     
   3.60102999566398       -3.90727085898659     
   3.65102999566398       -3.95734070065312     
   3.70102999566398       -4.00729812405828     
   3.75102999566398       -4.05730525072819     
   3.80102999566398       -4.10724359472505     
   3.85102999566398       -4.15727334238517     
   3.90102999566398       -4.20728173856359     
   3.95102999566398       -4.25726159795005     
   4.00102999566398       -4.30725435460582     
   4.05102999566398       -4.35725800077026     
   4.10102999566398       -4.40723696459350     
   4.15102999566398       -4.45723834673718     
   4.20102999566398       -4.50724142728378     
   4.25102999566398       -4.55721186871251     
   4.30102999566398       -4.60721117098531     
   4.35102999566398       -4.65721766115488     
   4.40102999566398       -4.70722906246784     
   4.45102999566398       -4.75722054440496     
   4.50102999566398       -4.80722744675882     
   4.55102999566398       -4.85721675377709     
   4.60102999566398       -4.90721279944070     
   4.65102999566398       -4.95721514032079     
   4.70102999566398       -5.00722087826030     
   4.75102999566398       -5.05721965611927     
   4.80102999566398       -5.10721330499113     
 zone T = "ep =   7.943282347242814E-003 ",
   1.30102999566398       -1.64619694762501     
   1.35102999566398       -1.70158582026344     
   1.40102999566398       -1.73101920415456     
   1.45102999566398       -1.78852594715665     
   1.50102999566398       -1.83233491802344     
   1.55102999566398       -1.87251793411229     
   1.60102999566398       -1.91695561376744     
   1.65102999566398       -1.96646088681078     
   1.70102999566398       -2.01483585652955     
   1.75102999566398       -2.06905540305658     
   1.80102999566398       -2.11905148509242     
   1.85102999566398       -2.16532850690028     
   1.90102999566398       -2.21250890446605     
   1.95102999566398       -2.26303844104553     
   2.00102999566398       -2.31088691065256     
   2.05102999566398       -2.36444433265397     
   2.10102999566398       -2.41257058562706     
   2.15102999566398       -2.46266012605530     
   2.20102999566398       -2.51171967322312     
   2.25102999566398       -2.56198730058220     
   2.30102999566398       -2.60915671185096     
   2.35102999566398       -2.66011539047616     
   2.40102999566398       -2.71099843090706     
   2.45102999566398       -2.76091181169683     
   2.50102999566398       -2.81059158718292     
   2.55102999566398       -2.85962096434856     
   2.60102999566398       -2.90974930802883     
   2.65102999566398       -2.96009069419840     
   2.70102999566398       -3.00994946986396     
   2.75102999566398       -3.05960931676768     
   2.80102999566398       -3.10970323892146     
   2.85102999566398       -3.15904441057672     
   2.90102999566398       -3.20932440565317     
   2.95102999566398       -3.25935241128885     
   3.00102999566398       -3.30935054212511     
   3.05102999566398       -3.35891702705472     
   3.10102999566398       -3.40920520255274     
   3.15102999566398       -3.45901749788594     
   3.20102999566398       -3.50905876229999     
   3.25102999566398       -3.55909140602495     
   3.30102999566398       -3.60878146480484     
   3.35102999566398       -3.65893083633945     
   3.40102999566398       -3.70898990583886     
   3.45102999566398       -3.75878612856209     
   3.50102999566398       -3.80880124326894     
   3.55102999566398       -3.85890355568710     
   3.60102999566398       -3.90882159765059     
   3.65102999566398       -3.95889119589948     
   3.70102999566398       -4.00884867049818     
   3.75102999566398       -4.05885572698341     
   3.80102999566398       -4.10879418278916     
   3.85102999566398       -4.15882381330726     
   3.90102999566398       -4.20883215162448     
   3.95102999566398       -4.25881203009806     
   4.00102999566398       -4.30880477638187     
   4.05102999566398       -4.35880838718052     
   4.10102999566398       -4.40878738170841     
   4.15102999566398       -4.45878873993250     
   4.20102999566398       -4.50879179439397     
   4.25102999566398       -4.55876229493202     
   4.30102999566398       -4.60876158439513     
   4.35102999566398       -4.65876804503461     
   4.40102999566398       -4.70877940564552     
   4.45102999566398       -4.75877089911633     
   4.50102999566398       -4.80877777424966     
   4.55102999566398       -4.85876710037252     
   4.60102999566398       -4.90876314968023     
   4.65102999566398       -4.95876547633588     
   4.70102999566398       -5.00877119588170     
   4.75102999566398       -5.05876997021612     
   4.80102999566398       -5.10876363110392     
 zone T = "ep =   6.309573444801929E-003 ",
   1.30102999566398       -1.64764373312633     
   1.35102999566398       -1.70290532388486     
   1.40102999566398       -1.73238133945735     
   1.45102999566398       -1.78982418962978     
   1.50102999566398       -1.83361851089832     
   1.55102999566398       -1.87381392710655     
   1.60102999566398       -1.91825521442123     
   1.65102999566398       -1.96774815542836     
   1.70102999566398       -2.01611424772673     
   1.75102999566398       -2.07031292586216     
   1.80102999566398       -2.12030454098137     
   1.85102999566398       -2.16658309334996     
   1.90102999566398       -2.21376689065521     
   1.95102999566398       -2.26429098760536     
   2.00102999566398       -2.31214010243984     
   2.05102999566398       -2.36568650269405     
   2.10102999566398       -2.41381418965180     
   2.15102999566398       -2.46390143940661     
   2.20102999566398       -2.51296159056141     
   2.25102999566398       -2.56322690100040     
   2.30102999566398       -2.61040093884589     
   2.35102999566398       -2.66135636439421     
   2.40102999566398       -2.71223627870944     
   2.45102999566398       -2.76214895351159     
   2.50102999566398       -2.81182855828085     
   2.55102999566398       -2.86085925721658     
   2.60102999566398       -2.91098674819919     
   2.65102999566398       -2.96132682362458     
   2.70102999566398       -3.01118538963006     
   2.75102999566398       -3.06084552662900     
   2.80102999566398       -3.11093884757576     
   2.85102999566398       -3.16028105566580     
   2.90102999566398       -3.21056014803023     
   2.95102999566398       -3.26058783718316     
   3.00102999566398       -3.31058572680944     
   3.05102999566398       -3.36015290079437     
   3.10102999566398       -3.41044028633337     
   3.15102999566398       -3.46025280196840     
   3.20102999566398       -3.51029383618375     
   3.25102999566398       -3.56032627832910     
   3.30102999566398       -3.61001685935958     
   3.35102999566398       -3.66016581889292     
   3.40102999566398       -3.71022467283841     
   3.45102999566398       -3.76002123248316     
   3.50102999566398       -3.81003624256930     
   3.55102999566398       -3.86013827818749     
   3.60102999566398       -3.91005643065636     
   3.65102999566398       -3.96012583397347     
   3.70102999566398       -4.01008335007911     
   3.75102999566398       -4.06009035063044     
   3.80102999566398       -4.11002889652798     
   3.85102999566398       -4.16005843333056     
   3.90102999566398       -4.21006672554645     
   3.95102999566398       -4.26004661952228     
   4.00102999566398       -4.31003935773278     
   4.05102999566398       -4.36004294075257     
   4.10102999566398       -4.41002196008298     
   4.15102999566398       -4.46002329916052     
   4.20102999566398       -4.51002633284151     
   4.25102999566398       -4.55999688122223     
   4.30102999566398       -4.60999616109784     
   4.35102999566398       -4.66000259742095     
   4.40102999566398       -4.71001392612281     
   4.45102999566398       -4.76000542911506     
   4.50102999566398       -4.81001228286411     
   4.55102999566398       -4.86000162389714     
   4.60102999566398       -4.90999767534005     
   4.65102999566398       -4.95999999376190     
   4.70102999566398       -5.01000569583089     
   4.75102999566398       -5.06000446984878     
   4.80102999566398       -5.10999813898437     
 zone T = "ep =   5.011872336272725E-003 ",
   1.30102999566398       -1.64879532751406     
   1.35102999566398       -1.70395522436889     
   1.40102999566398       -1.73346545772176     
   1.45102999566398       -1.79085725794681     
   1.50102999566398       -1.83463993108741     
   1.55102999566398       -1.87484533123904     
   1.60102999566398       -1.91928955444131     
   1.65102999566398       -1.96877266410694     
   1.70102999566398       -2.01713168675496     
   1.75102999566398       -2.07131368475944     
   1.80102999566398       -2.12130174529369     
   1.85102999566398       -2.16758154854497     
   1.90102999566398       -2.21476808668844     
   1.95102999566398       -2.26528784345402     
   2.00102999566398       -2.31313749128839     
   2.05102999566398       -2.36667507480808     
   2.10102999566398       -2.41480392223696     
   2.15102999566398       -2.46488934658012     
   2.20102999566398       -2.51394998970947     
   2.25102999566398       -2.56421345164890     
   2.30102999566398       -2.61139120332165     
   2.35102999566398       -2.66234402827480     
   2.40102999566398       -2.71322144330344     
   2.45102999566398       -2.76313355698706     
   2.50102999566398       -2.81281302911061     
   2.55102999566398       -2.86184479080421     
   2.60102999566398       -2.91197160166546     
   2.65102999566398       -2.96231062970540     
   2.70102999566398       -3.01216903025839     
   2.75102999566398       -3.06182940193638     
   2.80102999566398       -3.11192224315722     
   2.85102999566398       -3.16126528352980     
   2.90102999566398       -3.21154365413749     
   2.95102999566398       -3.26157109106664     
   3.00102999566398       -3.31156878866578     
   3.05102999566398       -3.36113651592575     
   3.10102999566398       -3.41142326943795     
   3.15102999566398       -3.46123596247877     
   3.20102999566398       -3.51127681301508     
   3.25102999566398       -3.56130909430793     
   3.30102999566398       -3.61100009447208     
   3.35102999566398       -3.66114872441421     
   3.40102999566398       -3.71120740610175     
   3.45102999566398       -3.76100423616546     
   3.50102999566398       -3.81101916285706     
   3.55102999566398       -3.86112097698481     
   3.60102999566398       -3.91103921834865     
   3.65102999566398       -3.96110846571231     
   3.70102999566398       -4.01106601531883     
   3.75102999566398       -4.06107297125144     
   3.80102999566398       -4.11101158954763     
   3.85102999566398       -4.16104105153532     
   3.90102999566398       -4.21104930688212     
   3.95102999566398       -4.26102921356420     
   4.00102999566398       -4.31102194543347     
   4.05102999566398       -4.36102550578119     
   4.10102999566398       -4.41100454529974     
   4.15102999566398       -4.46100586942444     
   4.20102999566398       -4.51100888643065     
   4.25102999566398       -4.56097947312686     
   4.30102999566398       -4.61097874432190     
   4.35102999566398       -4.66098516258756     
   4.40102999566398       -4.71099646510704     
   4.45102999566398       -4.76098797604177     
   4.50102999566398       -4.81099481273469     
   4.55102999566398       -4.86098416709009     
   4.60102999566398       -4.91098021987477     
   4.65102999566398       -4.96098252898522     
   4.70102999566398       -5.01098821927755     
   4.75102999566398       -5.06098699239334     
   4.80102999566398       -5.11098066983410     
 zone T = "ep =   3.981071705534973E-003 ",
   1.30102999566398       -1.64971157447504     
   1.35102999566398       -1.70479031819665     
   1.40102999566398       -1.73432795645246     
   1.45102999566398       -1.79167901706271     
   1.50102999566398       -1.83545243039289     
   1.55102999566398       -1.87566584617751     
   1.60102999566398       -1.92011244597585     
   1.65102999566398       -1.96958772367668     
   1.70102999566398       -2.01794111921275     
   1.75102999566398       -2.07210980185392     
   1.80102999566398       -2.12209503481736     
   1.85102999566398       -2.16837585393947     
   1.90102999566398       -2.21556459478440     
   1.95102999566398       -2.26608089174121     
   2.00102999566398       -2.31393097593225     
   2.05102999566398       -2.36746151682435     
   2.10102999566398       -2.41559129962572     
   2.15102999566398       -2.46567527026500     
   2.20102999566398       -2.51473631192326     
   2.25102999566398       -2.56499830039998     
   2.30102999566398       -2.61217902668321     
   2.35102999566398       -2.66312977538413     
   2.40102999566398       -2.71400519492367     
   2.45102999566398       -2.76391686267769     
   2.50102999566398       -2.81359623131057     
   2.55102999566398       -2.86262884532164     
   2.60102999566398       -2.91275511416076     
   2.65102999566398       -2.96309330627804     
   2.70102999566398       -3.01295157609671     
   2.75102999566398       -3.06261213687661     
   2.80102999566398       -3.11270459564877     
   2.85102999566398       -3.16204830283814     
   2.90102999566398       -3.21232609713977     
   2.95102999566398       -3.26235333318735     
   3.00102999566398       -3.31235087797533     
   3.05102999566398       -3.36191904846315     
   3.10102999566398       -3.41220529705169     
   3.15102999566398       -3.46201813255326     
   3.20102999566398       -3.51205883663426     
   3.25102999566398       -3.56209098970585     
   3.30102999566398       -3.61178232547380     
   3.35102999566398       -3.66193069212532     
   3.40102999566398       -3.71198923632497     
   3.45102999566398       -3.76178628295771     
   3.50102999566398       -3.81180114311622     
   3.55102999566398       -3.86190278032676     
   3.60102999566398       -3.91182109292927     
   3.65102999566398       -3.96189021567513     
   3.70102999566398       -4.01184779222886     
   3.75102999566398       -4.06185471252946     
   3.80102999566398       -4.11179338890935     
   3.85102999566398       -4.16182279094950     
   3.90102999566398       -4.21183101690168     
   3.95102999566398       -4.26181093360496     
   4.00102999566398       -4.31180366036397     
   4.05102999566398       -4.36180720301536     
   4.10102999566398       -4.41178625864022     
